#Npara Msize optCut diagCut sDiagMax  sDiagMin    absRmax       imax
   97    96     0     1  3.77798e+00  0.00000e+00  2.64897e-01    35, 94
   97    96     0     1  3.03967e+00  0.00000e+00  2.19906e-01    37, 96
   97    96     0     1  2.34765e+00  0.00000e+00 -1.79763e-01     1, 96
   97    96     0     1  2.02412e+00  0.00000e+00 -1.23019e-01     1, 96
   97    96     0     1  1.76505e+00  0.00000e+00 -7.98869e-02     2, 96
   97    96     0     1  1.55645e+00  0.00000e+00 -5.12907e-02     0, 96
   97    96     0     1  1.40212e+00  0.00000e+00 -4.24395e-02     5, 96
   97    96     0     1  1.29552e+00  0.00000e+00 -3.83196e-02     9, 96
   97    96     0     1  1.20243e+00  0.00000e+00 -3.34739e-02     9, 96
   97    96     0     1  1.14391e+00  0.00000e+00 -3.15887e-02    11, 96
   97    96     0     1  1.09940e+00  0.00000e+00 -2.88111e-02    11, 96
   97    96     0     1  1.07178e+00  0.00000e+00 -2.77945e-02    11, 96
   97    96     0     1  1.03076e+00  0.00000e+00 -2.56222e-02    11, 96
   97    96     0     1  1.01369e+00  0.00000e+00 -2.55802e-02    11, 96
   97    96     0     1  1.00211e+00  0.00000e+00 -2.29616e-02    11, 96
   97    96     0     1  9.77242e-01  0.00000e+00 -1.97156e-02    13, 96
   97    96     0     1  9.67959e-01  0.00000e+00 -1.99005e-02    13, 96
   97    96     0     1  9.56336e-01  0.00000e+00 -1.85863e-02    30, 96
   97    96     0     1  9.49069e-01  0.00000e+00 -1.84812e-02    30, 96
   97    96     0     1  9.38192e-01  0.00000e+00 -1.84579e-02    13, 96
   97    96     0     1  9.34572e-01  0.00000e+00 -1.81750e-02    30, 96
   97    96     0     1  9.33303e-01  0.00000e+00 -1.78249e-02    30, 96
   97    96     0     1  9.31284e-01  0.00000e+00 -1.72764e-02    30, 96
   97    96     0     1  9.29598e-01  0.00000e+00 -1.72709e-02    30, 96
   97    96     0     1  9.28738e-01  0.00000e+00 -1.79240e-02    30, 96
   97    96     0     1  9.23769e-01  0.00000e+00 -1.64053e-02    30, 96
   97    96     0     1  9.25301e-01  0.00000e+00 -1.70849e-02    30, 96
   97    96     0     1  9.24353e-01  0.00000e+00 -1.60913e-02    30, 96
   97    96     0     1  9.26716e-01  0.00000e+00 -1.63136e-02    30, 96
   97    96     0     1  9.21642e-01  0.00000e+00 -1.55758e-02    30, 96
   97    96     0     1  9.19705e-01  0.00000e+00 -1.55764e-02    30, 96
   97    96     0     1  9.19059e-01  0.00000e+00 -1.52170e-02    30, 96
   97    96     0     1  9.20113e-01  0.00000e+00 -1.52765e-02    30, 96
   97    96     0     1  9.21529e-01  0.00000e+00 -1.51912e-02    30, 96
   97    96     0     1  9.15095e-01  0.00000e+00 -1.50376e-02    30, 96
   97    96     0     1  9.19517e-01  0.00000e+00 -1.49975e-02    44, 96
   97    96     0     1  9.21005e-01  0.00000e+00 -1.60038e-02    13, 96
   97    96     0     1  9.22279e-01  0.00000e+00 -1.76946e-02    44, 96
   97    96     0     1  9.19385e-01  0.00000e+00 -1.71470e-02    44, 96
   97    96     0     1  9.18805e-01  0.00000e+00 -2.10823e-02    13, 96
   97    96     0     1  9.31690e-01  0.00000e+00 -2.85967e-02    13, 96
   97    96     0     1  9.31813e-01  0.00000e+00 -2.45242e-02    13, 96
   97    96     0     1  9.36361e-01  0.00000e+00 -2.00273e-02    13, 96
   97    96     0     1  9.41517e-01  0.00000e+00 -1.62345e-02    13, 96
   97    96     0     1  9.42702e-01  0.00000e+00 -1.36579e-02    13, 96
   97    96     0     1  9.48739e-01  0.00000e+00 -1.17029e-02    13, 96
   97    96     0     1  9.51907e-01  0.00000e+00 -1.06346e-02    46, 96
   97    96     0     1  9.47242e-01  0.00000e+00  9.65524e-03    63, 96
   97    96     0     1  9.47738e-01  0.00000e+00  9.81087e-03    63, 96
   97    96     0     1  9.49192e-01  0.00000e+00  1.15904e-02    63, 96
   97    96     0     1  9.52881e-01  0.00000e+00  1.39874e-02    63, 96
   97    96     0     1  9.57145e-01  0.00000e+00  1.71456e-02    63, 96
   97    96     0     1  9.58941e-01  0.00000e+00  2.09741e-02    63, 96
   97    96     0     1  9.57600e-01  0.00000e+00  1.69727e-02    59, 96
   97    96     0     1  9.58049e-01  0.00000e+00 -1.22456e-02    19, 96
   97    96     0     1  9.58374e-01  0.00000e+00 -1.06476e-02    19, 96
   97    96     0     1  9.59596e-01  0.00000e+00 -8.52099e-03    19, 96
   97    96     0     1  9.58182e-01  0.00000e+00 -7.52140e-03    19, 96
   97    96     0     1  9.59442e-01  0.00000e+00 -6.46234e-03    19, 96
   97    96     0     1  9.69029e-01  0.00000e+00 -6.00594e-03    19, 96
   97    96     0     1  9.68476e-01  0.00000e+00 -4.94803e-03    19, 96
   97    96     0     1  9.62567e-01  0.00000e+00 -4.11709e-03    19, 96
   97    96     0     1  9.73258e-01  0.00000e+00 -4.34189e-03    19, 96
   97    96     0     1  9.67511e-01  0.00000e+00 -3.93327e-03    28, 96
   97    96     0     1  9.75434e-01  0.00000e+00 -3.50366e-03    19, 96
   97    96     0     1  9.74616e-01  0.00000e+00  3.03767e-03    18, 96
   97    96     0     1  9.69674e-01  0.00000e+00  2.54702e-03    18, 96
   97    96     0     1  9.70770e-01  0.00000e+00 -2.43639e-03    19, 96
   97    96     0     1  9.70883e-01  0.00000e+00  2.21623e-03    18, 96
   97    96     0     1  9.69941e-01  0.00000e+00  2.11877e-03    18, 96
   97    96     0     1  9.71454e-01  0.00000e+00  2.20533e-03    18, 96
   97    96     0     1  9.74407e-01  0.00000e+00  1.87972e-03    18, 96
   97    96     0     1  9.75089e-01  0.00000e+00 -1.70163e-03    19, 96
   97    96     0     1  9.79115e-01  0.00000e+00  1.78969e-03    18, 96
   97    96     0     1  9.76148e-01  0.00000e+00  1.59200e-03    18, 96
   97    96     0     1  9.78818e-01  0.00000e+00 -1.51364e-03    44, 96
   97    96     0     1  9.71855e-01  0.00000e+00 -1.52270e-03    19, 96
   97    96     0     1  9.74517e-01  0.00000e+00  1.37521e-03    18, 90
   97    96     0     1  9.74880e-01  0.00000e+00 -1.27198e-03    19, 96
   97    96     0     1  9.74555e-01  0.00000e+00 -1.34398e-03    42, 96
   97    96     0     1  9.71597e-01  0.00000e+00 -1.40081e-03    27, 96
   97    96     0     1  9.75521e-01  0.00000e+00  1.20013e-03    18, 84
   97    96     0     1  9.71630e-01  0.00000e+00 -1.17381e-03    40, 96
   97    96     0     1  9.83505e-01  0.00000e+00 -1.34643e-03    27, 96
   97    96     0     1  9.68357e-01  0.00000e+00 -1.20630e-03    27, 96
   97    96     0     1  9.80197e-01  0.00000e+00 -1.54642e-03    27, 96
   97    96     0     1  9.76272e-01  0.00000e+00 -1.13957e-03    42, 86
   97    96     0     1  9.78123e-01  0.00000e+00 -1.23188e-03    27, 96
   97    96     0     1  9.76941e-01  0.00000e+00 -1.45188e-03    27, 91
   97    96     0     1  9.75156e-01  0.00000e+00 -1.25765e-03    30, 96
   97    96     0     1  9.79613e-01  0.00000e+00 -1.34273e-03    27, 89
   97    96     0     1  9.73044e-01  0.00000e+00 -1.30225e-03    27, 96
   97    96     0     1  9.69878e-01  0.00000e+00 -1.23020e-03    27, 96
   97    96     0     1  9.70245e-01  0.00000e+00 -1.69474e-03    27, 96
   97    96     0     1  9.74054e-01  0.00000e+00 -1.25631e-03    27, 87
   97    96     0     1  9.71753e-01  0.00000e+00 -1.04624e-03    24, 96
   97    96     0     1  9.75201e-01  0.00000e+00 -1.33603e-03    27, 96
   97    96     0     1  9.72427e-01  0.00000e+00 -1.69481e-03    27, 96
   97    96     0     1  9.73671e-01  0.00000e+00 -1.32556e-03    24, 89
   97    96     0     1  9.69898e-01  0.00000e+00 -1.03316e-03    24, 90
   97    96     0     1  9.69426e-01  0.00000e+00 -1.35523e-03    27, 96
   97    96     0     1  9.69136e-01  0.00000e+00 -1.31025e-03    27, 90
   97    96     0     1  9.71205e-01  0.00000e+00 -1.19012e-03    24, 96
   97    96     0     1  9.69734e-01  0.00000e+00 -1.26872e-03    27, 96
   97    96     0     1  9.73477e-01  0.00000e+00 -1.25594e-03    24, 90
   97    96     0     1  9.70187e-01  0.00000e+00 -1.20542e-03    27, 94
   97    96     0     1  9.67928e-01  0.00000e+00 -1.19654e-03    27, 87
   97    96     0     1  9.78482e-01  0.00000e+00 -1.22094e-03    24, 96
   97    96     0     1  9.66410e-01  0.00000e+00 -1.28965e-03    24, 92
   97    96     0     1  9.70885e-01  0.00000e+00 -1.12851e-03    24, 88
   97    96     0     1  9.71335e-01  0.00000e+00 -1.29472e-03    24, 96
   97    96     0     1  9.74029e-01  0.00000e+00 -1.19527e-03    27, 91
   97    96     0     1  9.73182e-01  0.00000e+00 -1.13760e-03    24, 86
   97    96     0     1  9.64347e-01  0.00000e+00 -9.61625e-04    24, 91
   97    96     0     1  9.70747e-01  0.00000e+00 -1.21406e-03    30, 81
   97    96     0     1  9.69107e-01  0.00000e+00 -1.63815e-03    27, 90
   97    96     0     1  9.69371e-01  0.00000e+00 -1.25907e-03    24, 84
   97    96     0     1  9.66744e-01  0.00000e+00 -8.78662e-04    24, 89
   97    96     0     1  9.71137e-01  0.00000e+00 -1.58559e-03    24, 96
   97    96     0     1  9.69931e-01  0.00000e+00 -1.28059e-03    24, 92
   97    96     0     1  9.66945e-01  0.00000e+00 -1.08380e-03    14, 87
   97    96     0     1  9.69449e-01  0.00000e+00 -1.05487e-03    24, 96
   97    96     0     1  9.74892e-01  0.00000e+00 -8.05857e-04    24, 70
   97    96     0     1  9.71322e-01  0.00000e+00 -1.39309e-03    24, 96
   97    96     0     1  9.74151e-01  0.00000e+00 -1.35576e-03    27, 83
   97    96     0     1  9.61627e-01  0.00000e+00 -1.06944e-03    24, 96
   97    96     0     1  9.66649e-01  0.00000e+00 -9.33440e-04    27, 85
   97    96     0     1  9.69115e-01  0.00000e+00 -1.06589e-03    24, 88
   97    96     0     1  9.68342e-01  0.00000e+00 -1.10021e-03    14, 83
   97    96     0     1  9.65571e-01  0.00000e+00 -1.09289e-03    24, 82
   97    96     0     1  9.68876e-01  0.00000e+00 -1.58354e-03    27, 96
   97    96     0     1  9.69346e-01  0.00000e+00 -1.01253e-03    24, 84
   97    96     0     1  9.74813e-01  0.00000e+00 -1.17329e-03    24, 87
   97    96     0     1  9.63825e-01  0.00000e+00 -7.79584e-04    24, 82
   97    96     0     1  9.64636e-01  0.00000e+00 -1.04136e-03    24, 92
   97    96     0     1  9.68139e-01  0.00000e+00 -1.33011e-03    24, 96
   97    96     0     1  9.68789e-01  0.00000e+00 -9.98061e-04    24, 82
   97    96     0     1  9.75108e-01  0.00000e+00 -7.59013e-04    24, 85
   97    96     0     1  9.58937e-01  0.00000e+00 -9.38136e-04    24, 82
   97    96     0     1  9.71182e-01  0.00000e+00 -1.22978e-03    24, 96
   97    96     0     1  9.70942e-01  0.00000e+00 -1.30625e-03    29, 96
   97    96     0     1  9.73809e-01  0.00000e+00 -8.02551e-04    27, 82
   97    96     0     1  9.61897e-01  0.00000e+00 -1.08075e-03    14, 96
   97    96     0     1  9.68853e-01  0.00000e+00  1.52085e-03    28, 96
   97    96     0     1  9.64773e-01  0.00000e+00 -1.12425e-03    24, 96
   97    96     0     1  9.61362e-01  0.00000e+00 -1.08856e-03    24, 96
   97    96     0     1  9.64977e-01  0.00000e+00 -1.07013e-03    24, 88
   97    96     0     1  9.63035e-01  0.00000e+00 -8.60753e-04    24, 84
   97    96     0     1  9.62660e-01  0.00000e+00 -8.57180e-04    24, 83
   97    96     0     1  9.58260e-01  0.00000e+00 -8.76573e-04    29, 82
   97    96     0     1  9.60442e-01  0.00000e+00 -6.66358e-04    24, 69
   97    96     0     1  9.67021e-01  0.00000e+00 -1.23293e-03    27, 96
   97    96     0     1  9.67919e-01  0.00000e+00 -9.50165e-04    24, 96
   97    96     0     1  9.60155e-01  0.00000e+00 -1.28985e-03    60, 96
   97    96     0     1  9.55193e-01  0.00000e+00  1.09409e-03    25, 82
   97    96     0     1  9.61900e-01  0.00000e+00 -7.56777e-04    27, 82
   97    96     0     1  9.59963e-01  0.00000e+00 -8.97449e-04    24, 79
   97    96     0     1  9.65999e-01  0.00000e+00 -1.23840e-03    26, 96
   97    96     0     1  9.58724e-01  0.00000e+00 -9.48557e-04    24, 96
   97    96     0     1  9.61703e-01  0.00000e+00 -9.15346e-04    24, 90
   97    96     0     1  9.60484e-01  0.00000e+00 -8.20877e-04    24, 82
   97    96     0     1  9.61538e-01  0.00000e+00 -9.67304e-04    24, 96
   97    96     0     1  9.51889e-01  0.00000e+00  6.71175e-04    13, 74
   97    96     0     1  9.53481e-01  0.00000e+00 -9.89413e-04    24, 94
   97    96     0     1  9.57419e-01  0.00000e+00 -7.74758e-04    60, 84
   97    96     0     1  9.59326e-01  0.00000e+00 -1.39020e-03    29, 96
   97    96     0     1  9.61587e-01  0.00000e+00 -1.51519e-03    26, 96
   97    96     0     1  9.48524e-01  0.00000e+00 -7.55126e-04    14, 69
   97    96     0     1  9.50744e-01  0.00000e+00 -7.56142e-04    24, 78
   97    96     0     1  9.57167e-01  0.00000e+00 -9.79440e-04    24, 94
   97    96     0     1  9.64160e-01  0.00000e+00  8.42347e-04    25, 82
   97    96     0     1  9.58560e-01  0.00000e+00 -1.10263e-03    24, 96
   97    96     0     1  9.55913e-01  0.00000e+00 -1.05672e-03    26, 83
   97    96     0     1  9.60552e-01  0.00000e+00  9.51436e-04    25, 96
   97    96     0     1  9.47444e-01  0.00000e+00 -9.41490e-04    24, 83
   97    96     0     1  9.52139e-01  0.00000e+00 -1.51480e-03    26, 96
   97    96     0     1  9.53395e-01  0.00000e+00 -8.17103e-04    24, 71
   97    96     0     1  9.54505e-01  0.00000e+00 -5.94032e-04    54, 71
   97    96     0     1  9.47192e-01  0.00000e+00  6.83301e-04    13, 73
   97    96     0     1  9.51059e-01  0.00000e+00 -1.04189e-03    29, 96
   97    96     0     1  9.53265e-01  0.00000e+00 -1.52604e-03    26, 96
   97    96     0     1  9.55289e-01  0.00000e+00  9.06434e-04    25, 81
   97    96     0     1  9.59276e-01  0.00000e+00 -5.86701e-04    54, 58
   97    96     0     1  9.54378e-01  0.00000e+00 -6.50602e-04    12, 70
   97    96     0     1  9.54237e-01  0.00000e+00 -1.59162e-03    29, 96
   97    96     0     1  9.49731e-01  0.00000e+00  6.82653e-04    25, 83
   97    96     0     1  9.51905e-01  0.00000e+00 -6.52266e-04    21, 73
   97    96     0     1  9.44968e-01  0.00000e+00 -6.70715e-04    12, 69
   97    96     0     1  9.53184e-01  0.00000e+00  5.93141e-04    13, 69
   97    96     0     1  9.56712e-01  0.00000e+00 -1.16471e-03    62, 96
   97    96     0     1  9.48500e-01  0.00000e+00 -6.10568e-04    54, 73
   97    96     0     1  9.50705e-01  0.00000e+00 -1.11641e-03    26, 95
   97    96     0     1  9.53232e-01  0.00000e+00 -8.22919e-04    24, 82
   97    96     0     1  9.50074e-01  0.00000e+00 -8.51414e-04    26, 81
   97    96     0     1  9.55799e-01  0.00000e+00  5.69624e-04    93, 68
   97    96     0     1  9.49232e-01  0.00000e+00  6.57217e-04    13, 69
   97    96     0     1  9.52638e-01  0.00000e+00  5.78570e-04    13, 69
   97    96     0     1  9.52659e-01  0.00000e+00 -6.87719e-04    12, 68
   97    96     0     1  9.45844e-01  0.00000e+00 -6.49094e-04    14, 73
   97    96     0     1  9.46530e-01  0.00000e+00 -7.21463e-04    26, 81
   97    96     0     1  9.44926e-01  0.00000e+00 -6.73872e-04    29, 81
   97    96     0     1  9.49256e-01  0.00000e+00 -7.89164e-04    26, 81
   97    96     0     1  9.51499e-01  0.00000e+00 -8.61907e-04    62, 81
   97    96     0     1  9.51444e-01  0.00000e+00 -8.31222e-04    21, 81
   97    96     0     1  9.49906e-01  0.00000e+00 -5.82223e-04    12, 73
   97    96     0     1  9.42489e-01  0.00000e+00 -7.35617e-04    24, 72
   97    96     0     1  9.53630e-01  0.00000e+00 -1.16939e-03    60, 96
   97    96     0     1  9.45495e-01  0.00000e+00  8.41134e-04    25, 82
   97    96     0     1  9.45792e-01  0.00000e+00 -5.31641e-04    21, 66
   97    96     0     1  9.42944e-01  0.00000e+00 -6.02561e-04    54, 68
   97    96     0     1  9.49557e-01  0.00000e+00  5.37285e-04    13, 67
   97    96     0     1  9.36800e-01  0.00000e+00 -5.91825e-04    62, 73
   97    96     0     1  9.43781e-01  0.00000e+00  5.30263e-04    13, 69
   97    96     0     1  9.49746e-01  0.00000e+00  6.80018e-04    95, 69
   97    96     0     1  9.39370e-01  0.00000e+00 -5.98823e-04    12, 68
   97    96     0     1  9.43592e-01  0.00000e+00 -6.34263e-04    12, 69
   97    96     0     1  9.38231e-01  0.00000e+00  5.25358e-04    13, 74
   97    96     0     1  9.43396e-01  0.00000e+00 -6.10082e-04    21, 73
   97    96     0     1  9.46112e-01  0.00000e+00 -1.27689e-03    26, 96
   97    96     0     1  9.44368e-01  0.00000e+00 -5.34293e-04    10, 73
   97    96     0     1  9.38463e-01  0.00000e+00  5.59019e-04    13, 66
   97    96     0     1  9.43821e-01  0.00000e+00 -5.08913e-04    21, 68
   97    96     0     1  9.50424e-01  0.00000e+00 -1.02676e-03    60, 96
   97    96     0     1  9.40545e-01  0.00000e+00 -5.42742e-04    12, 66
   97    96     0     1  9.40337e-01  0.00000e+00 -5.86420e-04    12, 67
   97    96     0     1  9.45712e-01  0.00000e+00 -5.89257e-04    21, 69
   97    96     0     1  9.40285e-01  0.00000e+00 -6.64594e-04    12, 68
   97    96     0     1  9.42787e-01  0.00000e+00 -9.80974e-04    26, 83
   97    96     0     1  9.36847e-01  0.00000e+00 -5.83487e-04    54, 70
   97    96     0     1  9.35733e-01  0.00000e+00 -4.69963e-04    21, 63
   97    96     0     1  9.35201e-01  0.00000e+00  7.91612e-04    25, 81
   97    96     0     1  9.41942e-01  0.00000e+00 -6.46198e-04    21, 70
   97    96     0     1  9.36051e-01  0.00000e+00 -5.36963e-04    62, 65
   97    96     0     1  9.46548e-01  0.00000e+00 -5.46859e-04    12, 61
   97    96     0     1  9.30581e-01  0.00000e+00 -5.14974e-04    21, 69
   97    96     0     1  9.32775e-01  0.00000e+00 -5.63843e-04    12, 67
   97    96     0     1  9.43662e-01  0.00000e+00 -6.33195e-04    26, 69
   97    96     0     1  9.34485e-01  0.00000e+00 -6.05124e-04    21, 64
   97    96     0     1  9.38314e-01  0.00000e+00 -4.73493e-04    54, 66
   97    96     0     1  9.38478e-01  0.00000e+00 -5.70569e-04    21, 69
   97    96     0     1  9.42260e-01  0.00000e+00 -1.19297e-03    26, 96
   97    96     0     1  9.36588e-01  0.00000e+00 -5.45309e-04    62, 67
   97    96     0     1  9.36794e-01  0.00000e+00  5.29783e-04    13, 62
   97    96     0     1  9.42744e-01  0.00000e+00 -5.33881e-04    21, 63
   97    96     0     1  9.37681e-01  0.00000e+00 -4.99202e-04    12, 68
   97    96     0     1  9.33032e-01  0.00000e+00 -5.11154e-04    54, 62
   97    96     0     1  9.34397e-01  0.00000e+00 -5.08693e-04    54, 67
   97    96     0     1  9.39455e-01  0.00000e+00 -5.48560e-04    12, 59
   97    96     0     1  9.30109e-01  0.00000e+00 -1.31133e-03    62, 92
   97    96     0     1  9.40503e-01  0.00000e+00 -5.51108e-04    21, 65
   97    96     0     1  9.32715e-01  0.00000e+00 -7.91113e-04    26, 73
   97    96     0     1  9.29852e-01  0.00000e+00 -5.48813e-04    12, 67
   97    96     0     1  9.34672e-01  0.00000e+00 -5.48181e-04    62, 66
   97    96     0     1  9.40479e-01  0.00000e+00 -5.36456e-04    64, 66
   97    96     0     1  9.45663e-01  0.00000e+00 -5.08953e-04    12, 66
   97    96     0     1  9.32308e-01  0.00000e+00 -5.78741e-04    21, 65
   97    96     0     1  9.35558e-01  0.00000e+00 -4.62945e-04    23, 69
   97    96     0     1  9.32257e-01  0.00000e+00  4.68624e-04    13, 66
   97    96     0     1  9.31148e-01  0.00000e+00 -4.64220e-04    21, 61
   97    96     0     1  9.36352e-01  0.00000e+00 -6.48113e-04    60, 68
   97    96     0     1  9.34633e-01  0.00000e+00 -5.48576e-04    21, 58
   97    96     0     1  9.39360e-01  0.00000e+00 -8.47094e-04    62, 81
   97    96     0     1  9.32405e-01  0.00000e+00 -5.98043e-04    58, 67
   97    96     0     1  9.35913e-01  0.00000e+00 -4.53336e-04    56, 63
   97    96     0     1  9.42329e-01  0.00000e+00 -5.45261e-04    12, 70
   97    96     0     1  9.29288e-01  0.00000e+00 -4.86850e-04    56, 58
   97    96     0     1  9.30815e-01  0.00000e+00 -5.23704e-04    64, 66
   97    96     0     1  9.29513e-01  0.00000e+00 -5.80840e-04    94, 64
   97    96     0     1  9.39104e-01  0.00000e+00 -5.15175e-04    60, 67
   97    96     0     1  9.33132e-01  0.00000e+00 -6.74934e-04    26, 72
   97    96     0     1  9.28003e-01  0.00000e+00 -5.09625e-04    62, 68
   97    96     0     1  9.36866e-01  0.00000e+00 -1.15286e-03    26, 96
   97    96     0     1  9.30555e-01  0.00000e+00 -3.80863e-04    21, 53
   97    96     0     1  9.31662e-01  0.00000e+00 -5.52986e-04    64, 68
   97    96     0     1  9.34499e-01  0.00000e+00 -1.07943e-03    62, 79
   97    96     0     1  9.29947e-01  0.00000e+00 -5.90390e-04    14, 63
   97    96     0     1  9.32874e-01  0.00000e+00 -4.49900e-04    21, 63
   97    96     0     1  9.33810e-01  0.00000e+00 -5.96303e-04    21, 79
   97    96     0     1  9.31683e-01  0.00000e+00 -5.52757e-04    12, 67
   97    96     0     1  9.32895e-01  0.00000e+00 -5.17810e-04    56, 59
   97    96     0     1  9.29006e-01  0.00000e+00 -5.41480e-04    26, 68
   97    96     0     1  9.28908e-01  0.00000e+00 -5.20983e-04    12, 67
   97    96     0     1  9.35650e-01  0.00000e+00 -4.92340e-04    23, 68
   97    96     0     1  9.31023e-01  0.00000e+00 -5.73181e-04    21, 63
   97    96     0     1  9.31935e-01  0.00000e+00 -1.06587e-03    62, 89
   97    96     0     1  9.25478e-01  0.00000e+00 -5.02854e-04    56, 69
   97    96     0     1  9.32787e-01  0.00000e+00  5.31180e-04    79, 66
   97    96     0     1  9.34503e-01  0.00000e+00 -4.43996e-04    54, 60
   97    96     0     1  9.26791e-01  0.00000e+00 -5.38631e-04    21, 66
   97    96     0     1  9.33995e-01  0.00000e+00 -4.86364e-04    21, 66
   97    96     0     1  9.31461e-01  0.00000e+00 -4.63417e-04    23, 64
   97    96     0     1  9.38231e-01  0.00000e+00 -5.11984e-04    21, 65
   97    96     0     1  9.34556e-01  0.00000e+00 -5.91816e-04    62, 69
   97    96     0     1  9.32165e-01  0.00000e+00 -4.57165e-04    54, 59
   97    96     0     1  9.25753e-01  0.00000e+00 -5.45813e-04    12, 66
   97    96     0     1  9.28273e-01  0.00000e+00 -6.63836e-04    14, 57
   97    96     0     1  9.29102e-01  0.00000e+00 -4.63725e-04    56, 60
   97    96     0     1  9.29523e-01  0.00000e+00 -4.38268e-04    12, 64
   97    96     0     1  9.25334e-01  0.00000e+00 -6.60141e-04    21, 78
   97    96     0     1  9.22441e-01  0.00000e+00 -4.91197e-04    64, 58
   97    96     0     1  9.25774e-01  0.00000e+00 -7.75758e-04    62, 73
   97    96     0     1  9.24589e-01  0.00000e+00 -6.37084e-04    56, 80
   97    96     0     1  9.28841e-01  0.00000e+00 -6.22087e-04    58, 66
   97    96     0     1  9.31482e-01  0.00000e+00 -7.78304e-04    60, 76
   97    96     0     1  9.26607e-01  0.00000e+00 -5.04954e-04    21, 64
   97    96     0     1  9.29553e-01  0.00000e+00 -4.34757e-04    56, 60
   97    96     0     1  9.25184e-01  0.00000e+00 -6.26341e-04    28, 80
   97    96     0     1  9.29505e-01  0.00000e+00 -5.17994e-04    62, 67
   97    96     0     1  9.31010e-01  0.00000e+00 -5.93167e-04    92, 68
   97    96     0     1  9.26122e-01  0.00000e+00 -8.86127e-04    60, 78
   97    96     0     1  9.40401e-01  0.00000e+00 -4.88807e-04    56, 61
   97    96     0     1  9.30520e-01  0.00000e+00 -4.64344e-04    54, 58
   97    96     0     1  9.24125e-01  0.00000e+00  5.76981e-04    79, 67
   97    96     0     1  9.32114e-01  0.00000e+00 -5.96234e-04    62, 66
   97    96     0     1  9.26385e-01  0.00000e+00 -4.89312e-04    58, 64
   97    96     0     1  9.21524e-01  0.00000e+00 -5.03667e-04    21, 63
   97    96     0     1  9.21088e-01  0.00000e+00  3.76875e-04    63, 62
   97    96     0     1  9.35256e-01  0.00000e+00 -4.45513e-04    21, 66
   97    96     0     1  9.27960e-01  0.00000e+00 -7.05754e-04    58, 79
   97    96     0     1  9.33763e-01  0.00000e+00 -4.84237e-04    62, 62
   97    96     0     1  9.19468e-01  0.00000e+00 -5.70476e-04    60, 63
   97    96     0     1  9.27851e-01  0.00000e+00 -5.92890e-04    62, 68
   97    96     0     1  9.27000e-01  0.00000e+00 -7.60261e-04    60, 68
   97    96     0     1  9.31992e-01  0.00000e+00 -6.61936e-04    62, 64
   97    96     0     1  9.21804e-01  0.00000e+00 -4.81527e-04    54, 64
   97    96     0     1  9.17316e-01  0.00000e+00 -5.01951e-04    21, 59
   97    96     0     1  9.29496e-01  0.00000e+00 -8.86104e-04    62, 79
   97    96     0     1  9.14430e-01  0.00000e+00 -4.30532e-04    21, 65
   97    96     0     1  9.25502e-01  0.00000e+00 -4.37027e-04    56, 61
   97    96     0     1  9.26551e-01  0.00000e+00 -5.59520e-04    62, 66
   97    96     0     1  9.25769e-01  0.00000e+00 -4.96600e-04    26, 63
   97    96     0     1  9.25057e-01  0.00000e+00 -6.56409e-04    23, 64
   97    96     0     1  9.22741e-01  0.00000e+00 -5.88724e-04    62, 63
   97    96     0     1  9.27566e-01  0.00000e+00 -4.14045e-04    62, 67
   97    96     0     1  9.20292e-01  0.00000e+00 -5.83475e-04    60, 64
   97    96     0     1  9.22790e-01  0.00000e+00 -3.77085e-04    21, 53
   97    96     0     1  9.25954e-01  0.00000e+00 -4.74485e-04    58, 64
   97    96     0     1  9.28015e-01  0.00000e+00 -9.90556e-04    60, 80
   97    96     0     1  9.25764e-01  0.00000e+00 -4.97948e-04    21, 68
   97    96     0     1  9.17906e-01  0.00000e+00 -3.25684e-04    60, 53
   97    96     0     1  9.23143e-01  0.00000e+00 -4.96536e-04    62, 61
   97    96     0     1  9.20452e-01  0.00000e+00 -5.68062e-04    23, 67
   97    96     0     1  9.30267e-01  0.00000e+00 -4.70754e-04    12, 64
   97    96     0     1  9.14696e-01  0.00000e+00  3.02140e-04    11, 52
   97    96     0     1  9.19913e-01  0.00000e+00 -5.03834e-04    23, 67
   97    96     0     1  9.20287e-01  0.00000e+00  5.92493e-04    95, 66
   97    96     0     1  9.19430e-01  0.00000e+00 -5.04791e-04    64, 63
   97    96     0     1  9.19317e-01  0.00000e+00 -5.06818e-04    14, 58
   97    96     0     1  9.25035e-01  0.00000e+00 -4.37226e-04    62, 63
   97    96     0     1  9.21859e-01  0.00000e+00 -4.73464e-04    12, 65
   97    96     0     1  9.26844e-01  0.00000e+00 -4.59677e-04    58, 64
   97    96     0     1  9.24134e-01  0.00000e+00 -5.48763e-04    28, 63
   97    96     0     1  9.23236e-01  0.00000e+00  4.91744e-04    94, 52
   97    96     0     1  9.24262e-01  0.00000e+00 -4.26959e-04    23, 65
   97    96     0     1  9.18762e-01  0.00000e+00 -6.00432e-04    26, 63
   97    96     0     1  9.23845e-01  0.00000e+00 -4.40702e-04    62, 64
   97    96     0     1  9.27955e-01  0.00000e+00  5.24089e-04    61, 64
   97    96     0     1  9.26718e-01  0.00000e+00 -4.58459e-04    61, 64
   97    96     0     1  9.22674e-01  0.00000e+00  4.35481e-04    11, 68
   97    96     0     1  9.17025e-01  0.00000e+00 -5.97131e-04    60, 61
   97    96     0     1  9.21049e-01  0.00000e+00 -4.19783e-04    58, 63
   97    96     0     1  9.20167e-01  0.00000e+00 -4.74897e-04    12, 64
   97    96     0     1  9.21351e-01  0.00000e+00 -4.05757e-04    21, 64
   97    96     0     1  9.22265e-01  0.00000e+00  4.99430e-04    11, 63
   97    96     0     1  9.23319e-01  0.00000e+00 -6.10823e-04    62, 66
   97    96     0     1  9.24502e-01  0.00000e+00 -4.60722e-04    12, 67
   97    96     0     1  9.16673e-01  0.00000e+00  4.55610e-04    93, 66
   97    96     0     1  9.11351e-01  0.00000e+00 -5.87679e-04    62, 63
   97    96     0     1  9.20248e-01  0.00000e+00 -4.59991e-04    23, 61
   97    96     0     1  9.21123e-01  0.00000e+00 -7.31740e-04    62, 63
   97    96     0     1  9.11325e-01  0.00000e+00 -6.48487e-04    60, 63
   97    96     0     1  9.15099e-01  0.00000e+00 -4.95355e-04    62, 66
   97    96     0     1  9.15351e-01  0.00000e+00 -4.74448e-04    94, 62
   97    96     0     1  9.24578e-01  0.00000e+00  4.47409e-04    61, 66
   97    96     0     1  9.21182e-01  0.00000e+00 -4.25864e-04    61, 62
   97    96     0     1  9.18124e-01  0.00000e+00  4.17714e-04     9, 62
   97    96     0     1  9.20570e-01  0.00000e+00  4.67853e-04    93, 61
   97    96     0     1  9.16872e-01  0.00000e+00 -3.38603e-04    60, 51
   97    96     0     1  9.18999e-01  0.00000e+00 -5.66399e-04    62, 67
   97    96     0     1  9.20606e-01  0.00000e+00 -5.07244e-04    14, 68
   97    96     0     1  9.14427e-01  0.00000e+00 -7.47701e-04    60, 66
   97    96     0     1  9.20505e-01  0.00000e+00 -4.56572e-04    10, 62
   97    96     0     1  9.19844e-01  0.00000e+00 -5.22777e-04    62, 66
   97    96     0     1  9.11584e-01  0.00000e+00 -7.25731e-04    60, 67
   97    96     0     1  9.19616e-01  0.00000e+00 -2.83554e-04    50, 45
   97    96     0     1  9.10321e-01  0.00000e+00 -4.27680e-04    23, 62
   97    96     0     1  9.17034e-01  0.00000e+00 -4.86764e-04    21, 67
   97    96     0     1  9.19717e-01  0.00000e+00 -4.59836e-04    62, 64
   97    96     0     1  9.16053e-01  0.00000e+00 -5.03788e-04    56, 68
   97    96     0     1  9.08480e-01  0.00000e+00 -5.03059e-04    12, 66
   97    96     0     1  9.16171e-01  0.00000e+00 -5.15854e-04    23, 64
   97    96     0     1  9.17386e-01  0.00000e+00 -4.61893e-04    21, 67
   97    96     0     1  9.17350e-01  0.00000e+00 -4.69314e-04    23, 67
   97    96     0     1  9.13829e-01  0.00000e+00 -4.50503e-04    60, 65
   97    96     0     1  9.17862e-01  0.00000e+00 -4.62393e-04    21, 67
   97    96     0     1  9.13611e-01  0.00000e+00  4.70192e-04    93, 66
   97    96     0     1  9.10344e-01  0.00000e+00  4.41652e-04    94, 60
   97    96     0     1  9.12228e-01  0.00000e+00 -4.32197e-04    56, 64
   97    96     0     1  9.07237e-01  0.00000e+00 -6.03122e-04    60, 67
   97    96     0     1  9.11862e-01  0.00000e+00 -5.98375e-04    62, 68
   97    96     0     1  9.10209e-01  0.00000e+00 -5.42065e-04    12, 63
   97    96     0     1  9.08004e-01  0.00000e+00 -5.01736e-04    23, 66
   97    96     0     1  9.05558e-01  0.00000e+00  4.72918e-04    93, 65
   97    96     0     1  9.11003e-01  0.00000e+00 -6.24160e-04    60, 63
   97    96     0     1  9.22642e-01  0.00000e+00 -4.85007e-04    92, 64
   97    96     0     1  9.12421e-01  0.00000e+00 -4.60539e-04    58, 64
   97    96     0     1  9.17752e-01  0.00000e+00 -6.32267e-04    12, 64
   97    96     0     1  9.11500e-01  0.00000e+00  4.15681e-04    11, 51
   97    96     0     1  9.08138e-01  0.00000e+00  4.35530e-04     9, 65
   97    96     0     1  9.10222e-01  0.00000e+00 -3.60889e-04    14, 65
   97    96     0     1  9.13660e-01  0.00000e+00 -5.20432e-04    12, 66
   97    96     0     1  9.19809e-01  0.00000e+00 -3.11676e-04    54, 51
   97    96     0     1  9.05349e-01  0.00000e+00 -5.03742e-04    58, 67
   97    96     0     1  9.12059e-01  0.00000e+00  4.54626e-04    93, 53
   97    96     0     1  9.16901e-01  0.00000e+00 -2.85836e-04    48, 53
   97    96     0     1  9.06986e-01  0.00000e+00 -6.54708e-04    62, 69
   97    96     0     1  9.17724e-01  0.00000e+00  4.49485e-04    11, 63
   97    96     0     1  9.09239e-01  0.00000e+00 -4.82842e-04    60, 66
   97    96     0     1  9.14308e-01  0.00000e+00 -5.47018e-04    62, 65
   97    96     0     1  9.12245e-01  0.00000e+00 -5.26573e-04    61, 68
   97    96     0     1  9.06040e-01  0.00000e+00 -5.88207e-04    58, 67
   97    96     0     1  9.13920e-01  0.00000e+00 -5.38002e-04    56, 65
   97    96     0     1  9.14544e-01  0.00000e+00 -4.84598e-04    23, 64
   97    96     0     1  9.18217e-01  0.00000e+00 -3.52260e-04    60, 52
   97    96     0     1  9.05525e-01  0.00000e+00  4.76501e-04    11, 64
   97    96     0     1  9.09691e-01  0.00000e+00 -6.28068e-04    60, 68
   97    96     0     1  9.07917e-01  0.00000e+00 -5.14123e-04    21, 64
   97    96     0     1  9.03565e-01  0.00000e+00  4.95202e-04    95, 64
   97    96     0     1  9.09589e-01  0.00000e+00 -5.22547e-04    62, 65
   97    96     0     1  9.11008e-01  0.00000e+00 -4.77941e-04    60, 64
   97    96     0     1  9.10793e-01  0.00000e+00 -4.52679e-04    56, 65
   97    96     0     1  9.11495e-01  0.00000e+00 -6.29438e-04    23, 67
   97    96     0     1  9.05373e-01  0.00000e+00  4.14733e-04    11, 65
   97    96     0     1  9.09887e-01  0.00000e+00 -4.30209e-04    64, 62
   97    96     0     1  9.05495e-01  0.00000e+00 -4.32645e-04    21, 66
   97    96     0     1  9.09497e-01  0.00000e+00 -2.85268e-04    48, 52
   97    96     0     1  9.06012e-01  0.00000e+00 -3.72292e-04    56, 65
   97    96     0     1  9.12672e-01  0.00000e+00 -6.32822e-04    23, 69
   97    96     0     1  9.08569e-01  0.00000e+00 -4.75890e-04    58, 64
   97    96     0     1  9.07540e-01  0.00000e+00 -4.66147e-04    62, 68
   97    96     0     1  9.02951e-01  0.00000e+00 -7.90249e-04    60, 65
   97    96     0     1  9.11096e-01  0.00000e+00 -5.94685e-04    62, 66
   97    96     0     1  9.09053e-01  0.00000e+00 -4.99257e-04    14, 70
   97    96     0     1  9.10934e-01  0.00000e+00 -4.77027e-04    62, 57
   97    96     0     1  8.97541e-01  0.00000e+00 -5.02172e-04    60, 65
   97    96     0     1  9.03973e-01  0.00000e+00 -4.20695e-04    92, 63
   97    96     0     1  9.06107e-01  0.00000e+00 -6.08155e-04    60, 67
   97    96     0     1  9.01456e-01  0.00000e+00 -5.86484e-04    64, 69
   97    96     0     1  9.08593e-01  0.00000e+00 -4.91639e-04    94, 64
   97    96     0     1  9.02501e-01  0.00000e+00 -6.29223e-04    60, 67
   97    96     0     1  9.10240e-01  0.00000e+00 -4.34673e-04    56, 65
   97    96     0     1  9.07769e-01  0.00000e+00 -4.24222e-04    58, 65
   97    96     0     1  9.03909e-01  0.00000e+00 -2.91562e-04    48, 51
   97    96     0     1  9.01431e-01  0.00000e+00 -5.18349e-04    28, 66
   97    96     0     1  9.03958e-01  0.00000e+00 -4.58448e-04    56, 65
   97    96     0     1  8.99218e-01  0.00000e+00 -5.03787e-04    60, 63
   97    96     0     1  9.12127e-01  0.00000e+00 -2.92200e-04    50, 51
   97    96     0     1  9.10623e-01  0.00000e+00 -4.35073e-04    56, 65
   97    96     0     1  9.02142e-01  0.00000e+00  6.57129e-04    93, 65
   97    96     0     1  9.03107e-01  0.00000e+00 -6.08669e-04    60, 63
   97    96     0     1  9.04782e-01  0.00000e+00 -6.28670e-04    62, 64
   97    96     0     1  9.05853e-01  0.00000e+00  5.15073e-04    61, 65
   97    96     0     1  9.06870e-01  0.00000e+00 -5.59429e-04    60, 65
   97    96     0     1  8.97611e-01  0.00000e+00 -3.14539e-04    10, 52
   97    96     0     1  9.01299e-01  0.00000e+00 -3.17465e-04    12, 51
   97    96     0     1  9.02381e-01  0.00000e+00 -2.90730e-04    10, 51
   97    96     0     1  9.05368e-01  0.00000e+00 -4.82119e-04    60, 66
   97    96     0     1  9.02882e-01  0.00000e+00  3.90538e-04    61, 62
   97    96     0     1  8.98580e-01  0.00000e+00 -5.13000e-04    23, 65
   97    96     0     1  9.08394e-01  0.00000e+00 -5.02412e-04    60, 66
   97    96     0     1  9.05286e-01  0.00000e+00 -5.50975e-04    28, 68
   97    96     0     1  9.01896e-01  0.00000e+00 -4.15717e-04    62, 66
   97    96     0     1  8.99011e-01  0.00000e+00 -4.00217e-04    56, 63
   97    96     0     1  9.07425e-01  0.00000e+00  3.87423e-04    11, 60
   97    96     0     1  9.04733e-01  0.00000e+00 -4.92810e-04    58, 69
   97    96     0     1  9.06024e-01  0.00000e+00 -7.20518e-04    62, 70
   97    96     0     1  9.02228e-01  0.00000e+00 -4.91094e-04    94, 56
   97    96     0     1  9.00085e-01  0.00000e+00 -5.40330e-04    60, 69
   97    96     0     1  8.97060e-01  0.00000e+00 -4.65920e-04    58, 66
   97    96     0     1  9.09638e-01  0.00000e+00 -3.69450e-04    60, 51
   97    96     0     1  8.97320e-01  0.00000e+00 -3.41166e-04    12, 53
   97    96     0     1  9.04241e-01  0.00000e+00 -3.04848e-04    10, 52
   97    96     0     1  9.02659e-01  0.00000e+00 -4.59575e-04    60, 66
   97    96     0     1  8.99116e-01  0.00000e+00 -5.90884e-04    62, 64
   97    96     0     1  8.94907e-01  0.00000e+00 -2.71696e-04    48, 51
   97    96     0     1  8.98486e-01  0.00000e+00 -4.23763e-04    10, 65
   97    96     0     1  9.01925e-01  0.00000e+00 -4.86731e-04    56, 64
   97    96     0     1  9.01909e-01  0.00000e+00  3.87127e-04    93, 54
   97    96     0     1  9.06881e-01  0.00000e+00 -5.21246e-04    60, 56
   97    96     0     1  9.06545e-01  0.00000e+00 -4.97100e-04    10, 65
   97    96     0     1  8.97605e-01  0.00000e+00 -4.46385e-04    60, 66
   97    96     0     1  8.99417e-01  0.00000e+00 -3.59019e-04    92, 51
   97    96     0     1  9.09377e-01  0.00000e+00 -2.94218e-04    60, 52
   97    96     0     1  9.05533e-01  0.00000e+00 -2.90872e-04    48, 52
   97    96     0     1  8.99532e-01  0.00000e+00 -4.10589e-04    62, 51
   97    96     0     1  9.02647e-01  0.00000e+00 -2.98159e-04    48, 51
   97    96     0     1  9.00886e-01  0.00000e+00 -2.75451e-04    18, 51
   97    96     0     1  9.04770e-01  0.00000e+00 -3.33083e-04    10, 54
   97    96     0     1  9.07855e-01  0.00000e+00 -3.20000e-04    12, 51
   97    96     0     1  8.98836e-01  0.00000e+00 -4.59333e-04    21, 66
