-1.160133930389886814e+02  0.000000000000000000e+00   1.371578562335080824e+04  1.907097194354119910e-02 5.136018750000000210e+01 2.676302749999999833e+03
-1.345470769125666379e+02  0.000000000000000000e+00   1.827779539222412495e+04  9.660293812268237398e-03 4.589573437500000352e+01 2.154746593750000102e+03
-1.469662051322022194e+02  0.000000000000000000e+00   2.170056611334201079e+04  4.699308060893711211e-03 3.996059375000000102e+01 1.651588625000000093e+03
-1.541357324386694927e+02  0.000000000000000000e+00   2.381415093729274668e+04  2.370878867251542156e-03 3.490256250000000193e+01 1.276762937500000135e+03
-1.581273484020118474e+02  0.000000000000000000e+00   2.503566887714396580e+04  1.256208606548958389e-03 3.081653125000000060e+01 1.010514374999999973e+03
-1.603086032998070891e+02  0.000000000000000000e+00   2.571627496276005331e+04  6.781109654086472276e-04 2.772373437499999937e+01 8.297934687499999882e+02
-1.614765224908023811e+02  0.000000000000000000e+00   2.608427494955659131e+04  3.684662096605615007e-04 2.553028125000000159e+01 7.121476250000000618e+02
-1.621353689167681864e+02  0.000000000000000000e+00   2.629328211558845578e+04  2.055799955399718621e-04 2.380920312499999980e+01 6.275275937500000509e+02
-1.625057767609502548e+02  0.000000000000000000e+00   2.641117414424431627e+04  1.153684056829101681e-04 2.250884375000000048e+01 5.670276250000000573e+02
-1.627118345424819665e+02  0.000000000000000000e+00   2.647687422597300247e+04  6.546238172700683357e-05 2.156418749999999918e+01 5.249800000000000182e+02
-1.628240837663212801e+02  0.000000000000000000e+00   2.651268832641378685e+04  3.794825474014125655e-05 2.082501562499999892e+01 4.938307812500000296e+02
-1.628822099871757132e+02  0.000000000000000000e+00   2.653120431716320309e+04  2.223796439284370406e-05 2.034914062500000043e+01 4.741134687500000382e+02
-1.629244330865134884e+02  0.000000000000000000e+00   2.654472548910066689e+04  1.335848343284842983e-05 1.988149999999999906e+01 4.556134375000000318e+02
-1.629436035088060066e+02  0.000000000000000000e+00   2.655083626148863186e+04  8.223426448167073144e-06 1.959553125000000051e+01 4.436937500000000227e+02
-1.629574099772261491e+02  0.000000000000000000e+00   2.655525913430878427e+04  5.334859587746488857e-06 1.931149999999999878e+01 4.330790000000000077e+02
-1.629628725497726123e+02  0.000000000000000000e+00   2.655699288909240204e+04  3.579462465098700402e-06 1.918881250000000094e+01 4.291236250000000041e+02
-1.629645219595424521e+02  0.000000000000000000e+00   2.655750053929315254e+04  2.452111430727846469e-06 1.906350000000000122e+01 4.233431249999999864e+02
-1.629690243160431464e+02  0.000000000000000000e+00   2.655895110364353968e+04  1.815478624419342282e-06 1.889512500000000017e+01 4.170327500000000214e+02
-1.629706797944226366e+02  0.000000000000000000e+00   2.655947898783333585e+04  1.374847274667792640e-06 1.882926562500000145e+01 4.149758437500000241e+02
-1.629701443458950791e+02  0.000000000000000000e+00   2.655929688525379970e+04  1.089530478764720326e-06 1.880721875000000054e+01 4.141794375000000059e+02
-1.629702366658177084e+02  0.000000000000000000e+00   2.655932155582288397e+04  8.854492394496808151e-07 1.879918750000000216e+01 4.139278125000000159e+02
-1.629713315404828791e+02  0.000000000000000000e+00   2.655967410636320710e+04  7.229869998832552098e-07 1.878518749999999926e+01 4.130556250000000205e+02
-1.629717221195559205e+02  0.000000000000000000e+00   2.655979825828277171e+04  6.042093602557724409e-07 1.870971875000000040e+01 4.109610625000000255e+02
-1.629715482417758494e+02  0.000000000000000000e+00   2.655973906473193347e+04  5.093580670941278917e-07 1.867957812499999903e+01 4.095044062499999882e+02
-1.629723225942214242e+02  0.000000000000000000e+00   2.655998953214307039e+04  4.367619628203626043e-07 1.866701562500000122e+01 4.091150937500000282e+02
-1.629721355167349941e+02  0.000000000000000000e+00   2.655992670255501071e+04  3.670067941264208511e-07 1.864481250000000045e+01 4.077471249999999827e+02
-1.629715917254262081e+02  0.000000000000000000e+00   2.655974797623580162e+04  3.112499175724378900e-07 1.868025000000000091e+01 4.091168749999999932e+02
-1.629717037836436191e+02  0.000000000000000000e+00   2.655978325651768318e+04  2.643988391356110161e-07 1.868432812500000040e+01 4.093600937500000327e+02
-1.629721969649253026e+02  0.000000000000000000e+00   2.655994292970621245e+04  2.238759756388277765e-07 1.865162499999999923e+01 4.083940625000000182e+02
-1.629718285255979993e+02  0.000000000000000000e+00   2.655982193591387113e+04  1.898709232511504621e-07 1.869181250000000105e+01 4.097521250000000350e+02
-1.629717446585024447e+02  0.000000000000000000e+00   2.655979386049751338e+04  1.620291976555953496e-07 1.871643750000000139e+01 4.100302500000000236e+02
-1.629720252694899045e+02  0.000000000000000000e+00   2.655988471423599549e+04  1.390742953664546729e-07 1.869282812500000190e+01 4.099197187500000155e+02
-1.629720981693924386e+02  0.000000000000000000e+00   2.655990788073298972e+04  1.166795938532908689e-07 1.867767187500000148e+01 4.093943437500000186e+02
-1.629719726492151892e+02  0.000000000000000000e+00   2.655986646017004750e+04  9.755296622472605565e-08 1.863803125000000094e+01 4.082553750000000150e+02
-1.629722968673077332e+02  0.000000000000000000e+00   2.655997173957346968e+04  8.258170571694751303e-08 1.864540625000000063e+01 4.080474375000000009e+02
-1.629722776798549546e+02  0.000000000000000000e+00   2.655996512215977054e+04  6.890069849727947000e-08 1.865364062500000131e+01 4.085387812499999995e+02
-1.629722265141399760e+02  0.000000000000000000e+00   2.655994814923322338e+04  5.776581916592388225e-08 1.862004687499999989e+01 4.073126562500000318e+02
-1.629721363007635375e+02  0.000000000000000000e+00   2.655991849450813606e+04  4.834629109566121940e-08 1.862143749999999898e+01 4.072416249999999991e+02
-1.629723218287634836e+02  0.000000000000000000e+00   2.655997875472660598e+04  4.037912086316752763e-08 1.863307812500000082e+01 4.073849687499999845e+02
-1.629722856295006466e+02  0.000000000000000000e+00   2.655996675527383923e+04  3.283024911481850573e-08 1.862199999999999989e+01 4.073029374999999845e+02
-1.629723745575183784e+02  0.000000000000000000e+00   2.655999558687954413e+04  2.703176280101923933e-08 1.865704687499999892e+01 4.089670312499999909e+02
-1.629722966563368800e+02  0.000000000000000000e+00   2.655997006428409804e+04  2.209501874550522182e-08 1.867407812500000119e+01 4.090729062500000168e+02
-1.629721801690039911e+02  0.000000000000000000e+00   2.655993198250810747e+04  1.782646948763297425e-08 1.862893749999999926e+01 4.074941249999999968e+02
-1.629722300086592668e+02  0.000000000000000000e+00   2.655994814301564838e+04  1.464687775458270332e-08 1.862579687499999892e+01 4.078124687499999936e+02
-1.629722709342808287e+02  0.000000000000000000e+00   2.655996142622843763e+04  1.252832416876753168e-08 1.861976562499999943e+01 4.074362187500000232e+02
-1.629723599345949197e+02  0.000000000000000000e+00   2.655999038506101351e+04  1.063290515096433082e-08 1.869624999999999915e+01 4.100846875000000296e+02
-1.629723776319854949e+02  0.000000000000000000e+00   2.655999612450461791e+04  9.543756468349283256e-09 1.860429687499999929e+01 4.069936562500000150e+02
-1.629723612752258646e+02  0.000000000000000000e+00   2.655999076210507701e+04  8.376596979868594494e-09 1.867787500000000023e+01 4.095910625000000209e+02
-1.629722871742004315e+02  0.000000000000000000e+00   2.655996658255104921e+04  7.370528640242766678e-09 1.868646874999999952e+01 4.097831249999999841e+02
-1.629722569930971758e+02  0.000000000000000000e+00   2.655995673179239384e+04  6.866286958605750245e-09 1.858375000000000199e+01 4.058659999999999854e+02
-1.629723073105818401e+02  0.000000000000000000e+00   2.655997311450657435e+04  6.188705325438914423e-09 1.858023437499999986e+01 4.056526562500000068e+02
-1.629723126880254824e+02  0.000000000000000000e+00   2.655997485409866567e+04  5.693345553436920782e-09 1.864581250000000168e+01 4.084948750000000359e+02
-1.629723278456528135e+02  0.000000000000000000e+00   2.655997978327571036e+04  5.265243777405168946e-09 1.869687500000000213e+01 4.105460625000000050e+02
-1.629723011347957708e+02  0.000000000000000000e+00   2.655997106599051403e+04  4.850154406678952400e-09 1.864715625000000188e+01 4.081682500000000005e+02
-1.629722993828317499e+02  0.000000000000000000e+00   2.655997048496303250e+04  4.474240344285932857e-09 1.863337500000000091e+01 4.070556250000000205e+02
-1.629723768164247701e+02  0.000000000000000000e+00   2.655999571871874286e+04  4.274247625629432197e-09 1.862112499999999926e+01 4.068244374999999877e+02
-1.629723517098806269e+02  0.000000000000000000e+00   2.655998752717077150e+04  3.965428911518411123e-09 1.871195312500000085e+01 4.106027187500000082e+02
-1.629723236047617547e+02  0.000000000000000000e+00   2.655997836280229239e+04  3.827831014713700463e-09 1.861017187499999892e+01 4.062112812500000132e+02
-1.629723188285846618e+02  0.000000000000000000e+00   2.655997679810042609e+04  3.529166340321276491e-09 1.870270312499999932e+01 4.100323437499999955e+02
-1.629723576103195057e+02  0.000000000000000000e+00   2.655998943741185212e+04  3.476883350373230846e-09 1.863009375000000034e+01 4.076704374999999914e+02
-1.629723571890209826e+02  0.000000000000000000e+00   2.655998929404217415e+04  3.249110326701033508e-09 1.868789062500000142e+01 4.099479687500000296e+02
-1.629723045450582219e+02  0.000000000000000000e+00   2.655997213027550970e+04  3.070345986050920202e-09 1.862543750000000031e+01 4.072511250000000018e+02
-1.629723446831465310e+02  0.000000000000000000e+00   2.655998521231907580e+04  3.042048214840962393e-09 1.868031249999999943e+01 4.103140625000000341e+02
-1.629723408476135376e+02  0.000000000000000000e+00   2.655998395971638092e+04  2.950516016044794868e-09 1.867953125000000014e+01 4.092673750000000155e+02
-1.629723145969851146e+02  0.000000000000000000e+00   2.655997540129721165e+04  2.868923025480471361e-09 1.865304687500000114e+01 4.086770312500000273e+02
-1.629723621791084156e+02  0.000000000000000000e+00   2.655999090792907737e+04  2.774496043622747945e-09 1.862509375000000134e+01 4.077219375000000241e+02
-1.629723231375310490e+02  0.000000000000000000e+00   2.655997817934506020e+04  2.654415620106369585e-09 1.867606250000000045e+01 4.091938125000000355e+02
-1.629723169777379894e+02  0.000000000000000000e+00   2.655997616961232416e+04  2.579822258138443708e-09 1.870081250000000139e+01 4.102751875000000155e+02
-1.629723105799798475e+02  0.000000000000000000e+00   2.655997408305037970e+04  2.532870298664192082e-09 1.866053125000000179e+01 4.087065000000000055e+02
-1.629722872854164564e+02  0.000000000000000000e+00   2.655996648799157992e+04  2.445457376651929254e-09 1.863925000000000054e+01 4.074676249999999982e+02
-1.629723426901025221e+02  0.000000000000000000e+00   2.655998454726670388e+04  2.461089169932418157e-09 1.860551562499999889e+01 4.067031562500000064e+02
-1.629723049398826049e+02  0.000000000000000000e+00   2.655997224018742781e+04  2.363306103946921014e-09 1.866017187499999963e+01 4.090735312500000305e+02
-1.629723662915288855e+02  0.000000000000000000e+00   2.655999223722509851e+04  2.355604573053342329e-09 1.869814062500000063e+01 4.107240312499999959e+02
-1.629723410223313351e+02  0.000000000000000000e+00   2.655998399817603786e+04  2.254405602504535926e-09 1.858520312499999960e+01 4.060475312500000200e+02
-1.629723596147020430e+02  0.000000000000000000e+00   2.655999005761859371e+04  2.230227860828979773e-09 1.869970312499999920e+01 4.101295937500000264e+02
-1.629722994430758263e+02  0.000000000000000000e+00   2.655997044480746263e+04  2.223040519340807412e-09 1.860915625000000162e+01 4.071570624999999950e+02
-1.629723348683260724e+02  0.000000000000000000e+00   2.655998199019889944e+04  2.174891911620927983e-09 1.863148437499999943e+01 4.075730312499999854e+02
-1.629723487161267030e+02  0.000000000000000000e+00   2.655998650140098107e+04  2.083968598028330802e-09 1.864706250000000054e+01 4.080550625000000196e+02
-1.629723419937803328e+02  0.000000000000000000e+00   2.655998430959755933e+04  2.057978025828950523e-09 1.866195312500000014e+01 4.091291562499999941e+02
-1.629723138027415530e+02  0.000000000000000000e+00   2.655997512141650441e+04  2.078211315671005364e-09 1.862257812500000043e+01 4.073280937499999936e+02
-1.629723080980894565e+02  0.000000000000000000e+00   2.655997325942457974e+04  1.980649016856496908e-09 1.866573437499999955e+01 4.089964687500000196e+02
-1.629723306873838169e+02  0.000000000000000000e+00   2.655998062266724446e+04  1.995079036298592543e-09 1.871203124999999901e+01 4.108982500000000186e+02
-1.629723225660250137e+02  0.000000000000000000e+00   2.655997797356458977e+04  1.920185434552414842e-09 1.865140625000000085e+01 4.081818749999999909e+02
-1.629723256638978057e+02  0.000000000000000000e+00   2.655997898393302967e+04  1.944032632887436352e-09 1.865487500000000054e+01 4.092101250000000050e+02
-1.629723393058592933e+02  0.000000000000000000e+00   2.655998342905366735e+04  1.891173510664711088e-09 1.872567187499999974e+01 4.109262187500000323e+02
-1.629723759978486157e+02  0.000000000000000000e+00   2.655999538886835580e+04  1.900761392196427310e-09 1.860862499999999997e+01 4.073043749999999932e+02
-1.629723225197351155e+02  0.000000000000000000e+00   2.655997795646247323e+04  1.844350635947914014e-09 1.860006249999999994e+01 4.064203750000000355e+02
-1.629723066469424282e+02  0.000000000000000000e+00   2.655997278203158203e+04  1.815007433467015505e-09 1.864739062499999989e+01 4.082417812500000309e+02
-1.629723189484486454e+02  0.000000000000000000e+00   2.655997679050464285e+04  1.772206767028230305e-09 1.867390625000000171e+01 4.091955624999999941e+02
-1.629723166149714473e+02  0.000000000000000000e+00   2.655997602910760543e+04  1.741609552916421093e-09 1.864334374999999966e+01 4.082241875000000277e+02
-1.629723258471750853e+02  0.000000000000000000e+00   2.655997903819934072e+04  1.738010684933251622e-09 1.866229687499999912e+01 4.091405937499999936e+02
-1.629723041826266865e+02  0.000000000000000000e+00   2.655997197633500400e+04  1.722155651614346606e-09 1.862792187500000196e+01 4.073144687500000032e+02
-1.629723473808587357e+02  0.000000000000000000e+00   2.655998605634374326e+04  1.713722732123140313e-09 1.867868749999999878e+01 4.092104375000000118e+02
-1.629723338073451941e+02  0.000000000000000000e+00   2.655998163229130660e+04  1.719826361337399225e-09 1.869585937500000128e+01 4.097224687500000186e+02
-1.629723145051762287e+02  0.000000000000000000e+00   2.655997533910266793e+04  1.653939569123553467e-09 1.865768750000000153e+01 4.085029375000000300e+02
-1.629723163595783433e+02  0.000000000000000000e+00   2.655997594287840911e+04  1.629215361287261462e-09 1.870112500000000111e+01 4.103246250000000259e+02
-1.629723384707207003e+02  0.000000000000000000e+00   2.655998314993431268e+04  1.630993639941659832e-09 1.866798437499999963e+01 4.092549687499999891e+02
-1.629723411605275771e+02  0.000000000000000000e+00   2.655998402573547355e+04  1.596088418543710284e-09 1.863556249999999892e+01 4.079959375000000250e+02
-1.629723016269953177e+02  0.000000000000000000e+00   2.655997113984179305e+04  1.590417857187715738e-09 1.861123437499999866e+01 4.068540312499999914e+02
-1.629723194935162951e+02  0.000000000000000000e+00   2.655997696283330515e+04  1.571407819941265692e-09 1.867528125000000117e+01 4.088650625000000218e+02
-1.629722915027070087e+02  0.000000000000000000e+00   2.655996783842236255e+04  1.535357808859166897e-09 1.864909374999999869e+01 4.082256250000000364e+02
-1.629723456452134940e+02  0.000000000000000000e+00   2.655998548609055433e+04  1.543209266168803954e-09 1.868881250000000094e+01 4.098328124999999886e+02
-1.629723263708414720e+02  0.000000000000000000e+00   2.655997920345261809e+04  1.533455566807890692e-09 1.870726562500000156e+01 4.105832812500000273e+02
-1.629723229228169430e+02  0.000000000000000000e+00   2.655997807922347783e+04  1.519751014506117466e-09 1.855335937499999943e+01 4.044962187500000255e+02
-1.629723244437103631e+02  0.000000000000000000e+00   2.655997857407714764e+04  1.486866973267403746e-09 1.869128124999999940e+01 4.096563125000000127e+02
-1.629723236557120742e+02  0.000000000000000000e+00   2.655997831753513674e+04  1.498230475772203141e-09 1.868448437500000026e+01 4.097279687500000023e+02
-1.629723145370340944e+02  0.000000000000000000e+00   2.655997534495832588e+04  1.483448327397243824e-09 1.863557812500000210e+01 4.074910937500000045e+02
-1.629723502630032499e+02  0.000000000000000000e+00   2.655998698937741938e+04  1.473284068723322038e-09 1.861601562499999929e+01 4.076806562500000268e+02
-1.629723131921901995e+02  0.000000000000000000e+00   2.655997490560314691e+04  1.445401029538279807e-09 1.865992187500000199e+01 4.085393437500000005e+02
-1.629723286771828441e+02  0.000000000000000000e+00   2.655997995265139616e+04  1.437790305643475657e-09 1.863546875000000114e+01 4.073902499999999804e+02
-1.629723156911149715e+02  0.000000000000000000e+00   2.655997571885299476e+04  1.397913812644806196e-09 1.860232812499999966e+01 4.067520937500000286e+02
-1.629723191924317121e+02  0.000000000000000000e+00   2.655997686015024738e+04  1.400242280202743145e-09 1.862024999999999864e+01 4.075106875000000173e+02
-1.629723216496641953e+02  0.000000000000000000e+00   2.655997766091880112e+04  1.394473927339004198e-09 1.866746875000000117e+01 4.087708125000000337e+02
-1.629723316927590133e+02  0.000000000000000000e+00   2.655998093413316383e+04  1.383980726747013348e-09 1.864320312499999943e+01 4.078200312499999995e+02
-1.629723141532113289e+02  0.000000000000000000e+00   2.655997521676787801e+04  1.367278084047667485e-09 1.865543750000000145e+01 4.084882499999999936e+02
-1.629723373950652388e+02  0.000000000000000000e+00   2.655998279278435075e+04  1.384540435207832264e-09 1.864115625000000165e+01 4.077016250000000355e+02
-1.629723494922269253e+02  0.000000000000000000e+00   2.655998673502286692e+04  1.355659923200771147e-09 1.870940625000000068e+01 4.106525000000000318e+02
-1.629723146385883012e+02  0.000000000000000000e+00   2.655997537456203645e+04  1.351771313812011209e-09 1.869121875000000088e+01 4.097643750000000296e+02
-1.629723109246268962e+02  0.000000000000000000e+00   2.655997416348666957e+04  1.331831369523497070e-09 1.867065625000000040e+01 4.095102499999999850e+02
-1.629723105712629092e+02  0.000000000000000000e+00   2.655997404863523479e+04  1.344092581230009685e-09 1.864785937499999946e+01 4.082454687499999864e+02
-1.629723404519498331e+02  0.000000000000000000e+00   2.655998378801334547e+04  1.341382641714357615e-09 1.871246874999999932e+01 4.104826874999999973e+02
-1.629723302387591275e+02  0.000000000000000000e+00   2.655998045819973049e+04  1.308305531537185245e-09 1.870515625000000171e+01 4.105865000000000009e+02
-1.629723479777443913e+02  0.000000000000000000e+00   2.655998624043498421e+04  1.319879394651948960e-09 1.865664062500000142e+01 4.088364687499999945e+02
-1.629723303846037652e+02  0.000000000000000000e+00   2.655998050567122846e+04  1.305828661005078061e-09 1.866390625000000014e+01 4.088887500000000159e+02
-1.629723442389156673e+02  0.000000000000000000e+00   2.655998502064216154e+04  1.276903340762873519e-09 1.863714062500000068e+01 4.082180937500000368e+02
-1.629723266845948331e+02  0.000000000000000000e+00   2.655997929849755383e+04  1.261569167071643363e-09 1.871757812499999929e+01 4.105527187499999968e+02
-1.629723104941701877e+02  0.000000000000000000e+00   2.655997402073804187e+04  1.239829048765230644e-09 1.866479687500000040e+01 4.087654687500000250e+02
-1.629723201642053425e+02  0.000000000000000000e+00   2.655997717293065580e+04  1.250995287234424637e-09 1.865662500000000179e+01 4.087543125000000259e+02
-1.629723624620946794e+02  0.000000000000000000e+00   2.655999095958924227e+04  1.246720148280718599e-09 1.861203125000000114e+01 4.067841875000000300e+02
-1.629723472383675187e+02  0.000000000000000000e+00   2.655998599699321494e+04  1.227793430327059908e-09 1.871001562500000048e+01 4.104015312500000050e+02
-1.629723513771072874e+02  0.000000000000000000e+00   2.655998734637156304e+04  1.242027651708919966e-09 1.859554687500000014e+01 4.064402187499999854e+02
-1.629723568876049455e+02  0.000000000000000000e+00   2.655998914223085376e+04  1.232303914802313906e-09 1.864745312500000196e+01 4.086105312500000082e+02
-1.629723109315306999e+02  0.000000000000000000e+00   2.655997416281902042e+04  1.221970329203143923e-09 1.858035937500000045e+01 4.060499687500000050e+02
-1.629722942750441916e+02  0.000000000000000000e+00   2.655996873340550155e+04  1.209862094665914286e-09 1.866345312500000020e+01 4.087409062500000232e+02
-1.629723209415723773e+02  0.000000000000000000e+00   2.655997742495683269e+04  1.200074897342990493e-09 1.869181250000000105e+01 4.097549374999999827e+02
-1.629723153361623815e+02  0.000000000000000000e+00   2.655997559751397057e+04  1.185408542504714738e-09 1.869392187500000091e+01 4.101152187499999968e+02
-1.629723449018387953e+02  0.000000000000000000e+00   2.655998523446703621e+04  1.192136733278934945e-09 1.865839062499999912e+01 4.085846562500000232e+02
-1.629723276664667821e+02  0.000000000000000000e+00   2.655997961670377117e+04  1.192680080199931834e-09 1.857376562500000006e+01 4.060585312499999873e+02
-1.629723235292899233e+02  0.000000000000000000e+00   2.655997826761262331e+04  1.170071645424342062e-09 1.865720312499999878e+01 4.082202812500000277e+02
-1.629723339376776323e+02  0.000000000000000000e+00   2.655998166011251669e+04  1.167869941984958807e-09 1.863732812499999980e+01 4.081828437500000177e+02
-1.629723206360446852e+02  0.000000000000000000e+00   2.655997732411977631e+04  1.152938517988472914e-09 1.859721874999999969e+01 4.065058124999999905e+02
-1.629723536006137294e+02  0.000000000000000000e+00   2.655998806887013779e+04  1.157630854590358082e-09 1.860284375000000168e+01 4.072686874999999986e+02
-1.629723353829961354e+02  0.000000000000000000e+00   2.655998213077979744e+04  1.151808836690188751e-09 1.866151562499999983e+01 4.084730937500000323e+02
-1.629723079863697421e+02  0.000000000000000000e+00   2.655997320033183132e+04  1.126796176767217299e-09 1.861145312500000060e+01 4.072202187500000150e+02
-1.629723237681775458e+02  0.000000000000000000e+00   2.655997834409273491e+04  1.117962073115413497e-09 1.865142187500000048e+01 4.087075312499999882e+02
-1.629723021588191614e+02  0.000000000000000000e+00   2.655997130074030792e+04  1.121795400802922068e-09 1.870973437500000003e+01 4.103815312500000232e+02
-1.629723290032399632e+02  0.000000000000000000e+00   2.655998005025414022e+04  1.111215024828333844e-09 1.867434375000000202e+01 4.097056875000000105e+02
-1.629723433873139982e+02  0.000000000000000000e+00   2.655998473866106724e+04  1.111012657748220329e-09 1.865543750000000145e+01 4.085541249999999991e+02
-1.629723166330699655e+02  0.000000000000000000e+00   2.655997601787517488e+04  1.096595874803711742e-09 1.867948437500000125e+01 4.096989687500000059e+02
-1.629723125495013960e+02  0.000000000000000000e+00   2.655997468674851916e+04  1.092476490111324255e-09 1.867526562500000153e+01 4.090312187499999936e+02
-1.629723408924972432e+02  0.000000000000000000e+00   2.655998392512460850e+04  1.097300407155011226e-09 1.872662500000000207e+01 4.113290625000000205e+02
-1.629723247091887686e+02  0.000000000000000000e+00   2.655997864962232779e+04  1.073233787023726766e-09 1.864476562500000156e+01 4.082312187499999823e+02
-1.629723117857176646e+02  0.000000000000000000e+00   2.655997443773963460e+04  1.090304668741916572e-09 1.864029687500000065e+01 4.086746562499999982e+02
-1.629723270500727779e+02  0.000000000000000000e+00   2.655997941286648711e+04  1.082478420884323244e-09 1.872215625000000117e+01 4.110124999999999886e+02
-1.629723202701206901e+02  0.000000000000000000e+00   2.655997720244346783e+04  1.062375784351048216e-09 1.863078125000000185e+01 4.073808124999999905e+02
-1.629723382326546641e+02  0.000000000000000000e+00   2.655998305715914103e+04  1.059501736831611437e-09 1.866671875000000114e+01 4.093088124999999877e+02
-1.629723321124605206e+02  0.000000000000000000e+00   2.655998106218272369e+04  1.054541094550070179e-09 1.870973437500000003e+01 4.107888437500000123e+02
-1.629723384822536616e+02  0.000000000000000000e+00   2.655998313849690021e+04  1.058835089982598273e-09 1.868268750000000011e+01 4.099580624999999827e+02
-1.629723292095557952e+02  0.000000000000000000e+00   2.655998011558226426e+04  1.038947806370960729e-09 1.867881249999999937e+01 4.095743125000000191e+02
-1.629723057758422726e+02  0.000000000000000000e+00   2.655997247772009723e+04  1.047646526979966733e-09 1.865032812500000148e+01 4.085526562499999841e+02
-1.629723408212523736e+02  0.000000000000000000e+00   2.655998390044810731e+04  1.042533178994314863e-09 1.867879687499999974e+01 4.097043437500000209e+02
-1.629723325526595943e+02  0.000000000000000000e+00   2.655998120521205783e+04  1.037552975928431776e-09 1.860512500000000102e+01 4.068508125000000177e+02
-1.629723175312900025e+02  0.000000000000000000e+00   2.655997630888904678e+04  1.030476497656134789e-09 1.863237499999999969e+01 4.074726249999999936e+02
-1.629722916420818706e+02  0.000000000000000000e+00   2.655996786975197392e+04  1.004526334716023885e-09 1.865531250000000085e+01 4.083474375000000123e+02
-1.629723320408651546e+02  0.000000000000000000e+00   2.655998103755567354e+04  1.005937061187034656e-09 1.863268749999999940e+01 4.076036875000000350e+02
-1.629723298770106794e+02  0.000000000000000000e+00   2.655998033248461797e+04  1.014437171417492754e-09 1.863804687500000057e+01 4.081256562500000200e+02
-1.629723594104085009e+02  0.000000000000000000e+00   2.655998995840602583e+04  1.001907824623759004e-09 1.869342187500000207e+01 4.103364062499999818e+02
-1.629723040625719079e+02  0.000000000000000000e+00   2.655997191792227022e+04  9.961937494108819740e-10 1.861350000000000193e+01 4.065832500000000209e+02
-1.629723134608567818e+02  0.000000000000000000e+00   2.655997498106927014e+04  9.896662232363390495e-10 1.867512500000000131e+01 4.089574999999999818e+02
-1.629723391190926520e+02  0.000000000000000000e+00   2.655998334438605889e+04  9.953892941393959919e-10 1.859339062500000139e+01 4.061177812500000073e+02
-1.629723597732016742e+02  0.000000000000000000e+00   2.655999007638693365e+04  9.917568145005746855e-10 1.864603125000000006e+01 4.084648750000000064e+02
-1.629723062569224794e+02  0.000000000000000000e+00   2.655997263262681372e+04  9.761560543392551284e-10 1.859823437500000054e+01 4.068784687500000246e+02
-1.629723175819717653e+02  0.000000000000000000e+00   2.655997632386468104e+04  9.723509674871066074e-10 1.861601562499999929e+01 4.070403437500000337e+02
-1.629723358074225530e+02  0.000000000000000000e+00   2.655998226454905671e+04  9.797353314307973117e-10 1.858821874999999935e+01 4.068113124999999854e+02
-1.629723042346742830e+02  0.000000000000000000e+00   2.655997197380983198e+04  9.883519496914258615e-10 1.867971874999999926e+01 4.091408124999999814e+02
-1.629723396951430061e+02  0.000000000000000000e+00   2.655998353126644361e+04  9.622505121316509097e-10 1.867737500000000139e+01 4.094319375000000036e+02
-1.629723268534525005e+02  0.000000000000000000e+00   2.655997934566723779e+04  9.653125403413503405e-10 1.868870312499999997e+01 4.097574687499999868e+02
-1.629723041757328588e+02  0.000000000000000000e+00   2.655997195346263834e+04  9.455975728817517249e-10 1.864710937499999943e+01 4.080702187499999809e+02
-1.629723110292445654e+02  0.000000000000000000e+00   2.655997418729556375e+04  9.443809060316720667e-10 1.861640625000000071e+01 4.065330000000000155e+02
-1.629723202656911951e+02  0.000000000000000000e+00   2.655997719774392317e+04  9.397938735721060542e-10 1.870742187500000142e+01 4.106914687500000127e+02
-1.629723280473898512e+02  0.000000000000000000e+00   2.655997973424018710e+04  9.433039703498179314e-10 1.861425000000000196e+01 4.071268125000000282e+02
-1.629723115846937276e+02  0.000000000000000000e+00   2.655997436785812897e+04  9.261918098209060727e-10 1.860681250000000020e+01 4.071553125000000364e+02
-1.629723326206940897e+02  0.000000000000000000e+00   2.655998122414769387e+04  9.155707470618629474e-10 1.865251562499999949e+01 4.088830312499999877e+02
-1.629723311500669922e+02  0.000000000000000000e+00   2.655998074521591116e+04  9.310554700118672210e-10 1.866926562500000131e+01 4.092885312500000055e+02
-1.629723545060482479e+02  0.000000000000000000e+00   2.655998835779057481e+04  9.241535872341768915e-10 1.869187499999999957e+01 4.103170000000000073e+02
-1.629723383864157711e+02  0.000000000000000000e+00   2.655998310384410070e+04  9.302601268475144015e-10 1.867148437500000213e+01 4.090790937500000268e+02
-1.629723249098085773e+02  0.000000000000000000e+00   2.655997871047136141e+04  9.022276864912301676e-10 1.865565624999999983e+01 4.086848125000000209e+02
-1.629723229782397311e+02  0.000000000000000000e+00   2.655997808127078315e+04  9.166836176116309372e-10 1.859156250000000199e+01 4.056230625000000032e+02
-1.629723300762525753e+02  0.000000000000000000e+00   2.655998039482248350e+04  9.163961700972606809e-10 1.865257812500000156e+01 4.086717187500000250e+02
-1.629723481444676452e+02  0.000000000000000000e+00   2.655998628389823716e+04  9.102667364844778015e-10 1.865174999999999983e+01 4.089051249999999982e+02
-1.629723335374729345e+02  0.000000000000000000e+00   2.655998152221796045e+04  8.873739158668387265e-10 1.869007812499999943e+01 4.097244062500000155e+02
-1.629723392181185204e+02  0.000000000000000000e+00   2.655998337397716386e+04  8.942653352727646228e-10 1.863692187499999875e+01 4.078994062500000268e+02
-1.629723484749811746e+02  0.000000000000000000e+00   2.655998639119465224e+04  8.939745787519697414e-10 1.865365625000000094e+01 4.081386875000000032e+02
-1.629723550328162389e+02  0.000000000000000000e+00   2.655998852869310213e+04  8.942322883985878348e-10 1.860840625000000159e+01 4.068684375000000273e+02
-1.629723469182632982e+02  0.000000000000000000e+00   2.655998588340696006e+04  8.795259498686266715e-10 1.862426562499999960e+01 4.078537187499999845e+02
-1.629723203019033235e+02  0.000000000000000000e+00   2.655997720792794644e+04  8.788327468481710697e-10 1.862303125000000037e+01 4.076679374999999936e+02
-1.629723177262992806e+02  0.000000000000000000e+00   2.655997636835786034e+04  8.763568648564585776e-10 1.856510937499999869e+01 4.052107812500000250e+02
-1.629723481554020168e+02  0.000000000000000000e+00   2.655998628653836204e+04  8.754822442756604082e-10 1.855937499999999929e+01 4.053047500000000127e+02
-1.629723377001049300e+02  0.000000000000000000e+00   2.655998287859638367e+04  8.719636782218658894e-10 1.870964062499999869e+01 4.104144687500000259e+02
-1.629723235671902728e+02  0.000000000000000000e+00   2.655997827191844772e+04  8.670747435404847127e-10 1.866081249999999869e+01 4.084976874999999836e+02
-1.629723240206192543e+02  0.000000000000000000e+00   2.655997841971966409e+04  8.673934730368084235e-10 1.867390625000000171e+01 4.093968750000000227e+02
-1.629723370666548590e+02  0.000000000000000000e+00   2.655998267188054524e+04  8.626955992015445497e-10 1.868017187499999920e+01 4.097244687500000282e+02
-1.629723342255468310e+02  0.000000000000000000e+00   2.655998174598743208e+04  8.683775095787506487e-10 1.863137500000000202e+01 4.078919374999999832e+02
-1.629723355567082308e+02  0.000000000000000000e+00   2.655998217980999470e+04  8.660280114922847826e-10 1.866714062500000182e+01 4.092646562500000300e+02
-1.629723533602843020e+02  0.000000000000000000e+00   2.655998798255262227e+04  8.570505302185454978e-10 1.867110937500000034e+01 4.094253437500000246e+02
-1.629723293443960870e+02  0.000000000000000000e+00   2.655998015407857019e+04  8.335949790900495946e-10 1.866414062500000171e+01 4.088529687500000023e+02
-1.629723314929497064e+02  0.000000000000000000e+00   2.655998085467870260e+04  8.445343782359956216e-10 1.864268750000000097e+01 4.085597500000000082e+02
-1.629723467756344064e+02  0.000000000000000000e+00   2.655998583626501204e+04  8.549468439642947413e-10 1.865284374999999883e+01 4.080226875000000177e+02
-1.629723221781356983e+02  0.000000000000000000e+00   2.655997781829086307e+04  8.342175910861833289e-10 1.860395312500000031e+01 4.068450312500000337e+02
-1.629723202015209722e+02  0.000000000000000000e+00   2.655997717449342599e+04  8.518962037396866030e-10 1.864675000000000082e+01 4.078309375000000045e+02
-1.629723514903494390e+02  0.000000000000000000e+00   2.655998737235392036e+04  8.305695854383615420e-10 1.866478125000000077e+01 4.093952500000000327e+02
-1.629723215394656677e+02  0.000000000000000000e+00   2.655997760982106774e+04  8.229706725532207487e-10 1.870353125000000105e+01 4.098985625000000255e+02
-1.629723270480048996e+02  0.000000000000000000e+00   2.655997940527004903e+04  8.218447054359645056e-10 1.868531250000000199e+01 4.097149375000000191e+02
-1.629723351662898949e+02  0.000000000000000000e+00   2.655998205139156198e+04  8.222156812101420422e-10 1.861937500000000156e+01 4.076733125000000086e+02
-1.629723171845496950e+02  0.000000000000000000e+00   2.655997619033513911e+04  8.220514959905494147e-10 1.866454687499999920e+01 4.091234687500000291e+02
-1.629723394074133864e+02  0.000000000000000000e+00   2.655998343380471488e+04  8.237794497859272634e-10 1.866526562499999997e+01 4.090593437499999823e+02
-1.629723252638046347e+02  0.000000000000000000e+00   2.655997882339653370e+04  8.096843312519920320e-10 1.868612500000000054e+01 4.093352500000000305e+02
-1.629723267013088446e+02  0.000000000000000000e+00   2.655997929199848295e+04  8.117604046119382884e-10 1.870220312500000048e+01 4.102865312499999959e+02
-1.629723084427342599e+02  0.000000000000000000e+00   2.655997334073993625e+04  8.127351439280672020e-10 1.858395312500000074e+01 4.057247187500000223e+02
-1.629723337217574510e+02  0.000000000000000000e+00   2.655998158016013622e+04  8.073896891040181281e-10 1.865115624999999966e+01 4.087441875000000095e+02
-1.629723061648002442e+02  0.000000000000000000e+00   2.655997259777762883e+04  7.945882631131448452e-10 1.867610937499999935e+01 4.091923437500000205e+02
-1.629723111489701921e+02  0.000000000000000000e+00   2.655997422236244165e+04  7.953956657877989438e-10 1.863540624999999906e+01 4.082046875000000341e+02
-1.629723472359475522e+02  0.000000000000000000e+00   2.655998598495969782e+04  8.044219162521845118e-10 1.858932812500000153e+01 4.064699687500000209e+02
-1.629723063045672689e+02  0.000000000000000000e+00   2.655997264368151082e+04  8.076745890659106759e-10 1.866759375000000176e+01 4.087186250000000314e+02
-1.629723445702675519e+02  0.000000000000000000e+00   2.655998511586829773e+04  7.958695372131003872e-10 1.858809374999999875e+01 4.057943124999999895e+02
-1.629723236109907987e+02  0.000000000000000000e+00   2.655997828415195909e+04  7.901530699421440231e-10 1.860845312500000048e+01 4.068382812500000227e+02
-1.629723368851216776e+02  0.000000000000000000e+00   2.655998261104419726e+04  7.999479590348893203e-10 1.864068750000000207e+01 4.078662500000000364e+02
-1.629723194279368670e+02  0.000000000000000000e+00   2.655997692081979403e+04  7.943645951303417770e-10 1.868215625000000202e+01 4.097374374999999986e+02
-1.629723216137852546e+02  0.000000000000000000e+00   2.655997763317490899e+04  7.902059605813106864e-10 1.857637499999999875e+01 4.054560625000000300e+02
-1.629723395839101840e+02  0.000000000000000000e+00   2.655998349022234834e+04  7.819662248962705954e-10 1.865824999999999889e+01 4.084420625000000200e+02
-1.629723171949051732e+02  0.000000000000000000e+00   2.655997619270362702e+04  7.841438870741444061e-10 1.863682812500000097e+01 4.075014687500000150e+02
-1.629723116226168429e+02  0.000000000000000000e+00   2.655997437628029729e+04  7.778985550847375674e-10 1.860704687500000176e+01 4.067657187500000191e+02
-1.629723140851363041e+02  0.000000000000000000e+00   2.655997517867263014e+04  7.683859477481500079e-10 1.868578125000000156e+01 4.095952500000000214e+02
-1.629723358341458095e+02  0.000000000000000000e+00   2.655998226778113894e+04  7.734768618140807776e-10 1.863726562500000128e+01 4.083526562499999955e+02
-1.629723253389468596e+02  0.000000000000000000e+00   2.655997884676158355e+04  7.672462329010809894e-10 1.869437500000000085e+01 4.094635000000000105e+02
-1.629723333845521722e+02  0.000000000000000000e+00   2.655998146909453499e+04  7.638904754804594652e-10 1.868251562500000063e+01 4.092470312500000205e+02
-1.629723286144116514e+02  0.000000000000000000e+00   2.655997991423073108e+04  7.615574727609480471e-10 1.866831249999999898e+01 4.093962500000000091e+02
-1.629723174051533761e+02  0.000000000000000000e+00   2.655997626050083636e+04  7.565812399353053042e-10 1.870540624999999935e+01 4.104485000000000241e+02
-1.629723216985183853e+02  0.000000000000000000e+00   2.655997765993768553e+04  7.579946162965435388e-10 1.862204687499999878e+01 4.072181562499999927e+02
-1.629723387199470039e+02  0.000000000000000000e+00   2.655998320818191860e+04  7.655418990422931933e-10 1.863284374999999926e+01 4.081185624999999959e+02
-1.629723171716927084e+02  0.000000000000000000e+00   2.655997618445096668e+04  7.582898335323462228e-10 1.861353125000000119e+01 4.071047500000000241e+02
-1.629723376075271233e+02  0.000000000000000000e+00   2.655998284480595976e+04  7.358499016663527245e-10 1.864518749999999869e+01 4.079710625000000164e+02
-1.629723238843001809e+02  0.000000000000000000e+00   2.655997837224577961e+04  7.528823823464654598e-10 1.866707812499999974e+01 4.084957187499999804e+02
-1.629723379022281904e+02  0.000000000000000000e+00   2.655998294127793633e+04  7.515025320429540714e-10 1.859004687499999875e+01 4.062495937500000309e+02
-1.629723120984520222e+02  0.000000000000000000e+00   2.655997453027966912e+04  7.366127933719893832e-10 1.864742187499999915e+01 4.085183437499999854e+02
-1.629723228335590477e+02  0.000000000000000000e+00   2.655997802959072578e+04  7.464212760761036464e-10 1.870718749999999986e+01 4.104635000000000105e+02
-1.629723245105340084e+02  0.000000000000000000e+00   2.655997857620059585e+04  7.467547880321410117e-10 1.860906250000000028e+01 4.065618125000000305e+02
-1.629723441919410902e+02  0.000000000000000000e+00   2.655998499099288165e+04  7.370624568378298987e-10 1.860309374999999932e+01 4.066977499999999850e+02
-1.629723162621628489e+02  0.000000000000000000e+00   2.655997588730400093e+04  7.322888167524417426e-10 1.868325000000000102e+01 4.092308125000000132e+02
-1.629723319169989679e+02  0.000000000000000000e+00   2.655998098993841995e+04  7.332061158082173487e-10 1.865485937500000091e+01 4.088120312500000182e+02
-1.629723145180890924e+02  0.000000000000000000e+00   2.655997531877590154e+04  7.301568598056145841e-10 1.873767187500000020e+01 4.111988437499999804e+02
-1.629723289324622328e+02  0.000000000000000000e+00   2.655998001688686054e+04  7.235017994921706491e-10 1.862526562500000082e+01 4.073491562500000214e+02
-1.629723265809035126e+02  0.000000000000000000e+00   2.655997925060256239e+04  7.307947682278358137e-10 1.861132812500000000e+01 4.068146562499999845e+02
-1.629723460792091601e+02  0.000000000000000000e+00   2.655998560600972996e+04  7.322371842337152026e-10 1.863489062500000060e+01 4.077894687500000259e+02
-1.629723116132942380e+02  0.000000000000000000e+00   2.655997437183427610e+04  7.249101647206875178e-10 1.864640625000000185e+01 4.088010625000000005e+02
-1.629723170869027058e+02  0.000000000000000000e+00   2.655997615548242902e+04  7.081508804518123281e-10 1.863437500000000213e+01 4.075930000000000177e+02
-1.629723279209534894e+02  0.000000000000000000e+00   2.655997968684177249e+04  7.103535731953009059e-10 1.870593750000000099e+01 4.107589375000000018e+02
-1.629723274223082399e+02  0.000000000000000000e+00   2.655997952436494234e+04  7.123837794807373293e-10 1.862237500000000168e+01 4.070380625000000236e+02
-1.629723655030575742e+02  0.000000000000000000e+00   2.655999193640399608e+04  7.056404453143555911e-10 1.867070312499999929e+01 4.089846562500000005e+02
-1.629723219504180634e+02  0.000000000000000000e+00   2.655997774078137809e+04  7.104923780905368405e-10 1.867857812500000136e+01 4.096582812500000159e+02
-1.629723272095181414e+02  0.000000000000000000e+00   2.655997945463664655e+04  6.984342585801646305e-10 1.866104687500000026e+01 4.090122187499999882e+02
-1.629723396119251788e+02  0.000000000000000000e+00   2.655998349754035735e+04  7.136932639162870118e-10 1.865332812500000159e+01 4.086682812500000068e+02
-1.629723076513918443e+02  0.000000000000000000e+00   2.655997307979535981e+04  6.993774800380375503e-10 1.863910937500000031e+01 4.077320937499999900e+02
-1.629723451627058068e+02  0.000000000000000000e+00   2.655998530634421331e+04  6.969919247270202470e-10 1.866882812500000099e+01 4.092871562500000095e+02
-1.629723323832963047e+02  0.000000000000000000e+00   2.655998114114767668e+04  7.039187177342520794e-10 1.865203125000000028e+01 4.088777499999999918e+02
-1.629723329845627688e+02  0.000000000000000000e+00   2.655998133673300254e+04  6.890742144786163131e-10 1.866878125000000210e+01 4.090646250000000350e+02
-1.629723225605689549e+02  0.000000000000000000e+00   2.655997793923374047e+04  6.945641487041914898e-10 1.866568750000000065e+01 4.087028124999999932e+02
-1.629723215308480349e+02  0.000000000000000000e+00   2.655997760345902498e+04  6.891915595461660088e-10 1.872440625000000125e+01 4.109199375000000032e+02
-1.629723439111866696e+02  0.000000000000000000e+00   2.655998489852612329e+04  7.010553518750518990e-10 1.865196875000000176e+01 4.087309374999999818e+02
-1.629723405948834056e+02  0.000000000000000000e+00   2.655998381714137213e+04  6.839872774067067999e-10 1.866176562500000102e+01 4.087794062500000223e+02
-1.629723271336481787e+02  0.000000000000000000e+00   2.655997942951707591e+04  6.837444017165908653e-10 1.865650000000000119e+01 4.084610000000000127e+02
-1.629723355963461700e+02  0.000000000000000000e+00   2.655998218791456748e+04  6.847325850257718554e-10 1.865389062499999895e+01 4.086864062500000045e+02
-1.629723235303000308e+02  0.000000000000000000e+00   2.655997825500479303e+04  6.829827295151508908e-10 1.861845312500000205e+01 4.069472187499999905e+02
-1.629723427801626485e+02  0.000000000000000000e+00   2.655998452936788453e+04  6.819677413373393301e-10 1.859371875000000074e+01 4.063080625000000055e+02
-1.629723222111428811e+02  0.000000000000000000e+00   2.655997782475432541e+04  6.725061472914179705e-10 1.858920312500000094e+01 4.062349687500000073e+02
-1.629723235390603975e+02  0.000000000000000000e+00   2.655997825746322633e+04  6.680370071992964364e-10 1.861039062500000085e+01 4.066874062499999809e+02
-1.629723325252633686e+02  0.000000000000000000e+00   2.655998118672769488e+04  6.778122278665387283e-10 1.864598437500000117e+01 4.086520312499999932e+02
-1.629723371707567026e+02  0.000000000000000000e+00   2.655998270074298853e+04  6.718445851581367517e-10 1.865856250000000216e+01 4.089399374999999850e+02
-1.629723192417529560e+02  0.000000000000000000e+00   2.655997685679008282e+04  6.684585059289918062e-10 1.864951562499999937e+01 4.080800312499999905e+02
-1.629723275825976145e+02  0.000000000000000000e+00   2.655997957551732543e+04  6.712285632600847092e-10 1.864354687500000196e+01 4.083029062500000350e+02
-1.629723318344469760e+02  0.000000000000000000e+00   2.655998096112261919e+04  6.613528331990338432e-10 1.865846875000000082e+01 4.086103750000000332e+02
-1.629723355651715053e+02  0.000000000000000000e+00   2.655998217709354867e+04  6.598906248382040676e-10 1.872340625000000003e+01 4.107633749999999964e+02
-1.629723226477002811e+02  0.000000000000000000e+00   2.655997796668590308e+04  6.588778199729617523e-10 1.866314062500000048e+01 4.089104687500000068e+02
-1.629723427220978351e+02  0.000000000000000000e+00   2.655998450998031694e+04  6.645862469359101375e-10 1.865971874999999969e+01 4.086374999999999886e+02
-1.629723481562422194e+02  0.000000000000000000e+00   2.655998628101588110e+04  6.572464122101775999e-10 1.862598437500000159e+01 4.072498437500000250e+02
-1.629723103473924368e+02  0.000000000000000000e+00   2.655997395738055639e+04  6.556392110984795361e-10 1.871535937500000202e+01 4.103304687500000227e+02
-1.629723208849687524e+02  0.000000000000000000e+00   2.655997739216849004e+04  6.602139981376779911e-10 1.861471875000000153e+01 4.067608124999999859e+02
-1.629723085106021756e+02  0.000000000000000000e+00   2.655997335859302621e+04  6.520387738100610635e-10 1.867434375000000202e+01 4.094204374999999914e+02
-1.629723114422588139e+02  0.000000000000000000e+00   2.655997431391594364e+04  6.431986998450960695e-10 1.870134374999999949e+01 4.099497499999999945e+02
-1.629723177357369082e+02  0.000000000000000000e+00   2.655997636524354675e+04  6.432822032200025255e-10 1.857723437499999974e+01 4.057347812500000259e+02
-1.629723073736212200e+02  0.000000000000000000e+00   2.655997298792647416e+04  6.492627666611145366e-10 1.863017187500000205e+01 4.078789062500000000e+02
-1.629723562820094855e+02  0.000000000000000000e+00   2.655998892926138069e+04  6.457512328564368081e-10 1.862921874999999972e+01 4.077669999999999959e+02
-1.629723330149564333e+02  0.000000000000000000e+00   2.655998134553686032e+04  6.475532863987932853e-10 1.866362499999999969e+01 4.092521250000000350e+02
-1.629723266651131155e+02  0.000000000000000000e+00   2.655997927570052343e+04  6.423267516289509520e-10 1.867287500000000122e+01 4.094557500000000232e+02
-1.629723368210617309e+02  0.000000000000000000e+00   2.655998258606710442e+04  6.456898865676849755e-10 1.862485937499999977e+01 4.070527812500000095e+02
-1.629723257504007847e+02  0.000000000000000000e+00   2.655997897725042640e+04  6.308619115755298373e-10 1.867042187499999883e+01 4.092959062500000300e+02
-1.629723022505643826e+02  0.000000000000000000e+00   2.655997131750419794e+04  6.270671405831568156e-10 1.873493750000000091e+01 4.117255000000000109e+02
-1.629723300726564048e+02  0.000000000000000000e+00   2.655998038617241764e+04  6.348480429281675564e-10 1.860137500000000088e+01 4.066273125000000164e+02
-1.629723408354692253e+02  0.000000000000000000e+00   2.655998389449175374e+04  6.438031999947893581e-10 1.867167187500000125e+01 4.091113437500000032e+02
-1.629723233612305648e+02  0.000000000000000000e+00   2.655997819851992972e+04  6.311161504870011394e-10 1.865551562499999960e+01 4.080409062500000346e+02
-1.629723182709714990e+02  0.000000000000000000e+00   2.655997653917731441e+04  6.235880600184502183e-10 1.868223437500000017e+01 4.095161562499999945e+02
-1.629723180814914372e+02  0.000000000000000000e+00   2.655997647747195515e+04  6.256456580827210793e-10 1.863068750000000051e+01 4.077163750000000277e+02
-1.629723359439593082e+02  0.000000000000000000e+00   2.655998229945460116e+04  6.183690105794395441e-10 1.866618749999999949e+01 4.090285625000000209e+02
-1.629723481372552101e+02  0.000000000000000000e+00   2.655998627386235967e+04  6.209208464459748895e-10 1.865010937499999955e+01 4.083041562500000055e+02
-1.629723158512824455e+02  0.000000000000000000e+00   2.655997575025890910e+04  6.147874765065644451e-10 1.860676562500000131e+01 4.066129687499999932e+02
-1.629723130035517613e+02  0.000000000000000000e+00   2.655997482200090599e+04  6.126986715823633560e-10 1.865746874999999960e+01 4.086326875000000314e+02
-1.629723207428471596e+02  0.000000000000000000e+00   2.655997734451836368e+04  6.102758489298089295e-10 1.870695312500000185e+01 4.101968437500000277e+02
-1.629723264803447478e+02  0.000000000000000000e+00   2.655997921485029656e+04  6.187587683069946982e-10 1.865706250000000210e+01 4.087501874999999814e+02
-1.629723209150093908e+02  0.000000000000000000e+00   2.655997740080274889e+04  6.166398504740409822e-10 1.864278124999999875e+01 4.082651250000000118e+02
-1.629723422926180945e+02  0.000000000000000000e+00   2.655998436874407344e+04  6.175379522200693094e-10 1.866665624999999906e+01 4.087271250000000009e+02
-1.629723556832778968e+02  0.000000000000000000e+00   2.655998873319022459e+04  6.111968619430571754e-10 1.863065625000000125e+01 4.082886874999999804e+02
-1.629723412023206777e+02  0.000000000000000000e+00   2.655998401322656719e+04  6.122343978215379875e-10 1.864659375000000097e+01 4.081067500000000337e+02
-1.629722977212047397e+02  0.000000000000000000e+00   2.655996984056852671e+04  6.038987303930638003e-10 1.865640624999999986e+01 4.083896250000000236e+02
-1.629723195003873855e+02  0.000000000000000000e+00   2.655997693935883945e+04  6.032569911422217325e-10 1.869260937499999997e+01 4.101479062500000055e+02
-1.629723345180038052e+02  0.000000000000000000e+00   2.655998183422151487e+04  6.014077554340952061e-10 1.863810937499999909e+01 4.075260937500000296e+02
-1.629723149105322193e+02  0.000000000000000000e+00   2.655997544319232475e+04  5.984434103815090830e-10 1.869839062500000182e+01 4.099272187500000086e+02
-1.629723222293980598e+02  0.000000000000000000e+00   2.655997782878165890e+04  6.001098974864326013e-10 1.870325000000000060e+01 4.099310624999999959e+02
-1.629723128194182209e+02  0.000000000000000000e+00   2.655997476161331724e+04  5.987584618538051967e-10 1.857159375000000168e+01 4.060758124999999836e+02
-1.629723388431107480e+02  0.000000000000000000e+00   2.655998324391438655e+04  5.994236814834347312e-10 1.862596875000000196e+01 4.078249375000000327e+02
-1.629723369495097529e+02  0.000000000000000000e+00   2.655998262655337749e+04  5.937066134535122532e-10 1.871237500000000153e+01 4.115127499999999827e+02
-1.629723132039536040e+02  0.000000000000000000e+00   2.655997488666357822e+04  5.879534051985371931e-10 1.869323437499999940e+01 4.097283437500000218e+02
-1.629723147346116150e+02  0.000000000000000000e+00   2.655997538575297222e+04  5.947169454382200515e-10 1.865614062499999903e+01 4.088798437500000205e+02
-1.629723189845366278e+02  0.000000000000000000e+00   2.655997677099068460e+04  5.946213078156191826e-10 1.857518750000000196e+01 4.052316875000000209e+02
-1.629723199711384041e+02  0.000000000000000000e+00   2.655997709246184968e+04  5.906154113081966836e-10 1.854834375000000080e+01 4.046775625000000218e+02
-1.629723184534425968e+02  0.000000000000000000e+00   2.655997659748736260e+04  5.797090097362340144e-10 1.868028125000000017e+01 4.092420625000000314e+02
-1.629723286706924625e+02  0.000000000000000000e+00   2.655997992765293748e+04  5.762327196550518325e-10 1.868948437499999926e+01 4.097800312500000359e+02
-1.629723390003104555e+02  0.000000000000000000e+00   2.655998329469736200e+04  5.822762701011904616e-10 1.861465624999999946e+01 4.072211874999999850e+02
-1.629723200017622275e+02  0.000000000000000000e+00   2.655997710196331536e+04  5.725353530722557456e-10 1.870621875000000145e+01 4.098526249999999891e+02
-1.629723333039436284e+02  0.000000000000000000e+00   2.655998143785387219e+04  5.768896055114129528e-10 1.865570312499999872e+01 4.086602812500000255e+02
-1.629723248844923376e+02  0.000000000000000000e+00   2.655997869365922088e+04  5.799214078722300485e-10 1.863118749999999935e+01 4.079534375000000068e+02
-1.629723318549350495e+02  0.000000000000000000e+00   2.655998096568711117e+04  5.817788381590364792e-10 1.862606249999999974e+01 4.075013124999999832e+02
-1.629723414329593254e+02  0.000000000000000000e+00   2.655998408728996583e+04  5.703654262565597863e-10 1.865000000000000213e+01 4.085184375000000045e+02
-1.629723391012638558e+02  0.000000000000000000e+00   2.655998332723277781e+04  5.683527733688177843e-10 1.865642187499999949e+01 4.084334687500000314e+02
-1.629723327452262254e+02  0.000000000000000000e+00   2.655998125557305320e+04  5.704942409256316789e-10 1.865720312499999878e+01 4.091034062500000346e+02
-1.629723360943695241e+02  0.000000000000000000e+00   2.655998234733342906e+04  5.751994859686102168e-10 1.865192187499999932e+01 4.083064062500000091e+02
-1.629723124741321669e+02  0.000000000000000000e+00   2.655997464826771829e+04  5.685827984814171413e-10 1.860615625000000151e+01 4.070822499999999877e+02
-1.629723404143550169e+02  0.000000000000000000e+00   2.655998375526857490e+04  5.698858937929113568e-10 1.872317187500000202e+01 4.116814687500000218e+02
-1.629723278011431944e+02  0.000000000000000000e+00   2.655997964412823058e+04  5.724762632548699514e-10 1.868676562499999960e+01 4.101690312499999891e+02
-1.629723427661127459e+02  0.000000000000000000e+00   2.655998452177680520e+04  5.685795737264777789e-10 1.870074999999999932e+01 4.105879375000000095e+02
-1.629723180429986655e+02  0.000000000000000000e+00   2.655997646316338796e+04  5.593031659952542602e-10 1.861898437500000014e+01 4.067503437500000132e+02
-1.629723293304514300e+02  0.000000000000000000e+00   2.655998014250975757e+04  5.691509785054725751e-10 1.863253124999999955e+01 4.077418749999999932e+02
-1.629723159317015870e+02  0.000000000000000000e+00   2.655997577509828989e+04  5.631004613043016275e-10 1.864271875000000023e+01 4.080520000000000209e+02
-1.629723404290902238e+02  0.000000000000000000e+00   2.655998375975286035e+04  5.578913770810536046e-10 1.863235937500000006e+01 4.080410937500000159e+02
-1.629723360574351432e+02  0.000000000000000000e+00   2.655998233484200318e+04  5.581490516910355060e-10 1.863009375000000034e+01 4.074175000000000182e+02
-1.629723192884355569e+02  0.000000000000000000e+00   2.655997686907594471e+04  5.581390306085175051e-10 1.859278125000000159e+01 4.061089999999999804e+02
-1.629723429349644732e+02  0.000000000000000000e+00   2.655998457628371762e+04  5.486468340072334696e-10 1.876849999999999952e+01 4.126981875000000173e+02
-1.629723372940853778e+02  0.000000000000000000e+00   2.655998273781741591e+04  5.542279405451867625e-10 1.866925000000000168e+01 4.088828750000000127e+02
-1.629723331796210744e+02  0.000000000000000000e+00   2.655998139655394698e+04  5.476105681030891429e-10 1.862573437500000040e+01 4.073232812500000364e+02
-1.629723291589120890e+02  0.000000000000000000e+00   2.655998008605551513e+04  5.487477382980409987e-10 1.868176562500000060e+01 4.099103437499999814e+02
-1.629723385687862844e+02  0.000000000000000000e+00   2.655998315326904049e+04  5.530853099447781398e-10 1.864526562500000040e+01 4.080550312500000132e+02
-1.629723466669060770e+02  0.000000000000000000e+00   2.655998579284018342e+04  5.542914318814598538e-10 1.867118750000000205e+01 4.095665000000000191e+02
-1.629723296510539683e+02  0.000000000000000000e+00   2.655998024621636432e+04  5.393287049821478485e-10 1.862321874999999949e+01 4.075275000000000318e+02
-1.629723063754785528e+02  0.000000000000000000e+00   2.655997265967317799e+04  5.395460969994052858e-10 1.863746875000000003e+01 4.081034374999999841e+02
-1.629723369762431560e+02  0.000000000000000000e+00   2.655998263381364450e+04  5.389873218185439319e-10 1.860150000000000148e+01 4.071299374999999827e+02
-1.629723410605694482e+02  0.000000000000000000e+00   2.655998396526228680e+04  5.459234288440296629e-10 1.867681250000000048e+01 4.094965624999999818e+02
-1.629723472513063598e+02  0.000000000000000000e+00   2.655998598286855486e+04  5.372055199191664089e-10 1.866360937500000006e+01 4.093389062500000364e+02
-1.629723547167886295e+02  0.000000000000000000e+00   2.655998841628155060e+04  5.401648910497513320e-10 1.864339062500000210e+01 4.086237812500000359e+02
-1.629723346698989133e+02  0.000000000000000000e+00   2.655998188177803240e+04  5.278805363621539310e-10 1.863007812500000071e+01 4.080367187500000341e+02
-1.629723286114596874e+02  0.000000000000000000e+00   2.655997990733867846e+04  5.382938869120054938e-10 1.862931250000000105e+01 4.080001250000000255e+02
-1.629723173514674670e+02  0.000000000000000000e+00   2.655997623713555367e+04  5.356980638524296759e-10 1.863393750000000182e+01 4.074295000000000186e+02
-1.629723416912299001e+02  0.000000000000000000e+00   2.655998417041839275e+04  5.307006109950755973e-10 1.865356249999999960e+01 4.083330624999999827e+02
-1.629723350281819592e+02  0.000000000000000000e+00   2.655998199899887186e+04  5.444614281393064919e-10 1.866473437500000188e+01 4.089672187500000291e+02
-1.629723367887116297e+02  0.000000000000000000e+00   2.655998257239358645e+04  5.278744958600657194e-10 1.863406249999999886e+01 4.079212499999999864e+02
-1.629723123195019241e+02  0.000000000000000000e+00   2.655997459687839364e+04  5.313678570207915400e-10 1.866956250000000139e+01 4.091371874999999818e+02
-1.629723404924165493e+02  0.000000000000000000e+00   2.655998377961674487e+04  5.286369959785221978e-10 1.867206249999999912e+01 4.094034374999999955e+02
-1.629723400269478191e+02  0.000000000000000000e+00   2.655998362785010613e+04  5.267702051822835323e-10 1.864793750000000117e+01 4.085708750000000009e+02
-1.629723497123877962e+02  0.000000000000000000e+00   2.655998678470785671e+04  5.245118825377587701e-10 1.861843749999999886e+01 4.069899374999999964e+02
-1.629723446057759588e+02  0.000000000000000000e+00   2.655998512029310950e+04  5.267064835230309559e-10 1.864339062500000210e+01 4.078378437499999905e+02
-1.629723244607897925e+02  0.000000000000000000e+00   2.655997855380278997e+04  5.139253264344164452e-10 1.862070312500000213e+01 4.073275312499999927e+02
-1.629723322166078390e+02  0.000000000000000000e+00   2.655998108193976077e+04  5.203079076882049618e-10 1.858757812500000028e+01 4.058743437500000368e+02
-1.629723380486234134e+02  0.000000000000000000e+00   2.655998298271123349e+04  5.149267813281910123e-10 1.869006249999999980e+01 4.094030000000000200e+02
-1.629723261956773115e+02  0.000000000000000000e+00   2.655997911941624625e+04  5.190515001298407250e-10 1.865678125000000165e+01 4.087100000000000364e+02
-1.629723356711753013e+02  0.000000000000000000e+00   2.655998220791180211e+04  5.193363419184809451e-10 1.866006249999999866e+01 4.089682500000000118e+02
-1.629723542109205141e+02  0.000000000000000000e+00   2.655998825095498978e+04  5.235412688961210671e-10 1.862587500000000063e+01 4.082392500000000268e+02
-1.629723266127681427e+02  0.000000000000000000e+00   2.655997925518452757e+04  5.122652097896931481e-10 1.865009374999999991e+01 4.087364375000000223e+02
-1.629723347771342787e+02  0.000000000000000000e+00   2.655998191643779865e+04  5.168478369236119280e-10 1.859529687499999895e+01 4.064455312499999877e+02
-1.629723404830782840e+02  0.000000000000000000e+00   2.655998377604364578e+04  5.087069963418222468e-10 1.868649999999999878e+01 4.100172499999999900e+02
-1.629723388508029700e+02  0.000000000000000000e+00   2.655998324401162245e+04  5.086855018996143218e-10 1.868182812499999912e+01 4.095502812500000118e+02
-1.629723449911018918e+02  0.000000000000000000e+00   2.655998524535602701e+04  5.066755339485332058e-10 1.866715625000000145e+01 4.093516875000000255e+02
-1.629723418995851603e+02  0.000000000000000000e+00   2.655998423757909404e+04  5.024028431445058790e-10 1.869012500000000188e+01 4.102148750000000064e+02
-1.629723350874833443e+02  0.000000000000000000e+00   2.655998201728777349e+04  5.053023123872435111e-10 1.869562499999999972e+01 4.099621250000000146e+02
-1.629723364159643211e+02  0.000000000000000000e+00   2.655998245050038167e+04  5.128817969349478418e-10 1.861456250000000168e+01 4.073459374999999909e+02
-1.629723290520197452e+02  0.000000000000000000e+00   2.655998004998816032e+04  5.025742745740953220e-10 1.865612499999999940e+01 4.088345625000000041e+02
-1.629723236632324017e+02  0.000000000000000000e+00   2.655997829369984538e+04  5.085269828954001397e-10 1.862375000000000114e+01 4.071783125000000041e+02
-1.629723206223894181e+02  0.000000000000000000e+00   2.655997730237730866e+04  5.018985056768048153e-10 1.869007812499999943e+01 4.096662812499999973e+02
-1.629723360591273718e+02  0.000000000000000000e+00   2.655998233370841263e+04  4.947016180626259979e-10 1.868645312499999989e+01 4.093965937500000223e+02
-1.629723403352384992e+02  0.000000000000000000e+00   2.655998372763003499e+04  5.001971898131548748e-10 1.861956250000000068e+01 4.074372500000000059e+02
-1.629723263390489478e+02  0.000000000000000000e+00   2.655997916544501277e+04  4.926038108402511513e-10 1.862620312499999997e+01 4.075449687500000095e+02
-1.629723284317599905e+02  0.000000000000000000e+00   2.655997984770290350e+04  4.982480115372819131e-10 1.864190625000000168e+01 4.081301250000000209e+02
-1.629723246102358019e+02  0.000000000000000000e+00   2.655997860196602778e+04  4.932970376160955529e-10 1.868948437499999926e+01 4.095607187500000350e+02
-1.629723261117022730e+02  0.000000000000000000e+00   2.655997909117160088e+04  4.861662557146402632e-10 1.869784375000000054e+01 4.101738750000000095e+02
-1.629723406601900422e+02  0.000000000000000000e+00   2.655998383331695368e+04  4.915635575527060700e-10 1.868431250000000077e+01 4.095444375000000150e+02
-1.629723139003905032e+02  0.000000000000000000e+00   2.655997511096290327e+04  4.862763172646185030e-10 1.868312500000000043e+01 4.095396875000000136e+02
-1.629723406940368591e+02  0.000000000000000000e+00   2.655998384426727353e+04  4.884811354767801248e-10 1.870335937500000156e+01 4.101014687499999809e+02
-1.629723260438483976e+02  0.000000000000000000e+00   2.655997906897363646e+04  4.831031467739790547e-10 1.866828124999999972e+01 4.092412500000000364e+02
-1.629723404190128804e+02  0.000000000000000000e+00   2.655998375456897338e+04  4.863840930881392825e-10 1.867445312499999943e+01 4.091843437499999823e+02
-1.629723064577577247e+02  0.000000000000000000e+00   2.655997268497590267e+04  4.824779846423023822e-10 1.861931249999999949e+01 4.066188124999999900e+02
-1.629723265946986430e+02  0.000000000000000000e+00   2.655997924838681138e+04  4.780761267694138517e-10 1.870493749999999977e+01 4.102175624999999854e+02
-1.629723283981313671e+02  0.000000000000000000e+00   2.655997983624926928e+04  4.797026610363421929e-10 1.867323437499999983e+01 4.091433437499999854e+02
-1.629723291516662869e+02  0.000000000000000000e+00   2.655998008189597749e+04  4.810590922615455756e-10 1.867990625000000193e+01 4.097253125000000296e+02
-1.629723364764902840e+02  0.000000000000000000e+00   2.655998246934878625e+04  4.797601417970076003e-10 1.872018750000000153e+01 4.104858125000000086e+02
-1.629723204263779905e+02  0.000000000000000000e+00   2.655997723765960473e+04  4.706925389475685921e-10 1.866412500000000207e+01 4.085116874999999936e+02
-1.629723277926565572e+02  0.000000000000000000e+00   2.655997963872690889e+04  4.732614099841811553e-10 1.869085937499999872e+01 4.095721562500000346e+02
-1.629723406436595781e+02  0.000000000000000000e+00   2.655998382757317086e+04  4.781687745086238379e-10 1.865960937499999872e+01 4.086471562500000232e+02
-1.629723343685295447e+02  0.000000000000000000e+00   2.655998178200449911e+04  4.697557056214555571e-10 1.859723437499999932e+01 4.068939687499999991e+02
-1.629723308970541211e+02  0.000000000000000000e+00   2.655998065057119311e+04  4.726017338703733867e-10 1.869893749999999955e+01 4.102374374999999986e+02
-1.629723125393554710e+02  0.000000000000000000e+00   2.655997466692867965e+04  4.707579202567851667e-10 1.861125000000000185e+01 4.069911250000000109e+02
-1.629723395073597771e+02  0.000000000000000000e+00   2.655998345677762336e+04  4.621796078031620661e-10 1.863507812499999972e+01 4.076890937499999836e+02
-1.629723182135711568e+02  0.000000000000000000e+00   2.655997651638671960e+04  4.699259182432122791e-10 1.867371874999999903e+01 4.094929374999999823e+02
-1.629723053763976850e+02  0.000000000000000000e+00   2.655997233188064274e+04  4.586909815567778155e-10 1.861659374999999983e+01 4.070368750000000091e+02
-1.629723265489249968e+02  0.000000000000000000e+00   2.655997923330712365e+04  4.720515417579446828e-10 1.861104687499999955e+01 4.074519062500000359e+02
-1.629723653639505301e+02  0.000000000000000000e+00   2.655999188477988719e+04  4.690854592503492899e-10 1.863489062500000060e+01 4.082873437499999909e+02
-1.629723204700696897e+02  0.000000000000000000e+00   2.655997725162743154e+04  4.604045559255617075e-10 1.871501562499999949e+01 4.102810312500000123e+02
-1.629723212064632492e+02  0.000000000000000000e+00   2.655997749174349883e+04  4.638884399206493567e-10 1.864904687499999980e+01 4.085720937500000218e+02
-1.629723343540832445e+02  0.000000000000000000e+00   2.655998177713424229e+04  4.636727708498281937e-10 1.866495312500000026e+01 4.089690312500000005e+02
-1.629723274151315024e+02  0.000000000000000000e+00   2.655997951534014283e+04  4.606675033080463352e-10 1.874743750000000020e+01 4.117885625000000118e+02
-1.629723268980384034e+02  0.000000000000000000e+00   2.655997934694009018e+04  4.660770863065895237e-10 1.863835937500000028e+01 4.085560312499999895e+02
-1.629723245461764236e+02  0.000000000000000000e+00   2.655997858010117852e+04  4.562097591425498352e-10 1.868704687500000006e+01 4.097370312500000296e+02
-1.629723407891324598e+02  0.000000000000000000e+00   2.655998387442116291e+04  4.567786506271776796e-10 1.863556249999999892e+01 4.081482500000000186e+02
-1.629723299248303761e+02  0.000000000000000000e+00   2.655998033330560065e+04  4.585033284369185332e-10 1.866579687500000162e+01 4.093754062500000259e+02
-1.629723211942649357e+02  0.000000000000000000e+00   2.655997748753620908e+04  4.551793359742796492e-10 1.871162500000000151e+01 4.102785000000000082e+02
-1.629723333809669441e+02  0.000000000000000000e+00   2.655998145996773383e+04  4.642586064407639563e-10 1.860967187500000009e+01 4.073171562499999823e+02
-1.629723205072669145e+02  0.000000000000000000e+00   2.655997726351180609e+04  4.513737039026193160e-10 1.867357812499999881e+01 4.092847812499999804e+02
-1.629723416000673524e+02  0.000000000000000000e+00   2.655998413858824279e+04  4.510243080164338969e-10 1.861479687499999969e+01 4.073860937499999864e+02
-1.629723244398407189e+02  0.000000000000000000e+00   2.655997854546477902e+04  4.570814508463405293e-10 1.868053125000000136e+01 4.096031874999999900e+02
-1.629723342865452480e+02  0.000000000000000000e+00   2.655998175486360924e+04  4.539971928605235559e-10 1.867015625000000156e+01 4.092088750000000346e+02
-1.629723293390616163e+02  0.000000000000000000e+00   2.655998014208658788e+04  4.475539113480019768e-10 1.863582812499999974e+01 4.077207187500000032e+02
-1.629723234178165399e+02  0.000000000000000000e+00   2.655997821197423036e+04  4.432547972380705849e-10 1.868973437500000045e+01 4.099740937500000086e+02
-1.629723077588088529e+02  0.000000000000000000e+00   2.655997310812577052e+04  4.478115376721054745e-10 1.859967187500000207e+01 4.064297187500000064e+02
-1.629723440574125277e+02  0.000000000000000000e+00   2.655998493935246734e+04  4.437058712987625538e-10 1.865243750000000134e+01 4.083220625000000155e+02
-1.629723424313701798e+02  0.000000000000000000e+00   2.655998440948560528e+04  4.487135828380624390e-10 1.860676562500000131e+01 4.069087187499999914e+02
-1.629723359092574242e+02  0.000000000000000000e+00   2.655998228349419514e+04  4.433119836625848081e-10 1.863115625000000009e+01 4.076765624999999886e+02
-1.629723111183266440e+02  0.000000000000000000e+00   2.655997420301015518e+04  4.428280586842696142e-10 1.868962499999999949e+01 4.096912500000000250e+02
-1.629723247110390787e+02  0.000000000000000000e+00   2.655997863337842500e+04  4.389335911150891688e-10 1.863412500000000094e+01 4.078977500000000305e+02
-1.629723131197283976e+02  0.000000000000000000e+00   2.655997485531294296e+04  4.411956128496851072e-10 1.867459374999999966e+01 4.090985000000000014e+02
-1.629723230458475030e+02  0.000000000000000000e+00   2.655997809049672287e+04  4.343620157143564532e-10 1.869454687500000034e+01 4.101162812499999859e+02
-1.629723159510164976e+02  0.000000000000000000e+00   2.655997577796417318e+04  4.339697650992447568e-10 1.863115625000000009e+01 4.075784375000000068e+02
-1.629723481861693983e+02  0.000000000000000000e+00   2.655998628499414554e+04  4.397635159803604340e-10 1.867126562500000020e+01 4.095714687500000082e+02
-1.629723366032844183e+02  0.000000000000000000e+00   2.655998250949097564e+04  4.351184408181232659e-10 1.865807812499999940e+01 4.087394687500000146e+02
-1.629723239152595511e+02  0.000000000000000000e+00   2.655997837381803038e+04  4.321445680495228060e-10 1.873284375000000068e+01 4.115589375000000132e+02
-1.629723407835747366e+02  0.000000000000000000e+00   2.655998387180925420e+04  4.266432650522407505e-10 1.866820312500000156e+01 4.089977812500000027e+02
-1.629723227088983322e+02  0.000000000000000000e+00   2.655997798053744555e+04  4.293733527500087543e-10 1.866475000000000151e+01 4.089898125000000277e+02
-1.629723299325411574e+02  0.000000000000000000e+00   2.655998033495575510e+04  4.260057162975664313e-10 1.863503125000000082e+01 4.078923750000000155e+02
-1.629723385016269503e+02  0.000000000000000000e+00   2.655998312794072626e+04  4.236390661605121368e-10 1.863587499999999864e+01 4.082603124999999977e+02
-1.629723132660811586e+02  0.000000000000000000e+00   2.655997490262013162e+04  4.262970063753945769e-10 1.868239062500000003e+01 4.090800937500000032e+02
-1.629723319429591584e+02  0.000000000000000000e+00   2.655998099018005814e+04  4.237199138515451204e-10 1.868876562500000205e+01 4.098169687500000009e+02
-1.629723234593384973e+02  0.000000000000000000e+00   2.655997822486563382e+04  4.190659163502585941e-10 1.870323437500000097e+01 4.104817187500000273e+02
-1.629723306077241887e+02  0.000000000000000000e+00   2.655998055492100684e+04  4.219751689877387238e-10 1.868799999999999883e+01 4.093047500000000127e+02
-1.629723214990530096e+02  0.000000000000000000e+00   2.655997758605725903e+04  4.241932071419121471e-10 1.857567187500000117e+01 4.056202812500000050e+02
-1.629723247469352145e+02  0.000000000000000000e+00   2.655997864447666871e+04  4.162712658536846692e-10 1.864534375000000210e+01 4.080461250000000177e+02
-1.629723345508463410e+02  0.000000000000000000e+00   2.655998184015811785e+04  4.218803638146804958e-10 1.864948437500000011e+01 4.087034062500000005e+02
-1.629723457572419818e+02  0.000000000000000000e+00   2.655998549276006452e+04  4.195046605048452598e-10 1.860912499999999881e+01 4.070950624999999832e+02
-1.629723316836298466e+02  0.000000000000000000e+00   2.655998090553260772e+04  4.191850398616765396e-10 1.863604687500000168e+01 4.076676562499999932e+02
-1.629723276904614124e+02  0.000000000000000000e+00   2.655997960393422909e+04  4.174360623960022459e-10 1.864598437500000117e+01 4.081946562500000368e+02
-1.629723195764402419e+02  0.000000000000000000e+00   2.655997695921083505e+04  4.173748773833908403e-10 1.862979687500000026e+01 4.073815312500000232e+02
-1.629723479158284647e+02  0.000000000000000000e+00   2.655998619628938832e+04  4.176037496878070353e-10 1.864014062500000080e+01 4.077228437499999814e+02
-1.629723373445383174e+02  0.000000000000000000e+00   2.655998275055194608e+04  4.145313808348864824e-10 1.860615625000000151e+01 4.069760625000000118e+02
-1.629723298144708679e+02  0.000000000000000000e+00   2.655998029616279382e+04  4.143874613641084698e-10 1.866156249999999872e+01 4.092506250000000136e+02
-1.629723245409572030e+02  0.000000000000000000e+00   2.655997857721750916e+04  4.116881769541916455e-10 1.869001562500000091e+01 4.092775312499999814e+02
-1.629723328673066476e+02  0.000000000000000000e+00   2.655998129116110431e+04  4.122331472321515171e-10 1.864645312500000074e+01 4.080374687500000164e+02
-1.629723360555425700e+02  0.000000000000000000e+00   2.655998233029856419e+04  4.103114113500399034e-10 1.868912500000000065e+01 4.099581249999999955e+02
-1.629723405843080286e+02  0.000000000000000000e+00   2.655998380647019439e+04  4.119920371604661081e-10 1.870140625000000156e+01 4.104900625000000218e+02
-1.629723247592294229e+02  0.000000000000000000e+00   2.655997864820202449e+04  4.056585224675451630e-10 1.863960937499999915e+01 4.080917812499999968e+02
-1.629723096525077040e+02  0.000000000000000000e+00   2.655997372425276262e+04  4.058703567389463312e-10 1.869643750000000182e+01 4.094643125000000055e+02
-1.629723333297862382e+02  0.000000000000000000e+00   2.655998144168877116e+04  4.041349381384447266e-10 1.870540624999999935e+01 4.102106875000000059e+02
-1.629723173389073168e+02  0.000000000000000000e+00   2.655997622967536518e+04  4.089557545981129691e-10 1.862525000000000119e+01 4.071815624999999841e+02
-1.629723238193205077e+02  0.000000000000000000e+00   2.655997834182466249e+04  4.049401079293816626e-10 1.861626562500000048e+01 4.072304062499999873e+02
-1.629723352812941357e+02  0.000000000000000000e+00   2.655998207772056776e+04  4.021847184738291113e-10 1.861645312499999960e+01 4.071877187499999877e+02
-1.629723172910628932e+02  0.000000000000000000e+00   2.655997621381536374e+04  3.989644534878799559e-10 1.866840625000000031e+01 4.086292500000000132e+02
-1.629723241014703490e+02  0.000000000000000000e+00   2.655997843367105452e+04  4.004657724815108592e-10 1.859440624999999869e+01 4.062934999999999945e+02
-1.629723294521157868e+02  0.000000000000000000e+00   2.655998017765248369e+04  3.992291612008595646e-10 1.860129687499999918e+01 4.069805312500000127e+02
-1.629723245383718506e+02  0.000000000000000000e+00   2.655997857600861607e+04  3.979000070056408561e-10 1.865043749999999889e+01 4.079934999999999832e+02
-1.629723298999407746e+02  0.000000000000000000e+00   2.655998032355381656e+04  3.967881775167202463e-10 1.868289062499999886e+01 4.098123437500000250e+02
-1.629723384965413686e+02  0.000000000000000000e+00   2.655998312573762450e+04  4.031013204379556047e-10 1.865982812500000065e+01 4.087142812499999991e+02
-1.629723232726164213e+02  0.000000000000000000e+00   2.655997816348164997e+04  3.993775323758170181e-10 1.860456250000000011e+01 4.068165625000000318e+02
-1.629723303786715292e+02  0.000000000000000000e+00   2.655998047956432492e+04  3.956878775482719456e-10 1.864214062499999969e+01 4.077218437500000050e+02
-1.629723312888779674e+02  0.000000000000000000e+00   2.655998077615677539e+04  3.925071048664351978e-10 1.860970312499999935e+01 4.068874062500000264e+02
-1.629723159195312121e+02  0.000000000000000000e+00   2.655997576651070995e+04  3.891278003193949601e-10 1.867542187500000139e+01 4.092112187500000005e+02
-1.629723148397086447e+02  0.000000000000000000e+00   2.655997541457480838e+04  3.901242783799783846e-10 1.866340625000000131e+01 4.086664375000000291e+02
-1.629723367813502364e+02  0.000000000000000000e+00   2.655998256649922405e+04  3.962872367330057021e-10 1.865103124999999906e+01 4.088653125000000159e+02
-1.629723353550930653e+02  0.000000000000000000e+00   2.655998210145267512e+04  3.900514479294875788e-10 1.864160937500000159e+01 4.079131562499999859e+02
-1.629723400020696999e+02  0.000000000000000000e+00   2.655998361614173700e+04  3.912476037178211434e-10 1.859395312499999875e+01 4.065745937500000196e+02
-1.629723282720397606e+02  0.000000000000000000e+00   2.655997979265460890e+04  3.857352139337190455e-10 1.867624999999999957e+01 4.093690000000000282e+02
-1.629723307932713112e+02  0.000000000000000000e+00   2.655998061440443053e+04  3.845251896399883449e-10 1.872168750000000159e+01 4.111564374999999814e+02
-1.629723219895042803e+02  0.000000000000000000e+00   2.655997774484450565e+04  3.838047573675763506e-10 1.868200000000000216e+01 4.092101250000000050e+02
-1.629723362227235270e+02  0.000000000000000000e+00   2.655998238396703891e+04  3.793148790912283398e-10 1.866473437500000188e+01 4.087640937500000291e+02
-1.629723293258394961e+02  0.000000000000000000e+00   2.655998013616501339e+04  3.868650925911945284e-10 1.867571875000000148e+01 4.091633125000000177e+02
-1.629723288427500165e+02  0.000000000000000000e+00   2.655997997871713596e+04  3.873379229085725541e-10 1.863110937500000119e+01 4.077209062499999845e+02
-1.629723362734693239e+02  0.000000000000000000e+00   2.655998240055584756e+04  3.811404441294187782e-10 1.867707812500000131e+01 4.095987812500000018e+02
-1.629723390313934601e+02  0.000000000000000000e+00   2.655998329958432078e+04  3.848221064509510395e-10 1.869239062500000159e+01 4.104578437499999950e+02
-1.629723358487005100e+02  0.000000000000000000e+00   2.655998226211903238e+04  3.816794316648552143e-10 1.869956249999999898e+01 4.097732500000000186e+02
-1.629723295631126234e+02  0.000000000000000000e+00   2.655998021338057515e+04  3.822587165221731053e-10 1.860735937500000148e+01 4.067522812500000100e+02
-1.629723446148717017e+02  0.000000000000000000e+00   2.655998511945185237e+04  3.834094860890466113e-10 1.860817187500000003e+01 4.068165937499999814e+02
-1.629723251533618793e+02  0.000000000000000000e+00   2.655997877602841618e+04  3.816007227447834934e-10 1.859984375000000156e+01 4.068446875000000205e+02
-1.629723350529483241e+02  0.000000000000000000e+00   2.655998200259725127e+04  3.760093347595327149e-10 1.862014062500000122e+01 4.071609687499999950e+02
-1.629723322543387383e+02  0.000000000000000000e+00   2.655998109044092052e+04  3.773474290093564758e-10 1.864064062499999963e+01 4.083155937500000050e+02
-1.629723409132170957e+02  0.000000000000000000e+00   2.655998391262991936e+04  3.725929476878006061e-10 1.872651562500000111e+01 4.111065312499999891e+02
-1.629723353083238919e+02  0.000000000000000000e+00   2.655998208577169498e+04  3.736049238267355501e-10 1.862392187500000063e+01 4.077909062500000346e+02
-1.629723212027306545e+02  0.000000000000000000e+00   2.655997748816603416e+04  3.750011462336664513e-10 1.863184375000000159e+01 4.085132500000000277e+02
-1.629723250887929566e+02  0.000000000000000000e+00   2.655997875469572682e+04  3.708027933479472740e-10 1.873392187500000006e+01 4.114528437499999995e+02
