# hx E0 E0_per_site H_expect H2_expect variance
0.00 -81.4955126682960440 -1.2733673854421257 -81.4955126682948077 6641.5185850713733089 3.1741365091875196e-09
0.02 -82.3796185059119779 -1.2871815391548747 -82.3796185059124184 6786.4015451845943971 4.9267327995039523e-09
0.04 -83.3556703231282796 -1.3024323487988794 -83.3556703231284786 6948.1677750201506569 2.0691004465334117e-09
0.06 -84.3656902700712692 -1.3182139104698636 -84.3656902700718945 7117.5696947470887608 1.3851604308001697e-09
0.08 -85.3982218351809905 -1.3343472161747030 -85.3982218351822979 7292.8562926136964961 2.6902853278443217e-09
0.10 -86.4476795504589859 -1.3507449929759217 -86.4476795504587727 7473.2012996626417589 3.8335201679728925e-09
0.12 -87.5107145411913194 -1.3673549147061144 -87.5107145411912484 7658.1251595101866769 3.2559910323470831e-10
0.14 -88.5850836676263924 -1.3841419323066624 -88.5850836676257103 7847.3170484008214771 5.7389115681871772e-10
0.16 -89.6691749938483156 -1.4010808592788799 -89.6691749938500635 8040.5609440806329076 2.9276634450070560e-09
0.18 -90.7617721171738907 -1.4181526893308420 -90.7617721171737202 8237.6992778526710026 2.8976501198485494e-09
0.20 -91.8619233784294664 -1.4353425527879604 -91.8619233784288411 8438.6129667886198149 4.2891770135611296e-09
0.22 -92.9688632752100830 -1.4526384886751575 -92.9688632752092445 8643.2095386870150833 2.4647306418046355e-09
0.24 -94.0819623163434926 -1.4700306611928671 -94.0819623163437484 8851.4156332944257883 5.0022208597511053e-10
0.26 -95.2006934829448994 -1.4875108356710141 -95.2006934829454252 9063.1720396342279855 5.0022208597511053e-10
0.28 -96.3246089283768612 -1.5050720145058885 -96.3246089283753548 9278.4302852048567729 4.0745362639427185e-10
0.30 -97.4533232749885201 -1.5227081761716956 -97.4533232749863316 9497.1502173390017560 9.0949470177292824e-12
0.32 -98.5865013210278391 -1.5404140831410600 -98.5865013210272849 9719.2982427305250894 9.6097210189327598e-09
0.34 -99.7238487917141754 -1.5581851373705340 -99.7238487917128538 9944.8460178392033413 6.7939254222437739e-09
0.36 -100.8651052356138678 -1.5760172693064667 -100.8651052356129583 10173.7694541979581118 6.6811480792239308e-09
0.38 -102.0100384901329562 -1.5939068514083274 -102.0100384901318904 10406.0479527630704979 4.8803485697135329e-09
0.40 -103.1584402906695459 -1.6118506295417117 -103.1584402906711233 10641.6638032067530730 2.7939677238464355e-09
0.42 -104.3101227519966017 -1.6298456679999469 -104.3101227519957064 10880.6017085388994019 2.4865585146471858e-09
0.44 -105.4649155103814877 -1.6478893048497107 -105.4649155103819993 11122.8484036120025849 0.0000000000000000e+00
0.46 -106.6226633767827678 -1.6659791152622307 -106.6226633767832652 11368.3923455588646902 2.5465851649641991e-11
0.48 -107.7832243953661475 -1.6841128811775961 -107.7832243953641722 11617.2234610613450059 0.0000000000000000e+00
0.50 -108.9464682200284074 -1.7022885659379439 -108.9464682200282084 11869.3329376176316146 1.4551915228366852e-11
0.52 -110.1122747475205017 -1.7205042929300078 -110.1122747475201749 12124.7130500734529051 8.3673512563109398e-11
0.54 -111.2805329579806113 -1.7387583274684471 -111.2805329579810802 12383.3570154121553060 0.0000000000000000e+00
0.56 -112.4511399249319510 -1.7570490613270617 -112.4511399249301888 12645.2588704162335489 5.4569682106375694e-12
0.58 -113.6239999647357166 -1.7753749994489956 -113.6239999647363419 12910.4133679863916768 0.0000000000000000e+00
0.60 -114.7990239017670433 -1.7937347484651101 -114.7990239017668443 13178.8158887985337060 9.8225427791476250e-11
0.62 -115.9761284301546169 -1.8121270067211659 -115.9761284301542901 13450.4623656475996540 0.0000000000000000e+00
0.64 -117.1552355567485506 -1.8305505555741961 -117.1552355567488206 13725.3492183573580405 5.4569682106375694e-11
0.66 -118.3362721127108017 -1.8490042517611063 -118.3362721127108301 14003.4732975336428353 1.0004441719502211e-10
0.68 -119.5191693234598489 -1.8674870206790601 -119.5191693234603889 14284.8318357701064087 1.1095835361629725e-10
0.70 -120.7038624284953414 -1.8859978504452397 -120.7038624284936077 14569.4224051569381118 2.2737367544323206e-10
0.72 -121.8902903439444714 -1.9045357866241324 -121.8902903439451535 14857.2428801322585059 1.0095391189679503e-09
0.74 -123.0783953617061002 -1.9230999275266578 -123.0783953617033433 15148.2914048253860528 1.3627868611365557e-08
0.76 -124.2681228836019613 -1.9416894200562806 -124.2681228836001708 15442.5663650249298371 1.1377778719179332e-08
0.78 -125.4594211763271971 -1.9603034558801125 -125.4594211763293998 15740.0663619089136773 9.3041307991370559e-09
0.80 -126.6522411580127283 -1.9789412680939489 -126.6522411580127851 16040.7901903557794867 8.3509803516790271e-09
0.82 -127.8465362041402642 -1.9976021281896916 -127.8465362041401647 16344.7368194033479085 6.8266672315075994e-09
0.84 -129.0422619684610765 -2.0162853432572043 -129.0422619684595134 16651.9053739430419228 6.5083440858870745e-09
0.86 -130.2393762253405498 -2.0349902535209461 -130.2393762253418856 16962.2951195664281840 2.8012436814606190e-10
0.88 -131.4378387240368511 -2.0537162300630758 -131.4378387240339805 17275.9054484457410581 5.7480065152049065e-10
0.90 -132.6376110566195052 -2.0724626727596798 -132.6376110566190221 17592.7358668077758921 8.2945916801691055e-10
0.92 -133.8386565375955399 -2.0912290083999303 -133.8386565375953694 17912.7859837889336632 5.1295501179993153e-10
0.94 -135.0409400934398150 -2.1100146889599971 -135.0409400934387065 18236.0555013202902046 5.8935256674885750e-10
0.96 -136.2444281611701911 -2.1288191900182842 -136.2444281611714700 18562.5442049730008875 8.3891791291534901e-09
0.98 -137.4490885980108033 -2.1476420093439188 -137.4490885980121675 18892.2519564247959352 5.9662852436304092e-10
1.00 -138.6548905924302346 -2.1664826655067224 -138.6548905924333326 19225.1786851999786450 3.2014213502407074e-10
1.02 -139.8618045881578098 -2.1853406966899658 -139.8618045881590319 19561.3243826569087105 5.2750692702829838e-10
1.04 -141.0698022109669978 -2.2042156595463593 -141.0698022109684473 19900.6890958422300173 4.7293724492192268e-10
1.06 -142.2788562017543086 -2.2231071281524111 -142.2788562017517791 20243.2729220788605744 9.8225427791476250e-11
1.08 -143.4889403544594302 -2.2420146930384286 -143.4889403544614197 20589.0760040462046163 1.8189894035458565e-11
1.10 -144.7000294585985500 -2.2609379602906023 -144.7000294585981806 20938.0985253193248354 1.4188117347657681e-10
1.12 -145.9120992458191495 -2.2798765507159242 -145.9120992458193200 21290.3407063216582173 0.0000000000000000e+00
1.14 -147.1251263402832876 -2.2988300990669264 -147.1251263402872667 21645.8028006454042043 0.0000000000000000e+00
1.16 -148.3390882124482175 -2.3177982533195034 -148.3390882124511450 22004.4850917014628067 1.0186340659856796e-10
1.18 -149.5539631359576163 -2.3367806739993378 -149.5539631359575026 22366.3878896715214069 1.8553691916167736e-10
1.20 -150.7697301474294136 -2.3557770335535846 -150.7697301474331653 22731.5115287298431213 2.5465851649641991e-11
1.22 -151.9863690089037220 -2.3747870157641207 -151.9863690089067063 23099.8563645114918472 0.0000000000000000e+00
1.24 -153.2038601726475520 -2.3938103151976180 -153.2038601726457330 23471.4227717997055151 1.2005330063402653e-10
1.26 -154.4221847482306202 -2.4128466366911034 -154.4221847482286876 23846.2111424160539173 0.0000000000000000e+00
1.28 -155.6413244716679003 -2.4318956948698109 -155.6413244716685540 24224.2218832951111835 0.0000000000000000e+00
1.30 -156.8612616764351344 -2.4509572136942990 -156.8612616764332017 24605.4554147227354406 2.8376234695315361e-10
1.32 -158.0819792662144607 -2.4700309260346009 -158.0819792662180703 24989.9121687249171373 0.0000000000000000e+00
1.34 -159.3034606893357932 -2.4891165732708718 -159.3034606893365606 25377.5925875990724307 7.2759576141834259e-11
1.36 -160.5256899146200453 -2.5082139049159382 -160.5256899146203580 25768.4971225648587279 1.0913936421275139e-11
1.38 -161.7486514087048306 -2.5273226782610130 -161.7486514087035516 26162.6262325342613622 0.0000000000000000e+00
1.40 -162.9723301146074448 -2.5464426580407413 -162.9723301146042900 26559.9803829839984246 4.4383341446518898e-10
1.42 -164.1967114315109484 -2.5655736161173586 -164.1967114315100105 26960.5600449226512865 8.0035533756017685e-11
1.44 -165.4217811956786761 -2.5847153311824793 -165.4217811956772266 27364.3656939509091899 3.9653968997299671e-10
1.46 -166.6475256623786834 -2.6038675884746669 -166.6475256623773475 27771.3978093926452857 0.0000000000000000e+00
1.48 -167.8739314888136676 -2.6230301795127136 -167.8739314888111380 28181.6568735100263439 0.0000000000000000e+00
1.50 -169.1009857179369078 -2.6422029018427642 -169.1009857179319340 28595.1433707758733362 0.0000000000000000e+00
1.52 -170.3286757631148873 -2.6613855587986701 -170.3286757631160242 29011.8577872165951703 0.0000000000000000e+00
1.54 -171.5569893936246046 -2.6805779592753844 -171.5569893936246615 29431.8006098043661041 1.2005330063402653e-10
1.56 -172.7859147208081367 -2.6997799175126271 -172.7859147208096431 29854.9723259071470238 2.4374458007514477e-10
1.58 -174.0154401850082877 -2.7189912528907545 -174.0154401850093109 30281.3734227826025744 5.0931703299283981e-11
1.60 -175.2455545431033386 -2.7382117897359897 -175.2455545431030828 30711.0043871196467080 0.0000000000000000e+00
1.62 -176.4762468566731002 -2.7574413571355172 -176.4762468566705138 31143.8657046167027147 1.9281287677586079e-10
1.64 -177.7075064807297622 -2.7766797887614025 -177.7075064807291085 31579.9578595983475680 0.0000000000000000e+00
1.66 -178.9393230530132826 -2.7959269227033325 -178.9393230530112930 32019.2813346699367685 0.0000000000000000e+00
1.68 -180.1716864837490277 -2.8151826013085786 -180.1716864837459013 32461.8366103974003636 1.7462298274040222e-10
1.70 -181.4045869459230289 -2.8344466710300473 -181.4045869459228300 32907.6241650210722582 1.9645085558295250e-10
1.72 -182.6380148659994518 -2.8537189822812414 -182.6380148660018108 33356.6444741939121741 1.4551915228366852e-11
1.74 -183.8719609150545011 -2.8729993892977266 -183.8719609150554106 33808.8980107474126271 0.0000000000000000e+00
1.76 -185.1064160002995891 -2.8922877500046811 -185.1064160002977985 34264.3852444757503690 4.4383341446518898e-10
1.78 -186.3413712570090581 -2.9115839258907665 -186.3413712570104224 34723.1066419431881513 1.9645085558295250e-10
1.80 -187.5768180408057617 -2.9308877818875900 -187.5768180408044827 35185.0626663133516558 2.7648638933897018e-10
1.82 -188.8127479202380528 -2.9501991862537196 -188.8127479202391896 35650.2537771919887746 2.0372681319713593e-10
1.84 -190.0491526697523739 -2.9695180104648808 -190.0491526697488212 36118.6804304895995301 1.0186340659856796e-10
1.86 -191.2860242628728145 -2.9888441291073877 -191.2860242628752019 36590.3430782973664463 8.7311491370201111e-11
1.88 -192.5233548657857057 -3.0081774197779017 -192.5233548657868710 37065.2421687778260093 1.2369127944111824e-10
1.90 -193.7611368310711271 -3.0275177629854864 -193.7611368310712407 37543.3781460691679968 5.8207660913467407e-11
1.92 -194.9993626917782024 -3.0468650420590344 -194.9993626917771792 38024.7514501994373859 1.7462298274040222e-10
1.94 -196.2380251557122790 -3.0662191430580044 -196.2380251557120516 38509.3625170143859577 5.0931703299283981e-10
1.96 -197.4771170999667333 -3.0855799546869802 -197.4771170999650280 38997.2117781134293182 1.3096723705530167e-10
1.98 -198.7166315656436097 -3.1049473682131814 -198.7166315656473046 39488.2996607971799676 0.0000000000000000e+00
2.00 -199.9565617528456585 -3.1243212773882134 -199.9565617528483017 39982.6265880207138252 8.0035533756017685e-11
