# hx  <H>  err_<H>  <H^2>-<H>^2  err_variance  n_files
0 -8.1495512668926153e+01 2.5945352296482633e-15 -1.8007995095103979e-10 0.0000000000000000e+00 10
0.2 -9.1861917128822796e+01 2.0825370252525847e-06 1.2771039109793492e-05 1.2872972926463515e-08 10
0.4 -1.0315843879981284e+02 1.8790788660784930e-06 1.0180661774938926e-05 1.1783418619669404e-08 10
0.6 -1.1479902497861458e+02 2.3324920551719254e-06 2.0747920643771067e-05 1.6585600617432347e-08 10
0.8 -1.2665224024389079e+02 1.8820710710115969e-06 5.6538101489422843e-06 4.8615841595601976e-09 10
1 -1.3865488984023253e+02 8.7267324153736432e-07 2.8346730687189847e-06 6.1598380919867762e-09 10
1.2 -1.5076973178255031e+02 9.9772274828192997e-07 4.6803179429844022e-06 6.9195858851922457e-09 10
1.4 -1.6297232747020342e+02 1.6331717325050621e-06 1.1215957783861086e-05 1.8661736184718504e-08 10
1.6 -1.7524555600883318e+02 1.7652787565666067e-06 2.2017527953721583e-05 3.1612139431104737e-08 10
1.8 -1.8757682028417798e+02 3.0934630541727546e-06 2.4590226530563086e-05 3.1556653304506374e-08 10
2 -1.9995656034619489e+02 2.2396435764668039e-06 1.8154743884224445e-05 1.4907742989769494e-08 10
