-1.248512554434039288e+02  0.000000000000000000e+00   1.589413867410269449e+04  1.965010977711995760e-02 5.083523437499999886e+01 2.622961656250000033e+03
-1.466505727089389666e+02  0.000000000000000000e+00   2.169829799115503192e+04  8.923278665039070454e-03 4.452917187500000296e+01 2.032008593750000045e+03
-1.602357770132928749e+02  0.000000000000000000e+00   2.577887052413994752e+04  4.025871824752988437e-03 3.798639062499999852e+01 1.499077156250000144e+03
-1.674320047774245381e+02  0.000000000000000000e+00   2.808730942465537373e+04  1.920318423520354272e-03 3.263760937500000381e+01 1.124446968749999996e+03
-1.711864920134109127e+02  0.000000000000000000e+00   2.933313216323494271e+04  9.662956524755107312e-04 2.858671874999999929e+01 8.778044375000000628e+02
-1.731418512686738040e+02  0.000000000000000000e+00   2.999283196002203113e+04  4.914020219353838976e-04 2.558592187500000037e+01 7.149294687500000691e+02
-1.741039880819632515e+02  0.000000000000000000e+00   3.032004467046429272e+04  2.588398323174102714e-04 2.349367187500000043e+01 6.122376562499999864e+02
-1.746439945826366795e+02  0.000000000000000000e+00   3.050473318322279010e+04  1.379759680961399344e-04 2.190460937499999972e+01 5.402079687499999636e+02
-1.749227145895677893e+02  0.000000000000000000e+00   3.060025926443695425e+04  7.527251322236171063e-05 2.075426562500000216e+01 4.916102187500000014e+02
-1.750785484410994854e+02  0.000000000000000000e+00   3.065374874884093515e+04  4.080008727013952904e-05 1.986896875000000051e+01 4.547134374999999977e+02
-1.751477367665097518e+02  0.000000000000000000e+00   3.067743369192162936e+04  2.294890941926343081e-05 1.933370312499999955e+01 4.339875937500000305e+02
-1.751942207598265497e+02  0.000000000000000000e+00   3.069342147784222470e+04  1.324373638588240684e-05 1.880849999999999866e+01 4.143203125000000000e+02
-1.752170051671193676e+02  0.000000000000000000e+00   3.070124191741611867e+04  7.915627845760036065e-06 1.850882812500000085e+01 4.026175312500000132e+02
-1.752291850858587736e+02  0.000000000000000000e+00   3.070541849830092906e+04  4.923990573724388713e-06 1.828501562499999977e+01 3.945354687500000068e+02
-1.752357378499053766e+02  0.000000000000000000e+00   3.070766375084391620e+04  3.254281054153734369e-06 1.807554687500000057e+01 3.866299062500000332e+02
-1.752393156776664114e+02  0.000000000000000000e+00   3.070888744742465133e+04  2.269323696409390090e-06 1.795640625000000057e+01 3.831971250000000282e+02
-1.752425722414950542e+02  0.000000000000000000e+00   3.071001000375911826e+04  1.656724559468731935e-06 1.784371875000000074e+01 3.790663749999999936e+02
-1.752434699375607750e+02  0.000000000000000000e+00   3.071031263675696027e+04  1.266058404507900996e-06 1.771946875000000077e+01 3.748235624999999800e+02
-1.752446543271719861e+02  0.000000000000000000e+00   3.071071905425933801e+04  9.828502859540927415e-07 1.769390625000000128e+01 3.740087500000000205e+02
-1.752435243408994836e+02  0.000000000000000000e+00   3.071031697854008235e+04  7.865480408021851958e-07 1.771124999999999972e+01 3.738196250000000305e+02
-1.752441730108949116e+02  0.000000000000000000e+00   3.071054046786624895e+04  6.608026717303826822e-07 1.770373437499999980e+01 3.740411562500000286e+02
-1.752441749970116973e+02  0.000000000000000000e+00   3.071053747673013640e+04  5.407380403979308845e-07 1.762693750000000037e+01 3.713068125000000350e+02
-1.752451644362630532e+02  0.000000000000000000e+00   3.071088151012792514e+04  4.510401725190957072e-07 1.761165624999999935e+01 3.707839375000000359e+02
-1.752449962463317092e+02  0.000000000000000000e+00   3.071082046061105575e+04  3.826416409795266454e-07 1.764821875000000162e+01 3.720210000000000150e+02
-1.752449627296073800e+02  0.000000000000000000e+00   3.071080670125321558e+04  3.171246825495134322e-07 1.756735937499999878e+01 3.690800937500000032e+02
-1.752449567126679710e+02  0.000000000000000000e+00   3.071080283318347210e+04  2.598421382473034477e-07 1.757628125000000097e+01 3.698670000000000186e+02
-1.752454809972021224e+02  0.000000000000000000e+00   3.071098527774323520e+04  2.171146217091825940e-07 1.757946875000000020e+01 3.692853749999999877e+02
-1.752453476425759789e+02  0.000000000000000000e+00   3.071093748389370012e+04  1.827859348240824359e-07 1.758579687499999977e+01 3.703039062500000114e+02
-1.752452226243845530e+02  0.000000000000000000e+00   3.071089257565392109e+04  1.472762301800377151e-07 1.763510937499999898e+01 3.714563437500000305e+02
-1.752453706736021672e+02  0.000000000000000000e+00   3.071094369248983276e+04  1.221050745734159978e-07 1.759084375000000122e+01 3.699983124999999973e+02
-1.752451755823010728e+02  0.000000000000000000e+00   3.071087462491291808e+04  9.964033024196469251e-08 1.757874999999999943e+01 3.691269374999999968e+02
-1.752456005592300698e+02  0.000000000000000000e+00   3.071102300759830177e+04  8.115109960853585064e-08 1.761323437500000111e+01 3.710252812500000346e+02
-1.752454497955987733e+02  0.000000000000000000e+00   3.071096965935207118e+04  6.464434346348433851e-08 1.755510937500000068e+01 3.693426562500000045e+02
-1.752455911960446713e+02  0.000000000000000000e+00   3.071101882674801163e+04  5.187378821496860128e-08 1.757518750000000196e+01 3.696047500000000241e+02
-1.752455116896114475e+02  0.000000000000000000e+00   3.071099062322472309e+04  4.089321145778470564e-08 1.761637500000000145e+01 3.707694999999999936e+02
-1.752453964670134496e+02  0.000000000000000000e+00   3.071094993469314068e+04  3.099260821595867231e-08 1.765226562500000185e+01 3.721812187500000277e+02
-1.752454155153078261e+02  0.000000000000000000e+00   3.071095638900963604e+04  2.376600550922704352e-08 1.763665625000000148e+01 3.716965625000000273e+02
-1.752455155441494412e+02  0.000000000000000000e+00   3.071099126707542746e+04  1.786789323771741492e-08 1.763851562500000014e+01 3.719083437500000286e+02
-1.752454834527861465e+02  0.000000000000000000e+00   3.071097990602653954e+04  1.417818010253528787e-08 1.762370312499999869e+01 3.714989687500000173e+02
-1.752455450294185084e+02  0.000000000000000000e+00   3.071100141181287472e+04  1.169466681313053054e-08 1.760335937500000014e+01 3.704492812500000127e+02
-1.752455848506799896e+02  0.000000000000000000e+00   3.071101532038309233e+04  1.011774481164053694e-08 1.759518750000000153e+01 3.709329374999999800e+02
-1.752455387907281477e+02  0.000000000000000000e+00   3.071099912835006762e+04  8.540831429939464157e-09 1.757242187499999986e+01 3.692072187499999814e+02
-1.752454873302559122e+02  0.000000000000000000e+00   3.071098106748650025e+04  7.745360391022651767e-09 1.756671874999999972e+01 3.698428124999999795e+02
-1.752454676323362719e+02  0.000000000000000000e+00   3.071097413728398897e+04  6.890298263970088693e-09 1.757231249999999889e+01 3.695654999999999859e+02
-1.752455276775410198e+02  0.000000000000000000e+00   3.071099516381089052e+04  6.278894446628691192e-09 1.761876562500000176e+01 3.712819687500000327e+02
-1.752455901227461368e+02  0.000000000000000000e+00   3.071101704365195837e+04  6.062398427164145179e-09 1.761160937500000045e+01 3.712628437500000018e+02
-1.752455634886372309e+02  0.000000000000000000e+00   3.071100768568734202e+04  5.315272070432304758e-09 1.761656250000000057e+01 3.707928749999999809e+02
-1.752455099879113334e+02  0.000000000000000000e+00   3.071098892036219695e+04  4.865980326684880346e-09 1.757457812499999861e+01 3.692008437499999900e+02
-1.752454815611207266e+02  0.000000000000000000e+00   3.071097894570048084e+04  4.497133647569048616e-09 1.761628125000000011e+01 3.710190625000000182e+02
-1.752455773671455290e+02  0.000000000000000000e+00   3.071101251824803694e+04  4.281976919200044862e-09 1.761757812500000142e+01 3.711937187500000164e+02
-1.752454958345635134e+02  0.000000000000000000e+00   3.071098393178690094e+04  3.955746986967347162e-09 1.769043750000000159e+01 3.734700624999999832e+02
-1.752455950680504770e+02  0.000000000000000000e+00   3.071101870920161309e+04  3.856807809691471565e-09 1.760021874999999980e+01 3.710956874999999968e+02
-1.752455454722772572e+02  0.000000000000000000e+00   3.071100131969684662e+04  3.641068179867229943e-09 1.761942187500000045e+01 3.710453437500000291e+02
-1.752455885363197297e+02  0.000000000000000000e+00   3.071101641148890849e+04  3.583334134055891397e-09 1.755568750000000122e+01 3.691294374999999945e+02
-1.752455130295874142e+02  0.000000000000000000e+00   3.071098994019830207e+04  3.360198067632184663e-09 1.764168749999999974e+01 3.717488749999999982e+02
-1.752455374844077767e+02  0.000000000000000000e+00   3.071099850818816776e+04  3.255810670356290302e-09 1.757681249999999906e+01 3.697996249999999918e+02
-1.752455081056666302e+02  0.000000000000000000e+00   3.071098820857476676e+04  3.170249632531793570e-09 1.757075000000000031e+01 3.694856874999999832e+02
-1.752455532675685674e+02  0.000000000000000000e+00   3.071100403590317728e+04  3.120932312346567518e-09 1.761471875000000153e+01 3.710906249999999886e+02
-1.752455651161823766e+02  0.000000000000000000e+00   3.071100818533084021e+04  3.010019113226904650e-09 1.761514062499999866e+01 3.712117812500000014e+02
-1.752455216501745667e+02  0.000000000000000000e+00   3.071099294988733163e+04  2.977615567071325905e-09 1.755496875000000045e+01 3.687967500000000314e+02
-1.752455756549352657e+02  0.000000000000000000e+00   3.071101187485863193e+04  2.872878102366521881e-09 1.762496875000000074e+01 3.716293125000000259e+02
-1.752455535824378217e+02  0.000000000000000000e+00   3.071100413759056028e+04  2.838574553780611881e-09 1.758678125000000136e+01 3.697898749999999950e+02
-1.752455729008196954e+02  0.000000000000000000e+00   3.071101090752876553e+04  2.806558754372902602e-09 1.751465625000000159e+01 3.684405624999999986e+02
-1.752455860791698683e+02  0.000000000000000000e+00   3.071101552451062526e+04  2.744256066378622987e-09 1.755839062500000125e+01 3.694390937499999836e+02
-1.752455760843035648e+02  0.000000000000000000e+00   3.071101201826706892e+04  2.642297771810422970e-09 1.760160937499999889e+01 3.709386562500000082e+02
-1.752455641882864654e+02  0.000000000000000000e+00   3.071100784654717791e+04  2.568341194646577046e-09 1.761703125000000014e+01 3.710264999999999986e+02
-1.752455369339139679e+02  0.000000000000000000e+00   3.071099829223682900e+04  2.506627246837686460e-09 1.753578124999999943e+01 3.678162500000000250e+02
-1.752455425106541895e+02  0.000000000000000000e+00   3.071100024562043836e+04  2.467094289718499984e-09 1.755375000000000085e+01 3.693261875000000032e+02
-1.752455473619633892e+02  0.000000000000000000e+00   3.071100194531744273e+04  2.446136122280385240e-09 1.754315624999999912e+01 3.685612500000000296e+02
-1.752455110702244099e+02  0.000000000000000000e+00   3.071098922355343166e+04  2.386418870699594049e-09 1.760809375000000188e+01 3.709538125000000264e+02
-1.752455509229008896e+02  0.000000000000000000e+00   3.071100319045887227e+04  2.350552466116193005e-09 1.755495312500000082e+01 3.687159062499999891e+02
-1.752455275240212700e+02  0.000000000000000000e+00   3.071099498894220233e+04  2.336938538391186759e-09 1.751584375000000193e+01 3.677588749999999891e+02
-1.752455615825215318e+02  0.000000000000000000e+00   3.071100692406032977e+04  2.269120749689345651e-09 1.757726562499999901e+01 3.701655937500000277e+02
-1.752455404004554964e+02  0.000000000000000000e+00   3.071099949890390781e+04  2.235558215605283304e-09 1.764321874999999906e+01 3.717119375000000332e+02
-1.752455573674749587e+02  0.000000000000000000e+00   3.071100544521451593e+04  2.219971609108361827e-09 1.750301562499999974e+01 3.679145937499999945e+02
-1.752455496748678456e+02  0.000000000000000000e+00   3.071100274763102789e+04  2.174610023049903723e-09 1.760026562499999869e+01 3.701182187499999827e+02
-1.752455719890163550e+02  0.000000000000000000e+00   3.071101056753872035e+04  2.141942063101650009e-09 1.758967187500000051e+01 3.703759687500000268e+02
-1.752455471320669744e+02  0.000000000000000000e+00   3.071100185416028762e+04  2.101617506410879348e-09 1.754599999999999937e+01 3.686707499999999982e+02
-1.752455151980842345e+02  0.000000000000000000e+00   3.071099066057468372e+04  2.068728853725102212e-09 1.758896874999999937e+01 3.701776250000000346e+02
-1.752455278450873948e+02  0.000000000000000000e+00   3.071099509297934492e+04  2.060370951660942980e-09 1.751687499999999886e+01 3.679398125000000164e+02
-1.752455529771339116e+02  0.000000000000000000e+00   3.071100390067633634e+04  2.032329817192758460e-09 1.757670312500000165e+01 3.701190312500000346e+02
-1.752455657136643197e+02  0.000000000000000000e+00   3.071100836331026949e+04  1.986519976142915735e-09 1.756862500000000082e+01 3.696154999999999973e+02
-1.752455833559068594e+02  0.000000000000000000e+00   3.071101454600169745e+04  1.961823716380327723e-09 1.765703124999999929e+01 3.728132499999999823e+02
-1.752455782493250069e+02  0.000000000000000000e+00   3.071101275536051617e+04  1.934818029807226237e-09 1.757056250000000119e+01 3.695849999999999795e+02
-1.752455647104767991e+02  0.000000000000000000e+00   3.071100800944566072e+04  1.913051823053920182e-09 1.757987500000000125e+01 3.703310625000000300e+02
-1.752455630170931329e+02  0.000000000000000000e+00   3.071100741451747672e+04  1.867067231365634361e-09 1.767943749999999881e+01 3.734454999999999814e+02
-1.752455624743978433e+02  0.000000000000000000e+00   3.071100722474930444e+04  1.881450114530416749e-09 1.754090624999999903e+01 3.689034374999999955e+02
-1.752455647502496277e+02  0.000000000000000000e+00   3.071100802180837854e+04  1.861692141667405273e-09 1.758609374999999986e+01 3.700980625000000259e+02
-1.752455316655962747e+02  0.000000000000000000e+00   3.071099642485799632e+04  1.826723182312286183e-09 1.756962500000000205e+01 3.693750625000000127e+02
-1.752455580250835112e+02  0.000000000000000000e+00   3.071100566304192398e+04  1.807788822860507124e-09 1.760303125000000080e+01 3.706901875000000359e+02
-1.752455788888680104e+02  0.000000000000000000e+00   3.071101297532410899e+04  1.798366207766237568e-09 1.758959374999999881e+01 3.693935000000000173e+02
-1.752455488854801615e+02  0.000000000000000000e+00   3.071100245874944085e+04  1.777090258208395689e-09 1.759342187500000065e+01 3.701811562500000150e+02
-1.752455895771956307e+02  0.000000000000000000e+00   3.071101672001945553e+04  1.750530105340187028e-09 1.759568750000000037e+01 3.708818749999999795e+02
-1.752455500097499339e+02  0.000000000000000000e+00   3.071100285184698078e+04  1.746189037037329189e-09 1.752828124999999915e+01 3.681800000000000068e+02
-1.752455462719202046e+02  0.000000000000000000e+00   3.071100154195023424e+04  1.752027101200086354e-09 1.762714062499999912e+01 3.714817187500000273e+02
-1.752455810246691783e+02  0.000000000000000000e+00   3.071101372189333051e+04  1.732910530740681352e-09 1.757485937499999906e+01 3.695649062500000355e+02
-1.752455637662602328e+02  0.000000000000000000e+00   3.071100767286170958e+04  1.729260337557513854e-09 1.760931250000000148e+01 3.713158750000000055e+02
-1.752455400206565059e+02  0.000000000000000000e+00   3.071099934885185939e+04  1.684098148963798328e-09 1.763898437499999972e+01 3.716249687499999936e+02
-1.752455477619028841e+02  0.000000000000000000e+00   3.071100206172151957e+04  1.672108698333724404e-09 1.758696875000000048e+01 3.702585000000000264e+02
-1.752455606756301734e+02  0.000000000000000000e+00   3.071100658706914328e+04  1.646092839917786400e-09 1.761551562500000045e+01 3.709989062500000045e+02
-1.752455447773550929e+02  0.000000000000000000e+00   3.071100101548177554e+04  1.666171852675584158e-09 1.755100000000000193e+01 3.690487499999999841e+02
-1.752455452933319009e+02  0.000000000000000000e+00   3.071100119465301395e+04  1.611662576622219043e-09 1.756292187500000068e+01 3.697687187500000050e+02
-1.752455631449999487e+02  0.000000000000000000e+00   3.071100745139274295e+04  1.608041683737241298e-09 1.761074999999999946e+01 3.713571875000000091e+02
-1.752455501126042918e+02  0.000000000000000000e+00   3.071100288275667845e+04  1.578827573370642448e-09 1.762129687499999875e+01 3.714591562500000350e+02
-1.752455645419281893e+02  0.000000000000000000e+00   3.071100793967504796e+04  1.564778613440319503e-09 1.763429687500000043e+01 3.715359687499999950e+02
-1.752455558999207597e+02  0.000000000000000000e+00   3.071100491084813621e+04  1.568684699072291770e-09 1.757170312499999909e+01 3.694997812500000123e+02
-1.752455311036783030e+02  0.000000000000000000e+00   3.071099621955720067e+04  1.554717463314783865e-09 1.757048437499999949e+01 3.695750937500000077e+02
-1.752455897942346894e+02  0.000000000000000000e+00   3.071101679051870451e+04  1.569128429841080380e-09 1.756257812500000171e+01 3.698592812499999809e+02
-1.752455319211361484e+02  0.000000000000000000e+00   3.071099650520428986e+04  1.526565310647298842e-09 1.760881249999999909e+01 3.707186250000000314e+02
-1.752455327624995221e+02  0.000000000000000000e+00   3.071099680055256977e+04  1.541476378947425016e-09 1.761020312500000173e+01 3.706254062500000259e+02
-1.752455377332700266e+02  0.000000000000000000e+00   3.071099854187836900e+04  1.512663275234961310e-09 1.755409374999999983e+01 3.692569374999999923e+02
-1.752455628319826815e+02  0.000000000000000000e+00   3.071100733792649407e+04  1.485724794531186157e-09 1.761342187500000023e+01 3.713810312500000350e+02
-1.752455160576650712e+02  0.000000000000000000e+00   3.071099094415605578e+04  1.492583270337546680e-09 1.766079687499999906e+01 3.723010312499999941e+02
-1.752455390929431474e+02  0.000000000000000000e+00   3.071099901793575191e+04  1.496515581621806783e-09 1.758228125000000119e+01 3.701136250000000132e+02
-1.752455562102025226e+02  0.000000000000000000e+00   3.071100501711497418e+04  1.487796390157592608e-09 1.765634375000000134e+01 3.728193125000000236e+02
-1.752455711348774230e+02  0.000000000000000000e+00   3.071101024709886769e+04  1.455812946299505859e-09 1.762584375000000136e+01 3.711344374999999900e+02
-1.752455263283187037e+02  0.000000000000000000e+00   3.071099454242625507e+04  1.443678800448302892e-09 1.755160937500000173e+01 3.692548437500000205e+02
-1.752455788673377697e+02  0.000000000000000000e+00   3.071101295698797549e+04  1.447027228861284746e-09 1.756610937499999991e+01 3.697459687500000314e+02
-1.752455204559392712e+02  0.000000000000000000e+00   3.071099248302136039e+04  1.404980037668955831e-09 1.765243750000000134e+01 3.716898125000000164e+02
-1.752455579038605720e+02  0.000000000000000000e+00   3.071100560902032521e+04  1.432221924418583057e-09 1.764645312500000074e+01 3.726939062499999977e+02
-1.752455596593030123e+02  0.000000000000000000e+00   3.071100622338091125e+04  1.402708204818946475e-09 1.766495312500000026e+01 3.730733437499999923e+02
-1.752455422369978351e+02  0.000000000000000000e+00   3.071100011763871225e+04  1.422920819577415362e-09 1.758460937499999943e+01 3.700084687500000200e+02
-1.752455228662408047e+02  0.000000000000000000e+00   3.071099332788270476e+04  1.407332348308008947e-09 1.755999999999999872e+01 3.692945624999999836e+02
-1.752455609857022125e+02  0.000000000000000000e+00   3.071100668790808413e+04  1.390856769207450934e-09 1.764417187500000139e+01 3.716727187500000014e+02
-1.752455539158507065e+02  0.000000000000000000e+00   3.071100420951894193e+04  1.375585214463628678e-09 1.757564062500000190e+01 3.696187187500000277e+02
-1.752455546646093865e+02  0.000000000000000000e+00   3.071100447165964943e+04  1.366059245835021440e-09 1.763435937499999895e+01 3.719039687499999900e+02
-1.752455272972589171e+02  0.000000000000000000e+00   3.071099487981159837e+04  1.371407126730276797e-09 1.756962500000000205e+01 3.696064999999999827e+02
-1.752455742849722924e+02  0.000000000000000000e+00   3.071101134877503137e+04  1.377528324025883761e-09 1.759693749999999923e+01 3.709103749999999877e+02
-1.752455275178555496e+02  0.000000000000000000e+00   3.071099495633687911e+04  1.345622732468577140e-09 1.756157812500000048e+01 3.692792187499999841e+02
-1.752455542931665491e+02  0.000000000000000000e+00   3.071100434083568325e+04  1.345332098010737947e-09 1.754092187499999866e+01 3.694785937500000159e+02
-1.752455331654221595e+02  0.000000000000000000e+00   3.071099693639715406e+04  1.366418510285259752e-09 1.756810937499999881e+01 3.693805937500000027e+02
-1.752455355072951306e+02  0.000000000000000000e+00   3.071099775670087911e+04  1.350077952521434611e-09 1.757384375000000176e+01 3.697496249999999804e+02
-1.752455552475586558e+02  0.000000000000000000e+00   3.071100467469948489e+04  1.324422740831731210e-09 1.760007812499999957e+01 3.703352812499999800e+02
-1.752455501731299421e+02  0.000000000000000000e+00   3.071100289655759480e+04  1.337455264446960227e-09 1.757229687499999926e+01 3.700486562500000218e+02
-1.752455414045166435e+02  0.000000000000000000e+00   3.071099982266536244e+04  1.318850070183562495e-09 1.757707812499999989e+01 3.695770312500000045e+02
-1.752455731276158701e+02  0.000000000000000000e+00   3.071101094173844103e+04  1.332156741355729207e-09 1.757695312499999929e+01 3.697278437500000337e+02
-1.752455437003644079e+02  0.000000000000000000e+00   3.071100062662522396e+04  1.295590947705944193e-09 1.764356250000000159e+01 3.713535625000000095e+02
-1.752455562559324846e+02  0.000000000000000000e+00   3.071100502753711771e+04  1.305262422683998144e-09 1.765765624999999872e+01 3.725095000000000027e+02
-1.752455482507002955e+02  0.000000000000000000e+00   3.071100222165734885e+04  1.301449718659735055e-09 1.758889062500000122e+01 3.701485937500000318e+02
-1.752455413928415169e+02  0.000000000000000000e+00   3.071099981744770776e+04  1.282197827487469732e-09 1.760201562499999994e+01 3.711162187500000300e+02
-1.752455594193775710e+02  0.000000000000000000e+00   3.071100613584513849e+04  1.290564759301723745e-09 1.765050000000000097e+01 3.721084374999999795e+02
-1.752455514599039930e+02  0.000000000000000000e+00   3.071100334585183009e+04  1.281819797619616110e-09 1.765381250000000080e+01 3.723351875000000177e+02
-1.752455572387348468e+02  0.000000000000000000e+00   3.071100537091834485e+04  1.270022078344274015e-09 1.758804687499999986e+01 3.700452812500000164e+02
-1.752455636478506733e+02  0.000000000000000000e+00   3.071100761697604321e+04  1.260888719362483487e-09 1.755284375000000097e+01 3.687705000000000268e+02
-1.752455522041597931e+02  0.000000000000000000e+00   3.071100360590640048e+04  1.255755248881664995e-09 1.755515624999999957e+01 3.692090000000000032e+02
-1.752455647767866367e+02  0.000000000000000000e+00   3.071100801231840160e+04  1.249828117952191883e-09 1.756625000000000014e+01 3.695183125000000359e+02
-1.752455588463970457e+02  0.000000000000000000e+00   3.071100593333493089e+04  1.235678219699516043e-09 1.758451562500000165e+01 3.695997812500000350e+02
-1.752455352913039235e+02  0.000000000000000000e+00   3.071099767815829546e+04  1.257616118973425567e-09 1.760978125000000105e+01 3.707771250000000123e+02
-1.752455696253155111e+02  0.000000000000000000e+00   3.071100971133544954e+04  1.238453075497284593e-09 1.758359375000000213e+01 3.702750000000000341e+02
-1.752455713754312114e+02  0.000000000000000000e+00   3.071101032446587851e+04  1.229673739341289678e-09 1.762435937500000094e+01 3.716084687499999859e+02
-1.752455586675655184e+02  0.000000000000000000e+00   3.071100587021062165e+04  1.221173693145382952e-09 1.754614062499999960e+01 3.690033437499999991e+02
-1.752455667775584232e+02  0.000000000000000000e+00   3.071100871261849898e+04  1.218807609287798481e-09 1.763268749999999940e+01 3.723162500000000250e+02
-1.752455578305702204e+02  0.000000000000000000e+00   3.071100557662792562e+04  1.213903434515213033e-09 1.762356250000000202e+01 3.710762500000000159e+02
-1.752455510289819074e+02  0.000000000000000000e+00   3.071100319287171442e+04  1.218462758788614713e-09 1.757225000000000037e+01 3.695658750000000055e+02
-1.752455585705868089e+02  0.000000000000000000e+00   3.071100583566873684e+04  1.203209230367410164e-09 1.764442187499999903e+01 3.718253437500000018e+02
-1.752455602095288327e+02  0.000000000000000000e+00   3.071100640992580520e+04  1.197427723806974327e-09 1.759039062500000128e+01 3.703775937500000168e+02
-1.752455433014453092e+02  0.000000000000000000e+00   3.071100048413640980e+04  1.208611502658693204e-09 1.756140625000000099e+01 3.689167500000000359e+02
-1.752455902906835945e+02  0.000000000000000000e+00   3.071101695312176162e+04  1.197994373224760871e-09 1.753118750000000148e+01 3.687801875000000109e+02
-1.752455595831218318e+02  0.000000000000000000e+00   3.071100619017045028e+04  1.190743950103483999e-09 1.765306250000000077e+01 3.726997499999999945e+02
-1.752455538591088668e+02  0.000000000000000000e+00   3.071100418358032766e+04  1.178551570589855870e-09 1.756529687500000136e+01 3.692749062500000150e+02
-1.752455758039895670e+02  0.000000000000000000e+00   3.071101187530106836e+04  1.186193859131685190e-09 1.756751562499999864e+01 3.697384062500000255e+02
-1.752455443528130274e+02  0.000000000000000000e+00   3.071100085132245658e+04  1.165989293963060741e-09 1.762976562500000099e+01 3.715124687499999823e+02
-1.752455528827747457e+02  0.000000000000000000e+00   3.071100384138965092e+04  1.178738748119050451e-09 1.754560937500000151e+01 3.688894062500000359e+02
-1.752455686515372690e+02  0.000000000000000000e+00   3.071100936825006283e+04  1.180338909757698102e-09 1.755957812500000159e+01 3.700134062500000027e+02
-1.752455770600632547e+02  0.000000000000000000e+00   3.071101231504386305e+04  1.169915637775650581e-09 1.758107812500000122e+01 3.699544062500000337e+02
-1.752455739933748191e+02  0.000000000000000000e+00   3.071101123988072868e+04  1.159627088443001572e-09 1.757481250000000017e+01 3.698715000000000259e+02
-1.752455555405365146e+02  0.000000000000000000e+00   3.071100477229209355e+04  1.158569261549021298e-09 1.766651562499999883e+01 3.730360312500000077e+02
-1.752455372779825780e+02  0.000000000000000000e+00   3.071099837167199439e+04  1.166462037523668688e-09 1.758117187499999901e+01 3.694924062499999877e+02
-1.752455401598413687e+02  0.000000000000000000e+00   3.071099938182084952e+04  1.169166643550472116e-09 1.759498437499999923e+01 3.701151562499999841e+02
-1.752455694197870173e+02  0.000000000000000000e+00   3.071100963705262620e+04  1.165290055503205764e-09 1.759751562499999977e+01 3.704244687500000168e+02
-1.752455741205533570e+02  0.000000000000000000e+00   3.071101128442224217e+04  1.158538216682506482e-09 1.752973437500000031e+01 3.681864687500000173e+02
-1.752455447676904328e+02  0.000000000000000000e+00   3.071100099640920962e+04  1.155436769216206641e-09 1.757453124999999972e+01 3.700912500000000023e+02
-1.752455591622928353e+02  0.000000000000000000e+00   3.071100604134174500e+04  1.147375835841912676e-09 1.757589062499999955e+01 3.699719062500000177e+02
-1.752455827664666970e+02  0.000000000000000000e+00   3.071101431469469389e+04  1.157114705766008661e-09 1.758835937499999957e+01 3.701685312500000009e+02
-1.752455456962096605e+02  0.000000000000000000e+00   3.071100132119985938e+04  1.134367137831917801e-09 1.758826562500000179e+01 3.699038437500000214e+02
-1.752455503523042921e+02  0.000000000000000000e+00   3.071100295316371557e+04  1.135804571241221769e-09 1.759021875000000179e+01 3.698748125000000186e+02
-1.752455501084102991e+02  0.000000000000000000e+00   3.071100286768481601e+04  1.135927415849556663e-09 1.758268749999999869e+01 3.704593125000000100e+02
-1.752455567540474703e+02  0.000000000000000000e+00   3.071100519668063134e+04  1.128082891088573354e-09 1.757303124999999966e+01 3.698813125000000355e+02
-1.752455639301264512e+02  0.000000000000000000e+00   3.071100771141395307e+04  1.114451072461672569e-09 1.757762500000000117e+01 3.700961250000000291e+02
-1.752455838315144945e+02  0.000000000000000000e+00   3.071101468707862296e+04  1.127616526992143126e-09 1.760018750000000054e+01 3.709047500000000355e+02
-1.752455807686667697e+02  0.000000000000000000e+00   3.071101361342941891e+04  1.122792938667830042e-09 1.755956250000000196e+01 3.688428124999999795e+02
-1.752455525583154667e+02  0.000000000000000000e+00   3.071100372598778631e+04  1.123977529575064952e-09 1.755506250000000179e+01 3.690189374999999927e+02
-1.752455194599466779e+02  0.000000000000000000e+00   3.071099212498798443e+04  1.113654530655443951e-09 1.755418750000000117e+01 3.686308750000000032e+02
-1.752455325050668762e+02  0.000000000000000000e+00   3.071099669700675076e+04  1.107821467981642226e-09 1.762953124999999943e+01 3.716308124999999905e+02
-1.752455390893846925e+02  0.000000000000000000e+00   3.071099900556206194e+04  1.134219150241708561e-09 1.762424999999999997e+01 3.716203750000000241e+02
-1.752455483291978737e+02  0.000000000000000000e+00   3.071100224311646161e+04  1.104335034690362767e-09 1.762542187500000068e+01 3.710158437499999877e+02
-1.752455425021883855e+02  0.000000000000000000e+00   3.071100020087244047e+04  1.106643390330024820e-09 1.764462500000000134e+01 3.723811875000000100e+02
-1.752455418470109976e+02  0.000000000000000000e+00   3.071099997126578455e+04  1.107528283556141260e-09 1.759467187499999952e+01 3.699615937500000200e+02
-1.752455678602420903e+02  0.000000000000000000e+00   3.071100908867947510e+04  1.107770794596921625e-09 1.762920312500000009e+01 3.715578437500000177e+02
-1.752455462742693726e+02  0.000000000000000000e+00   3.071100152301735943e+04  1.108732002753743168e-09 1.760954687499999949e+01 3.712783437500000332e+02
-1.752455557081442237e+02  0.000000000000000000e+00   3.071100482938057758e+04  1.104630021753688686e-09 1.752092187499999909e+01 3.681834062500000186e+02
-1.752455517102590363e+02  0.000000000000000000e+00   3.071100342789104980e+04  1.095958200605417474e-09 1.761565625000000068e+01 3.710010624999999891e+02
-1.752455645230602670e+02  0.000000000000000000e+00   3.071100791859628225e+04  1.093751277630092376e-09 1.751329687500000176e+01 3.676857812499999909e+02
-1.752455583973269313e+02  0.000000000000000000e+00   3.071100577125395284e+04  1.083098028350376271e-09 1.758289062500000099e+01 3.700750312499999950e+02
-1.752455413313747954e+02  0.000000000000000000e+00   3.071099978999171071e+04  1.089678608691243227e-09 1.761859374999999872e+01 3.709730000000000132e+02
-1.752455517906092552e+02  0.000000000000000000e+00   3.071100345595148247e+04  1.092649772692131428e-09 1.761340625000000060e+01 3.709063750000000255e+02
-1.752455627719165250e+02  0.000000000000000000e+00   3.071100730457459213e+04  1.085241361758130751e-09 1.758407812500000134e+01 3.697470937500000332e+02
-1.752455729817751831e+02  0.000000000000000000e+00   3.071101088291072301e+04  1.081046503058540873e-09 1.758951562500000065e+01 3.707238437500000146e+02
-1.752455735191272197e+02  0.000000000000000000e+00   3.071101107077812048e+04  1.065751259648543153e-09 1.755223437500000117e+01 3.688684062500000209e+02
-1.752455525883811731e+02  0.000000000000000000e+00   3.071100373494736414e+04  1.072589293049017781e-09 1.765176562499999946e+01 3.724692187499999818e+02
-1.752455546141915761e+02  0.000000000000000000e+00   3.071100444550319298e+04  1.089758876811698031e-09 1.756126562500000077e+01 3.695190937500000246e+02
-1.752455656742079384e+02  0.000000000000000000e+00   3.071100832149822963e+04  1.075350636530806549e-09 1.761100000000000065e+01 3.710689375000000041e+02
-1.752455410187623386e+02  0.000000000000000000e+00   3.071099967980671863e+04  1.069584379564021856e-09 1.760970312499999935e+01 3.705542187500000182e+02
-1.752455457959300986e+02  0.000000000000000000e+00   3.071100135412059899e+04  1.068254506254950672e-09 1.755653124999999903e+01 3.691441250000000309e+02
-1.752455530671688280e+02  0.000000000000000000e+00   3.071100390289169445e+04  1.076936713367615674e-09 1.749537499999999923e+01 3.671197500000000105e+02
-1.752455691356889815e+02  0.000000000000000000e+00   3.071100953427315835e+04  1.060909797356565421e-09 1.758040624999999935e+01 3.699003124999999841e+02
-1.752455521787637451e+02  0.000000000000000000e+00   3.071100359131753794e+04  1.070552167579060659e-09 1.757543749999999960e+01 3.696911875000000123e+02
-1.752455483683643251e+02  0.000000000000000000e+00   3.071100225523013432e+04  1.051786376258890545e-09 1.763228125000000190e+01 3.713908749999999941e+02
-1.752455391433006184e+02  0.000000000000000000e+00   3.071099902243550241e+04  1.068327083961269510e-09 1.758395312500000074e+01 3.702000312499999950e+02
-1.752455444764748052e+02  0.000000000000000000e+00   3.071100089083230341e+04  1.041196707748233746e-09 1.757287499999999980e+01 3.696471875000000296e+02
-1.752455291784839915e+02  0.000000000000000000e+00   3.071099552985855553e+04  1.068401478942352112e-09 1.760334375000000051e+01 3.706456875000000082e+02
-1.752455621850056389e+02  0.000000000000000000e+00   3.071100709777307929e+04  1.049604205453654790e-09 1.761949999999999861e+01 3.713634375000000318e+02
-1.752455646787439321e+02  0.000000000000000000e+00   3.071100797206996867e+04  1.058192058796267663e-09 1.759232812500000165e+01 3.701628437500000359e+02
-1.752455398897376142e+02  0.000000000000000000e+00   3.071099928321698462e+04  1.041039686284360130e-09 1.757882812500000114e+01 3.697677812499999845e+02
-1.752455580681514959e+02  0.000000000000000000e+00   3.071100565452233786e+04  1.038861492837341261e-09 1.761665625000000190e+01 3.714476250000000164e+02
-1.752455477216901158e+02  0.000000000000000000e+00   3.071100202801942942e+04  1.033644585313621200e-09 1.760973437499999861e+01 3.708353437499999927e+02
-1.752455740748527546e+02  0.000000000000000000e+00   3.071101126449394360e+04  1.031201424269511171e-09 1.755045312500000065e+01 3.690480937500000209e+02
-1.752455404101469014e+02  0.000000000000000000e+00   3.071099946554523194e+04  1.038741940652277026e-09 1.759887499999999960e+01 3.708823750000000246e+02
-1.752455588872401790e+02  0.000000000000000000e+00   3.071100594149869721e+04  1.035379040991734609e-09 1.759928125000000065e+01 3.710702499999999873e+02
-1.752455732899631187e+02  0.000000000000000000e+00   3.071101098955193811e+04  1.036244091335487599e-09 1.762971875000000210e+01 3.719802500000000123e+02
-1.752455197921412093e+02  0.000000000000000000e+00   3.071099223893170711e+04  1.032657918363558266e-09 1.758093750000000099e+01 3.699081249999999841e+02
-1.752455488781678810e+02  0.000000000000000000e+00   3.071100243301970841e+04  1.022740349699138937e-09 1.761189062500000091e+01 3.708138437499999895e+02
-1.752455377787389637e+02  0.000000000000000000e+00   3.071099854279714054e+04  1.023663034048060838e-09 1.756092187500000179e+01 3.692047812499999964e+02
-1.752455549218617534e+02  0.000000000000000000e+00   3.071100455104563298e+04  1.015087861574988114e-09 1.764659375000000097e+01 3.721227499999999964e+02
-1.752455358595943551e+02  0.000000000000000000e+00   3.071099787001868026e+04  1.019254031014319611e-09 1.760037499999999966e+01 3.708130625000000009e+02
-1.752455504103046167e+02  0.000000000000000000e+00   3.071100296965034431e+04  1.010703765399389016e-09 1.762209375000000122e+01 3.714569999999999936e+02
-1.752455557064502045e+02  0.000000000000000000e+00   3.071100482622551863e+04  1.021229213686206111e-09 1.755100000000000193e+01 3.688719375000000014e+02
-1.752455692629204975e+02  0.000000000000000000e+00   3.071100957785121864e+04  1.027844842058812107e-09 1.756084375000000009e+01 3.690717500000000086e+02
-1.752455379708030421e+02  0.000000000000000000e+00   3.071099860981143138e+04  1.013814629080087668e-09 1.759462500000000063e+01 3.706489374999999882e+02
-1.752455403434215100e+02  0.000000000000000000e+00   3.071099944122250599e+04  1.008261859618763627e-09 1.764190625000000168e+01 3.716985000000000241e+02
-1.752455498308161168e+02  0.000000000000000000e+00   3.071100276644732367e+04  1.007530387772387943e-09 1.764540625000000063e+01 3.721138124999999945e+02
-1.752455326634677704e+02  0.000000000000000000e+00   3.071099674963093639e+04  1.013590922368177950e-09 1.758929687499999872e+01 3.702801562500000045e+02
-1.752455463155414748e+02  0.000000000000000000e+00   3.071100153464112009e+04  1.016200286480605521e-09 1.759759375000000148e+01 3.709933125000000018e+02
-1.752455967329130999e+02  0.000000000000000000e+00   3.071101920557256744e+04  1.019105368351641895e-09 1.762321874999999949e+01 3.719560000000000173e+02
-1.752455457475940364e+02  0.000000000000000000e+00   3.071100133530119638e+04  1.007102325744433273e-09 1.757157812500000205e+01 3.699152187500000082e+02
-1.752455348137128794e+02  0.000000000000000000e+00   3.071099750248535565e+04  9.879556480888331374e-10 1.759337500000000176e+01 3.695899375000000191e+02
-1.752455743003302757e+02  0.000000000000000000e+00   3.071101134258478851e+04  1.000690197031096422e-09 1.758539062499999872e+01 3.702608437499999923e+02
-1.752455811915031916e+02  0.000000000000000000e+00   3.071101375772846586e+04  9.957577457653160508e-10 1.763528125000000202e+01 3.714467500000000086e+02
-1.752455524480595841e+02  0.000000000000000000e+00   3.071100368347918993e+04  9.981304403857087787e-10 1.763346874999999869e+01 3.718919999999999959e+02
-1.752455733283637187e+02  0.000000000000000000e+00   3.071101100169920392e+04  9.935296316483223794e-10 1.761907812500000148e+01 3.714385312499999827e+02
-1.752455429224170587e+02  0.000000000000000000e+00   3.071100034475031862e+04  9.956561878985179147e-10 1.748920312499999952e+01 3.669289687500000241e+02
-1.752455568378026101e+02  0.000000000000000000e+00   3.071100522183092471e+04  9.911567400223294022e-10 1.761476562500000043e+01 3.709574687500000323e+02
-1.752455702646326188e+02  0.000000000000000000e+00   3.071100992789141310e+04  9.936217086072117873e-10 1.764114062500000202e+01 3.721420312500000023e+02
-1.752455680660387429e+02  0.000000000000000000e+00   3.071100915710179834e+04  9.870461044948456985e-10 1.762785937499999989e+01 3.714012187499999982e+02
-1.752455379148653662e+02  0.000000000000000000e+00   3.071099858895007492e+04  9.729270202099543947e-10 1.759493750000000034e+01 3.704270625000000337e+02
-1.752455492376587358e+02  0.000000000000000000e+00   3.071100255800526793e+04  9.897624511750841525e-10 1.757821875000000134e+01 3.701188124999999900e+02
-1.752455704934117477e+02  0.000000000000000000e+00   3.071101000779886454e+04  9.845823781948288388e-10 1.753056250000000205e+01 3.679655000000000200e+02
-1.752455377791276590e+02  0.000000000000000000e+00   3.071099854124825652e+04  9.687929385370870268e-10 1.765448437499999912e+01 3.725685312500000350e+02
-1.752455652877201828e+02  0.000000000000000000e+00   3.071100818298882950e+04  9.760745129967022217e-10 1.761057812499999997e+01 3.706635937500000182e+02
-1.752455539730482030e+02  0.000000000000000000e+00   3.071100421722302417e+04  9.736728933996033987e-10 1.752742187500000171e+01 3.681125312500000177e+02
-1.752455814651935384e+02  0.000000000000000000e+00   3.071101385278377347e+04  9.674049518114840948e-10 1.762117187500000171e+01 3.715225312499999859e+02
-1.752455643438661070e+02  0.000000000000000000e+00   3.071100785201924009e+04  9.709587762948978416e-10 1.757737499999999997e+01 3.698096249999999827e+02
-1.752455433721310385e+02  0.000000000000000000e+00   3.071100050130427553e+04  9.609200068544197659e-10 1.756990624999999895e+01 3.698165625000000318e+02
-1.752455371118714993e+02  0.000000000000000000e+00   3.071099830749582543e+04  9.725341022796632548e-10 1.759732812500000065e+01 3.702931562499999814e+02
-1.752455311393433419e+02  0.000000000000000000e+00   3.071099621402745470e+04  9.676305786038806290e-10 1.761496874999999918e+01 3.707404374999999845e+02
-1.752455494026631300e+02  0.000000000000000000e+00   3.071100261516180399e+04  9.677495461543529125e-10 1.757268750000000068e+01 3.699911875000000236e+02
-1.752455586353519834e+02  0.000000000000000000e+00   3.071100585108307496e+04  9.659886774639314543e-10 1.758465625000000188e+01 3.700649374999999850e+02
-1.752455464115208201e+02  0.000000000000000000e+00   3.071100156649102428e+04  9.579149185991626540e-10 1.761584374999999980e+01 3.714885625000000005e+02
-1.752455390830944282e+02  0.000000000000000000e+00   3.071099899776949678e+04  9.522685559541052066e-10 1.761789062500000114e+01 3.710202187500000264e+02
-1.752455643398902225e+02  0.000000000000000000e+00   3.071100784985520659e+04  9.458693921722397064e-10 1.764884375000000105e+01 3.724454375000000255e+02
-1.752455584984852806e+02  0.000000000000000000e+00   3.071100580283222735e+04  9.568621644821619510e-10 1.756400000000000006e+01 3.693643749999999955e+02
-1.752455244532688710e+02  0.000000000000000000e+00   3.071099387015874163e+04  9.526713554500659904e-10 1.760474999999999923e+01 3.705840625000000159e+02
-1.752455646613191220e+02  0.000000000000000000e+00   3.071100796267542319e+04  9.511521623331157273e-10 1.754540624999999920e+01 3.684996249999999804e+02
-1.752455795587222838e+02  0.000000000000000000e+00   3.071101318404460835e+04  9.498920766188974635e-10 1.756010937499999969e+01 3.696542812499999968e+02
-1.752455600754184388e+02  0.000000000000000000e+00   3.071100635539043287e+04  9.522104016217313138e-10 1.758251562499999920e+01 3.695978437499999814e+02
-1.752455199294965951e+02  0.000000000000000000e+00   3.071099228424298417e+04  9.404904330902871893e-10 1.756807812499999955e+01 3.687115937500000200e+02
-1.752455666328278312e+02  0.000000000000000000e+00   3.071100865322608297e+04  9.366407425839763402e-10 1.765026562499999940e+01 3.724971562499999891e+02
-1.752455904863455771e+02  0.000000000000000000e+00   3.071101701414206764e+04  9.519102528592132227e-10 1.762042187500000168e+01 3.716142812500000332e+02
-1.752455408750738286e+02  0.000000000000000000e+00   3.071099962530885023e+04  9.348988488275502635e-10 1.757637499999999875e+01 3.696560625000000186e+02
-1.752455421993359437e+02  0.000000000000000000e+00   3.071100008959983097e+04  9.397478146791700097e-10 1.757189062500000176e+01 3.691527187500000196e+02
-1.752455858615783200e+02  0.000000000000000000e+00   3.071101539284465980e+04  9.402763817742161676e-10 1.759601562499999972e+01 3.707565937500000359e+02
-1.752455492314696812e+02  0.000000000000000000e+00   3.071100255426865624e+04  9.387252056245337346e-10 1.764746875000000159e+01 3.717375000000000114e+02
-1.752455767837016083e+02  0.000000000000000000e+00   3.071101221088659804e+04  9.323802760323397315e-10 1.757409374999999940e+01 3.698827499999999873e+02
-1.752455495705875990e+02  0.000000000000000000e+00   3.071100267274944053e+04  9.264486385715661830e-10 1.763070312500000014e+01 3.716144687500000146e+02
-1.752455363603522471e+02  0.000000000000000000e+00   3.071099804264185514e+04  9.252162175363249023e-10 1.764510937500000054e+01 3.719202812500000164e+02
-1.752455276990514790e+02  0.000000000000000000e+00   3.071099500705381070e+04  9.291392995766653439e-10 1.757829687499999949e+01 3.694798437499999864e+02
-1.752455573352557678e+02  0.000000000000000000e+00   3.071100539425444003e+04  9.283325200328849742e-10 1.760604687500000054e+01 3.710013437499999895e+02
-1.752455501470345212e+02  0.000000000000000000e+00   3.071100287482420754e+04  9.275963767180226627e-10 1.764007812499999872e+01 3.717305312500000127e+02
-1.752455176806360839e+02  0.000000000000000000e+00   3.071099149569858855e+04  9.294540316578188331e-10 1.756028124999999918e+01 3.690241250000000264e+02
-1.752455453736928348e+02  0.000000000000000000e+00   3.071100120182225874e+04  9.279809435064079507e-10 1.758098437499999989e+01 3.698833437499999945e+02
-1.752455627265966598e+02  0.000000000000000000e+00   3.071100728372641970e+04  9.236067993315887359e-10 1.763364062500000173e+01 3.718154687499999795e+02
-1.752455647286921305e+02  0.000000000000000000e+00   3.071100798542308985e+04  9.229546643879442501e-10 1.765317187500000173e+01 3.723104062500000282e+02
-1.752455291420696710e+02  0.000000000000000000e+00   3.071099551233203965e+04  9.132901277492645250e-10 1.762167187500000054e+01 3.708718437499999823e+02
-1.752455699969790430e+02  0.000000000000000000e+00   3.071100983172065753e+04  9.167584024315877314e-10 1.759251562500000077e+01 3.706965312500000209e+02
-1.752455542211557713e+02  0.000000000000000000e+00   3.071100430240994319e+04  9.159549451760872418e-10 1.764381249999999923e+01 3.721101249999999823e+02
-1.752455694304457836e+02  0.000000000000000000e+00   3.071100963321746167e+04  9.187672268707766614e-10 1.762871875000000088e+01 3.717016250000000355e+02
-1.752455499494999174e+02  0.000000000000000000e+00   3.071100280480297079e+04  9.019667013800395148e-10 1.753989062500000173e+01 3.684314687500000218e+02
-1.752455426830455565e+02  0.000000000000000000e+00   3.071100025837340945e+04  9.149251876499422848e-10 1.757432812500000097e+01 3.698906562500000064e+02
-1.752455557073162709e+02  0.000000000000000000e+00   3.071100482284359896e+04  9.012244997619400082e-10 1.764992187500000043e+01 3.715245312499999955e+02
-1.752455868239149481e+02  0.000000000000000000e+00   3.071101572953517098e+04  9.207399696996106403e-10 1.760635937500000026e+01 3.713414062500000341e+02
-1.752455487394510385e+02  0.000000000000000000e+00   3.071100238073666696e+04  9.034338221708972703e-10 1.756560937500000108e+01 3.691166562500000055e+02
-1.752455571495877109e+02  0.000000000000000000e+00   3.071100532825091796e+04  8.980984842709970444e-10 1.758096875000000026e+01 3.698616875000000164e+02
-1.752455470157847230e+02  0.000000000000000000e+00   3.071100177675776649e+04  9.083439442365423674e-10 1.752809375000000003e+01 3.681949999999999932e+02
-1.752455558951007504e+02  0.000000000000000000e+00   3.071100488858219978e+04  8.986784698234710245e-10 1.765764062499999909e+01 3.726049687500000118e+02
-1.752455494829331428e+02  0.000000000000000000e+00   3.071100264117424013e+04  8.986704804111732097e-10 1.765204687499999991e+01 3.721871562499999868e+02
-1.752455282333454534e+02  0.000000000000000000e+00   3.071099519333495846e+04  8.970949632154288022e-10 1.760029687500000151e+01 3.704906562500000291e+02
-1.752455558902674113e+02  0.000000000000000000e+00   3.071100488688947735e+04  8.987214702995357562e-10 1.760131249999999881e+01 3.706971874999999841e+02
-1.752455894384978876e+02  0.000000000000000000e+00   3.071101664550794885e+04  9.072115157049727836e-10 1.757682812499999869e+01 3.700562187500000277e+02
-1.752455536844729806e+02  0.000000000000000000e+00   3.071100411375509429e+04  8.979710584645302909e-10 1.762518749999999912e+01 3.713581874999999854e+02
-1.752455655280759004e+02  0.000000000000000000e+00   3.071100826451070316e+04  8.874849940193817678e-10 1.760354687499999926e+01 3.706457812500000273e+02
-1.752455478594396823e+02  0.000000000000000000e+00   3.071100207216687704e+04  8.990821403009346979e-10 1.755742187499999929e+01 3.690643437500000346e+02
-1.752455508541673908e+02  0.000000000000000000e+00   3.071100312166120784e+04  8.948140504662587396e-10 1.759732812500000065e+01 3.701359062500000050e+02
-1.752455757922973874e+02  0.000000000000000000e+00   3.071101186204893384e+04  8.881206565504251041e-10 1.761201562500000151e+01 3.714949062499999854e+02
-1.752455679316683188e+02  0.000000000000000000e+00   3.071100910701209432e+04  8.895545574102438510e-10 1.764932812500000026e+01 3.722322187500000155e+02
-1.752455608503558153e+02  0.000000000000000000e+00   3.071100662496497898e+04  8.859759989675611792e-10 1.755453125000000014e+01 3.687926874999999995e+02
-1.752455278528274789e+02  0.000000000000000000e+00   3.071099505960016540e+04  8.851563627863567452e-10 1.759284375000000011e+01 3.701485625000000255e+02
-1.752455454766281377e+02  0.000000000000000000e+00   3.071100123661061298e+04  8.859910801848612298e-10 1.758962500000000162e+01 3.703972499999999854e+02
-1.752455504199901384e+02  0.000000000000000000e+00   3.071100296904461720e+04  8.804437379195816414e-10 1.754240624999999909e+01 3.686750000000000114e+02
-1.752455580427238431e+02  0.000000000000000000e+00   3.071100564065467915e+04  8.775025743757855352e-10 1.765653125000000045e+01 3.722513124999999832e+02
-1.752455342205068689e+02  0.000000000000000000e+00   3.071099729106941595e+04  8.739074788750294839e-10 1.757926562500000145e+01 3.697608437499999923e+02
-1.752455608163629677e+02  0.000000000000000000e+00   3.071100661288988340e+04  8.807366997067758292e-10 1.759231250000000202e+01 3.703260000000000218e+02
-1.752455463768759216e+02  0.000000000000000000e+00   3.071100155177786655e+04  8.742176004134426198e-10 1.758243750000000105e+01 3.704338124999999877e+02
-1.752455460889193830e+02  0.000000000000000000e+00   3.071100145092185267e+04  8.765030229038282252e-10 1.762590624999999989e+01 3.709385000000000332e+02
-1.752455454076920489e+02  0.000000000000000000e+00   3.071100121209921781e+04  8.745973879999310605e-10 1.761090624999999932e+01 3.706882499999999823e+02
-1.752455551830239528e+02  0.000000000000000000e+00   3.071100463845252307e+04  8.806689980816954829e-10 1.753492187500000199e+01 3.678617187500000227e+02
-1.752455446320392127e+02  0.000000000000000000e+00   3.071100094010570683e+04  8.702307788686388785e-10 1.758489062499999989e+01 3.697052187500000286e+02
-1.752455583565055122e+02  0.000000000000000000e+00   3.071100575024901991e+04  8.650202466788533529e-10 1.762492187500000185e+01 3.712091562500000350e+02
-1.752455307865653822e+02  0.000000000000000000e+00   3.071099608725976213e+04  8.659675946323921443e-10 1.765104687499999869e+01 3.717957187499999918e+02
-1.752455696314650311e+02  0.000000000000000000e+00   3.071100970204127589e+04  8.656380146810905123e-10 1.760900000000000176e+01 3.712958125000000109e+02
-1.752455473169369498e+02  0.000000000000000000e+00   3.071100188097399587e+04  8.648759547671322054e-10 1.751685937499999923e+01 3.675157812500000318e+02
-1.752455687440188399e+02  0.000000000000000000e+00   3.071100939091309192e+04  8.628325717919881348e-10 1.760303125000000080e+01 3.707500625000000127e+02
-1.752455492035309135e+02  0.000000000000000000e+00   3.071100254220541683e+04  8.647793924809616302e-10 1.767045312500000165e+01 3.725136562499999968e+02
-1.752455679352211746e+02  0.000000000000000000e+00   3.071100910770803239e+04  8.716682777474550908e-10 1.756231250000000088e+01 3.695148125000000050e+02
-1.752455574527854765e+02  0.000000000000000000e+00   3.071100543340484001e+04  8.618182046147821897e-10 1.762976562500000099e+01 3.718934687500000109e+02
-1.752455363706137348e+02  0.000000000000000000e+00   3.071099804430429504e+04  8.622381104406532464e-10 1.754879687500000074e+01 3.681829687499999864e+02
-1.752455658734986059e+02  0.000000000000000000e+00   3.071100838480878883e+04  8.624285382455360640e-10 1.753018750000000026e+01 3.680383125000000177e+02
-1.752455589869151709e+02  0.000000000000000000e+00   3.071100597073654717e+04  8.498641898416907120e-10 1.763599999999999923e+01 3.719138125000000059e+02
-1.752455253131576569e+02  0.000000000000000000e+00   3.071099416854621086e+04  8.551214684940593510e-10 1.759601562499999972e+01 3.701372812500000009e+02
-1.752455535429847941e+02  0.000000000000000000e+00   3.071100406292455955e+04  8.575886830999677537e-10 1.756089062499999898e+01 3.690824062500000196e+02
-1.752455862942653653e+02  0.000000000000000000e+00   3.071101554176377249e+04  8.512568777107680110e-10 1.759874999999999901e+01 3.708398124999999936e+02
-1.752455563729408823e+02  0.000000000000000000e+00   3.071100505479815911e+04  8.575609361193536388e-10 1.754134374999999935e+01 3.686769375000000082e+02
-1.752455515679580742e+02  0.000000000000000000e+00   3.071100337029826915e+04  8.446619206876674298e-10 1.757110937499999892e+01 3.695501562499999864e+02
-1.752455284929886830e+02  0.000000000000000000e+00   3.071099528290222952e+04  8.503573914755088569e-10 1.760670312499999923e+01 3.709747187500000223e+02
-1.752455462253943210e+02  0.000000000000000000e+00   3.071100149798349594e+04  8.513782130971496040e-10 1.751796875000000142e+01 3.679993125000000305e+02
-1.752455546800727859e+02  0.000000000000000000e+00   3.071100446107509561e+04  8.449320944732843935e-10 1.760729687499999940e+01 3.709628437499999905e+02
-1.752455642973171166e+02  0.000000000000000000e+00   3.071100783174678872e+04  8.420981199057807347e-10 1.759043750000000017e+01 3.704775625000000332e+02
-1.752455546180050021e+02  0.000000000000000000e+00   3.071100443930021720e+04  8.442590140060083819e-10 1.757196874999999991e+01 3.695815000000000055e+02
-1.752455768213318095e+02  0.000000000000000000e+00   3.071101222138191952e+04  8.446680740075654996e-10 1.756504687500000017e+01 3.694586562499999900e+02
-1.752455708148571887e+02  0.000000000000000000e+00   3.071101011588665642e+04  8.355808284497141218e-10 1.763879687500000060e+01 3.716974687499999845e+02
-1.752455654638343390e+02  0.000000000000000000e+00   3.071100824043113607e+04  8.365759305605303448e-10 1.763223437499999946e+01 3.721156562500000291e+02
-1.752455375219346649e+02  0.000000000000000000e+00   3.071099844727446543e+04  8.440837416907860800e-10 1.760814062500000077e+01 3.705452812500000164e+02
-1.752455400782783954e+02  0.000000000000000000e+00   3.071099934319351087e+04  8.422400290246169613e-10 1.757846874999999898e+01 3.700339375000000359e+02
-1.752455432045175883e+02  0.000000000000000000e+00   3.071100043849493159e+04  8.286441624338519461e-10 1.762184375000000003e+01 3.707674999999999841e+02
-1.752455582316096354e+02  0.000000000000000000e+00   3.071100570556636376e+04  8.354620161390943008e-10 1.758425000000000082e+01 3.702213750000000232e+02
-1.752455460218980079e+02  0.000000000000000000e+00   3.071100142588625022e+04  8.261884913228377948e-10 1.762059375000000117e+01 3.708796874999999886e+02
-1.752455640713320975e+02  0.000000000000000000e+00   3.071100775214651003e+04  8.292514201015101813e-10 1.753301562500000088e+01 3.678163437499999873e+02
-1.752455508336717003e+02  0.000000000000000000e+00   3.071100311264387710e+04  8.351035128515647097e-10 1.756114062500000017e+01 3.689520937500000173e+02
-1.752455345671193072e+02  0.000000000000000000e+00   3.071099741133937277e+04  8.343579715999153241e-10 1.763668750000000074e+01 3.720486250000000155e+02
-1.752455362365383564e+02  0.000000000000000000e+00   3.071099799638420518e+04  8.320252708868391448e-10 1.760784375000000068e+01 3.710230000000000246e+02
-1.752455698890226472e+02  0.000000000000000000e+00   3.071100979119697149e+04  8.293002883860288355e-10 1.760256250000000122e+01 3.708879375000000209e+02
-1.752455713474503511e+02  0.000000000000000000e+00   3.071101030212156184e+04  8.214399638484055182e-10 1.759760937500000111e+01 3.703192812500000173e+02
-1.752455579156350893e+02  0.000000000000000000e+00   3.071100559456110204e+04  8.270289604982002395e-10 1.759159375000000125e+01 3.702278125000000273e+02
-1.752455350267552490e+02  0.000000000000000000e+00   3.071099757234939170e+04  8.314835716383652971e-10 1.764440624999999940e+01 3.721020000000000323e+02
-1.752455655664496135e+02  0.000000000000000000e+00   3.071100827624585509e+04  8.316582449849609666e-10 1.754948437499999869e+01 3.692274687500000141e+02
-1.752455372745652369e+02  0.000000000000000000e+00   3.071099835975665701e+04  8.174798602302697641e-10 1.754048437500000190e+01 3.683287187500000073e+02
-1.752455491676825829e+02  0.000000000000000000e+00   3.071100252841070687e+04  8.247224194600823063e-10 1.761009375000000077e+01 3.707188750000000255e+02
-1.752455377958795850e+02  0.000000000000000000e+00   3.071099854242218862e+04  8.158356513915194220e-10 1.762285937500000088e+01 3.709992812500000241e+02
-1.752455461164827000e+02  0.000000000000000000e+00   3.071100145885023812e+04  8.200961703725778543e-10 1.758743750000000006e+01 3.703021249999999895e+02
-1.752455464317434348e+02  0.000000000000000000e+00   3.071100156926077034e+04  8.173106160772169351e-10 1.756973437499999946e+01 3.696092187500000250e+02
-1.752455623428979550e+02  0.000000000000000000e+00   3.071100714575192978e+04  8.099179486061459695e-10 1.767000000000000171e+01 3.727479375000000346e+02
-1.752455340026710928e+02  0.000000000000000000e+00   3.071099721285166015e+04  8.130739451288467826e-10 1.756856249999999875e+01 3.694058749999999804e+02
-1.752455480469563440e+02  0.000000000000000000e+00   3.071100213549253385e+04  8.210233268727942398e-10 1.761454687500000205e+01 3.709410937499999932e+02
-1.752455455820777672e+02  0.000000000000000000e+00   3.071100127135307048e+04  8.138117156093430054e-10 1.755825000000000102e+01 3.689006875000000036e+02
-1.752455795108838572e+02  0.000000000000000000e+00   3.071101316271172254e+04  8.012177280120995655e-10 1.767518749999999983e+01 3.733356875000000059e+02
-1.752455606553058090e+02  0.000000000000000000e+00   3.071100655426803496e+04  8.099886839107976721e-10 1.752709374999999881e+01 3.680136249999999905e+02
-1.752455771303424399e+02  0.000000000000000000e+00   3.071101232868293664e+04  8.119607462902007155e-10 1.758650000000000091e+01 3.702686249999999859e+02
-1.752455777553068401e+02  0.000000000000000000e+00   3.071101254767013234e+04  8.100950199803076928e-10 1.766629687500000045e+01 3.730237812500000132e+02
-1.752455310279569858e+02  0.000000000000000000e+00   3.071099616994577809e+04  8.034628416205929933e-10 1.758435937500000179e+01 3.701295312500000136e+02
-1.752455594177385763e+02  0.000000000000000000e+00   3.071100612039936095e+04  8.063304608674680595e-10 1.760335937500000014e+01 3.709636562499999854e+02
-1.752455482964894031e+02  0.000000000000000000e+00   3.071100222236877744e+04  8.020440244538601985e-10 1.762592187499999952e+01 3.712263437500000123e+02
-1.752455469368915715e+02  0.000000000000000000e+00   3.071100174595980207e+04  8.058849348906973609e-10 1.758620312500000082e+01 3.699312812499999836e+02
-1.752455528061568089e+02  0.000000000000000000e+00   3.071100380275602220e+04  7.951719698707632064e-10 1.750340625000000117e+01 3.670496249999999918e+02
-1.752455548387042654e+02  0.000000000000000000e+00   3.071100451515971145e+04  7.956238705137669056e-10 1.760351562500000000e+01 3.711410312500000259e+02
-1.752455501881270550e+02  0.000000000000000000e+00   3.071100288511158578e+04  7.935992203518350377e-10 1.756576562500000094e+01 3.693684687500000337e+02
-1.752455478868953094e+02  0.000000000000000000e+00   3.071100207875134220e+04  8.001440725459641367e-10 1.757410937499999903e+01 3.693625312500000177e+02
-1.752455466415079002e+02  0.000000000000000000e+00   3.071100164213805692e+04  7.963639551177645330e-10 1.763276562500000111e+01 3.718215312500000209e+02
-1.752455669187850162e+02  0.000000000000000000e+00   3.071100874910499260e+04  7.951101249416343387e-10 1.760545312500000037e+01 3.709885937500000068e+02
-1.752455513208988975e+02  0.000000000000000000e+00   3.071100328230597734e+04  7.990676089675480204e-10 1.762821875000000205e+01 3.714363124999999854e+02
-1.752455150865950202e+02  0.000000000000000000e+00   3.071099058219352446e+04  7.888876133046695294e-10 1.763648437500000199e+01 3.714780937500000277e+02
-1.752455534463484810e+02  0.000000000000000000e+00   3.071100402711538118e+04  7.944513811363978142e-10 1.756001562500000190e+01 3.693279062500000123e+02
-1.752455547208285225e+02  0.000000000000000000e+00   3.071100447351190451e+04  7.847676260222129863e-10 1.763756250000000136e+01 3.720863750000000323e+02
-1.752455465910392149e+02  0.000000000000000000e+00   3.071100162410071061e+04  7.850155139906753762e-10 1.759545312499999881e+01 3.709652812500000323e+02
-1.752455409300359008e+02  0.000000000000000000e+00   3.071099964017475941e+04  7.916991114774434547e-10 1.758999999999999986e+01 3.701072500000000218e+02
-1.752455523034117562e+02  0.000000000000000000e+00   3.071100362596110426e+04  7.760501696687577525e-10 1.764007812499999872e+01 3.716520312499999932e+02
-1.752455276298525177e+02  0.000000000000000000e+00   3.071099497831745248e+04  7.831738908984137411e-10 1.757940625000000168e+01 3.697803749999999923e+02
-1.752455284796287174e+02  0.000000000000000000e+00   3.071099527599985959e+04  7.780763766042217217e-10 1.762689062500000148e+01 3.713360312500000191e+02
-1.752455905381222010e+02  0.000000000000000000e+00   3.071101702743844726e+04  7.939581393153457119e-10 1.757989062500000088e+01 3.697025937500000055e+02
-1.752455807352695274e+02  0.000000000000000000e+00   3.071101359137249165e+04  7.857318816630741609e-10 1.758782812500000148e+01 3.699094687500000305e+02
-1.752455648506096395e+02  0.000000000000000000e+00   3.071100802352051323e+04  7.720776724410805535e-10 1.760237500000000210e+01 3.711841875000000073e+02
-1.752455617240845527e+02  0.000000000000000000e+00   3.071100692825040824e+04  7.899604271306521948e-10 1.759878125000000182e+01 3.702786250000000337e+02
-1.752455660405798028e+02  0.000000000000000000e+00   3.071100844094489003e+04  7.834868702133064763e-10 1.756909375000000040e+01 3.689063125000000127e+02
-1.752455499219792898e+02  0.000000000000000000e+00   3.071100279129979026e+04  7.763619734883613491e-10 1.761165624999999935e+01 3.713242500000000064e+02
-1.752455435766053142e+02  0.000000000000000000e+00   3.071100056749436408e+04  7.826020676844695729e-10 1.763362500000000210e+01 3.713143125000000282e+02
-1.752455516537624192e+02  0.000000000000000000e+00   3.071100339827376229e+04  7.763422940364532007e-10 1.760898437500000213e+01 3.712987812499999905e+02
-1.752455456065441695e+02  0.000000000000000000e+00   3.071100127879476349e+04  7.769011163081564420e-10 1.761392187499999906e+01 3.709555312500000355e+02
-1.752455852530028437e+02  0.000000000000000000e+00   3.071101517448072264e+04  7.753971718640659218e-10 1.759753124999999940e+01 3.706981875000000173e+02
-1.752455672791606105e+02  0.000000000000000000e+00   3.071100887492336551e+04  7.791524640947037206e-10 1.765265624999999972e+01 3.725194374999999809e+02
-1.752455576032723741e+02  0.000000000000000000e+00   3.071100548338487351e+04  7.718085986497671475e-10 1.755660937500000074e+01 3.693579687499999977e+02
-1.752455596542536682e+02  0.000000000000000000e+00   3.071100620218489712e+04  7.701576248863269001e-10 1.760015625000000128e+01 3.704933750000000146e+02
-1.752455622595793159e+02  0.000000000000000000e+00   3.071100711515211515e+04  7.644173416135498635e-10 1.756465624999999875e+01 3.695565624999999841e+02
-1.752455620744502767e+02  0.000000000000000000e+00   3.071100705024504714e+04  7.637340747919522520e-10 1.764385937500000168e+01 3.725590312500000323e+02
-1.752455444847272759e+02  0.000000000000000000e+00   3.071100088564229009e+04  7.780197297814619886e-10 1.760317187500000102e+01 3.708051562499999818e+02
-1.752455401929304912e+02  0.000000000000000000e+00   3.071099938114241377e+04  7.694440835001730515e-10 1.759746875000000088e+01 3.704984375000000227e+02
-1.752455386690170656e+02  0.000000000000000000e+00   3.071099884675225258e+04  7.605841119476891700e-10 1.760454687500000048e+01 3.706872187499999995e+02
-1.752455203717771894e+02  0.000000000000000000e+00   3.071099243371773264e+04  7.600783344190055557e-10 1.756323437500000040e+01 3.693189687500000105e+02
-1.752455703951149530e+02  0.000000000000000000e+00   3.071100996656740244e+04  7.638371795825309110e-10 1.761482812499999895e+01 3.709520312500000045e+02
-1.752455699737150212e+02  0.000000000000000000e+00   3.071100981857897568e+04  7.543460548325747040e-10 1.754809374999999960e+01 3.685380000000000109e+02
-1.752455534797733208e+02  0.000000000000000000e+00   3.071100403784880473e+04  7.624860711756223691e-10 1.758779687499999866e+01 3.696762812499999882e+02
-1.752455892857893502e+02  0.000000000000000000e+00   3.071101658740168932e+04  7.579730857024219349e-10 1.759682812500000182e+01 3.706831562500000246e+02
-1.752455359435201103e+02  0.000000000000000000e+00   3.071099789167847848e+04  7.667246689816979990e-10 1.757473437500000202e+01 3.692441562500000032e+02
-1.752455574505024174e+02  0.000000000000000000e+00   3.071100542953942568e+04  7.620095966439527010e-10 1.758548437500000006e+01 3.702014062499999909e+02
-1.752455496588884216e+02  0.000000000000000000e+00   3.071100269849731558e+04  7.571028770954129845e-10 1.761395312500000188e+01 3.711326562500000250e+02
-1.752455520659367494e+02  0.000000000000000000e+00   3.071100354202753442e+04  7.532344761628158390e-10 1.761818750000000122e+01 3.707281874999999900e+02
-1.752455543822328821e+02  0.000000000000000000e+00   3.071100435401169307e+04  7.578896374891821775e-10 1.758239062499999861e+01 3.698003437500000246e+02
-1.752455540512096661e+02  0.000000000000000000e+00   3.071100423813889938e+04  7.627054513036819780e-10 1.760271875000000108e+01 3.710406250000000341e+02
-1.752455415745931191e+02  0.000000000000000000e+00   3.071099986504824483e+04  7.578978034459808312e-10 1.759414062500000142e+01 3.702014687500000036e+02
-1.752455537812567172e+02  0.000000000000000000e+00   3.071100414311519853e+04  7.494336026910225112e-10 1.760534374999999940e+01 3.707262499999999932e+02
-1.752455572301404061e+02  0.000000000000000000e+00   3.071100535187993955e+04  7.481852578004467803e-10 1.762001562500000063e+01 3.710762187500000095e+02
-1.752455549472148562e+02  0.000000000000000000e+00   3.071100455147033790e+04  7.395732275964221858e-10 1.768665624999999864e+01 3.733080625000000055e+02
-1.752455585742889639e+02  0.000000000000000000e+00   3.071100582307774675e+04  7.509751802452999556e-10 1.758081250000000040e+01 3.698117500000000177e+02
-1.752455564887629862e+02  0.000000000000000000e+00   3.071100509205722483e+04  7.489499135829608398e-10 1.755115625000000179e+01 3.689206874999999854e+02
-1.752455656872666054e+02  0.000000000000000000e+00   3.071100831597708020e+04  7.465402713849963230e-10 1.760064062500000048e+01 3.707436562500000150e+02
-1.752455446003990573e+02  0.000000000000000000e+00   3.071100092518801466e+04  7.455816480220334487e-10 1.759143750000000139e+01 3.702798124999999914e+02
-1.752455454687175234e+02  0.000000000000000000e+00   3.071100122947918135e+04  7.440603967142340207e-10 1.761468749999999872e+01 3.714940000000000282e+02
-1.752455518206427030e+02  0.000000000000000000e+00   3.071100345557410037e+04  7.376031709936765332e-10 1.755435937500000065e+01 3.689656562499999950e+02
-1.752455694676302755e+02  0.000000000000000000e+00   3.071100964082050632e+04  7.419644259060610254e-10 1.753126562499999963e+01 3.682939062500000205e+02
-1.752455533864662698e+02  0.000000000000000000e+00   3.071100400431773232e+04  7.355322666902754436e-10 1.761378124999999883e+01 3.711929375000000277e+02
-1.752455534383010729e+02  0.000000000000000000e+00   3.071100402245999067e+04  7.347057814506508955e-10 1.763853124999999977e+01 3.722993124999999850e+02
-1.752455492452806709e+02  0.000000000000000000e+00   3.071100255308814303e+04  7.426670559542354437e-10 1.758373437499999881e+01 3.701049062499999991e+02
-1.752455488296584178e+02  0.000000000000000000e+00   3.071100240704051612e+04  7.304327856322673176e-10 1.755212500000000020e+01 3.683941874999999868e+02
-1.752455488972589990e+02  0.000000000000000000e+00   3.071100243066658732e+04  7.282403554350070352e-10 1.764945312500000085e+01 3.718105312499999968e+02
-1.752455861827434092e+02  0.000000000000000000e+00   3.071101549913235067e+04  7.358598843343768445e-10 1.761921875000000171e+01 3.712570625000000177e+02
-1.752455438823211864e+02  0.000000000000000000e+00   3.071100067322071845e+04  7.362234333099179792e-10 1.762114062499999889e+01 3.712904062499999895e+02
-1.752455395619502951e+02  0.000000000000000000e+00   3.071099915880146000e+04  7.307601637168094792e-10 1.759543749999999918e+01 3.697415000000000305e+02
-1.752455889692880930e+02  0.000000000000000000e+00   3.071101647562905055e+04  7.305646506325527089e-10 1.762831249999999983e+01 3.716040624999999977e+02
-1.752455482869838477e+02  0.000000000000000000e+00   3.071100221691579281e+04  7.329687494129161265e-10 1.756134374999999892e+01 3.693230000000000359e+02
-1.752455463857851043e+02  0.000000000000000000e+00   3.071100155055052164e+04  7.325766677211359420e-10 1.759289062499999901e+01 3.708918437500000209e+02
-1.752455619427800286e+02  0.000000000000000000e+00   3.071100700297672665e+04  7.272954222797527082e-10 1.761115625000000051e+01 3.709340000000000259e+02
-1.752455481623554476e+02  0.000000000000000000e+00   3.071100217287758278e+04  7.213421685489013104e-10 1.763768750000000196e+01 3.722245624999999905e+02
-1.752455459297180198e+02  0.000000000000000000e+00   3.071100139045164542e+04  7.243898869248347294e-10 1.759465624999999989e+01 3.704183125000000132e+02
-1.752455559193867884e+02  0.000000000000000000e+00   3.071100489209439911e+04  7.358755380891476769e-10 1.759478125000000048e+01 3.704933125000000018e+02
-1.752455492065553813e+02  0.000000000000000000e+00   3.071100253894200068e+04  7.240003683386318066e-10 1.757560937499999909e+01 3.693548437499999864e+02
-1.752455527928023855e+02  0.000000000000000000e+00   3.071100379564436662e+04  7.160130388177786712e-10 1.759359375000000014e+01 3.701183125000000018e+02
-1.752455421008092742e+02  0.000000000000000000e+00   3.071100004840445035e+04  7.228007978842489815e-10 1.755724999999999980e+01 3.691786250000000109e+02
-1.752455678903516798e+02  0.000000000000000000e+00   3.071100908738122598e+04  7.218703308679523779e-10 1.765189062500000006e+01 3.726570312499999886e+02
-1.752455587843122657e+02  0.000000000000000000e+00   3.071100589551881785e+04  7.128705235319476649e-10 1.762704687500000134e+01 3.717653437499999995e+02
-1.752455372683400299e+02  0.000000000000000000e+00   3.071099835444612836e+04  7.156060238108186274e-10 1.759889062499999923e+01 3.706779062500000350e+02
-1.752455511454396060e+02  0.000000000000000000e+00   3.071100321832545160e+04  7.181974266800034803e-10 1.762910937499999875e+01 3.721017812499999877e+02
-1.752455537484711385e+02  0.000000000000000000e+00   3.071100413072027732e+04  7.200022387164000947e-10 1.757057812500000082e+01 3.692479062500000282e+02
-1.752455502915437933e+02  0.000000000000000000e+00   3.071100291890565495e+04  7.137393671388958373e-10 1.761885937499999955e+01 3.708754062500000259e+02
-1.752455359787826126e+02  0.000000000000000000e+00   3.071099790258584835e+04  7.194509604038439144e-10 1.762170312499999980e+01 3.711101562499999886e+02
-1.752455681610467479e+02  0.000000000000000000e+00   3.071100918202942921e+04  7.144457078283178136e-10 1.765404687499999881e+01 3.726266562499999964e+02
-1.752455787303264572e+02  0.000000000000000000e+00   3.071101288626519090e+04  7.078288883263156732e-10 1.760945312500000171e+01 3.710805312500000355e+02
-1.752455427145506235e+02  0.000000000000000000e+00   3.071100026332139532e+04  7.164862443936649234e-10 1.757628125000000097e+01 3.703324999999999818e+02
-1.752455477024202253e+02  0.000000000000000000e+00   3.071100201113136063e+04  7.036604663842125480e-10 1.760296874999999872e+01 3.712167499999999905e+02
-1.752455576086468625e+02  0.000000000000000000e+00   3.071100548351166071e+04  7.146003821760117499e-10 1.754251562500000006e+01 3.684488437499999804e+02
-1.752455456931357958e+02  0.000000000000000000e+00   3.071100130701996750e+04  7.077275178218016409e-10 1.761123437499999866e+01 3.705931562499999927e+02
-1.752455595841381353e+02  0.000000000000000000e+00   3.071100617590086404e+04  7.145045331626687001e-10 1.751401562499999898e+01 3.678129687499999818e+02
-1.752455529803244758e+02  0.000000000000000000e+00   3.071100386111384068e+04  7.076984366359323689e-10 1.757662499999999994e+01 3.696998125000000073e+02
-1.752455486173554391e+02  0.000000000000000000e+00   3.071100233172867229e+04  7.010772348539481418e-10 1.763453125000000199e+01 3.715549374999999941e+02
-1.752455475682554038e+02  0.000000000000000000e+00   3.071100196424916430e+04  7.082640011615716071e-10 1.762771874999999966e+01 3.715450000000000159e+02
-1.752455457278249185e+02  0.000000000000000000e+00   3.071100131894010701e+04  6.999750017338728807e-10 1.762453125000000043e+01 3.708308749999999918e+02
-1.752455472101412113e+02  0.000000000000000000e+00   3.071100183856216609e+04  7.026906507050629881e-10 1.759771875000000207e+01 3.706310000000000286e+02
-1.752455509185173241e+02  0.000000000000000000e+00   3.071100313830628511e+04  7.024073867355064964e-10 1.756735937499999878e+01 3.692976562499999886e+02
-1.752455419198421396e+02  0.000000000000000000e+00   3.071099998428594336e+04  7.002961731313993808e-10 1.762814062500000034e+01 3.718458437500000286e+02
-1.752455296140608425e+02  0.000000000000000000e+00   3.071099567126196052e+04  7.016797484279028417e-10 1.759271874999999952e+01 3.706804374999999823e+02
-1.752455620032284287e+02  0.000000000000000000e+00   3.071100702319554330e+04  6.957819158225414742e-10 1.763498437500000193e+01 3.719716562500000236e+02
-1.752455619804821083e+02  0.000000000000000000e+00   3.071100701530835431e+04  6.985559763822801949e-10 1.762896875000000207e+01 3.719526875000000246e+02
-1.752455297906888916e+02  0.000000000000000000e+00   3.071099573308482650e+04  6.989548458970988028e-10 1.759970312500000134e+01 3.699500937500000077e+02
-1.752455688433292664e+02  0.000000000000000000e+00   3.071100942065239360e+04  6.978063165493672069e-10 1.760467187500000108e+01 3.711560312500000123e+02
-1.752455628925886231e+02  0.000000000000000000e+00   3.071100733472887077e+04  6.899362203940695804e-10 1.760267187499999864e+01 3.706058437500000196e+02
-1.752455686943083606e+02  0.000000000000000000e+00   3.071100936828221165e+04  6.932582237044023047e-10 1.760792187499999883e+01 3.710384687499999927e+02
-1.752455555351669716e+02  0.000000000000000000e+00   3.071100475618233031e+04  6.952895352998144891e-10 1.757871875000000017e+01 3.694446250000000305e+02
-1.752455466673979174e+02  0.000000000000000000e+00   3.071100164806413886e+04  6.938555472142923210e-10 1.761578125000000128e+01 3.711017499999999814e+02
-1.752455853514363184e+02  0.000000000000000000e+00   3.071101520621634700e+04  6.853826197578347618e-10 1.762748437500000165e+01 3.717019062500000359e+02
-1.752455469153717047e+02  0.000000000000000000e+00   3.071100173479911246e+04  6.880715726902829818e-10 1.754357812499999980e+01 3.689532187500000191e+02
-1.752455450178336775e+02  0.000000000000000000e+00   3.071100106973353468e+04  6.882213191222136299e-10 1.761404687499999966e+01 3.712945937499999900e+02
-1.752455516265753204e+02  0.000000000000000000e+00   3.071100338604584249e+04  6.884556965485435988e-10 1.763445312500000028e+01 3.715822187499999814e+02
-1.752455374265958596e+02  0.000000000000000000e+00   3.071099840912179934e+04  6.898306374710917764e-10 1.753551562499999861e+01 3.687797812499999850e+02
-1.752455749909566975e+02  0.000000000000000000e+00   3.071101157494783547e+04  6.849923802065187539e-10 1.753726562499999986e+01 3.685235937500000318e+02
-1.752455490234586364e+02  0.000000000000000000e+00   3.071100247346230026e+04  6.814774461396745591e-10 1.755832812499999918e+01 3.685456562500000359e+02
-1.752455490018235196e+02  0.000000000000000000e+00   3.071100246600908577e+04  6.857007281973185340e-10 1.762537500000000179e+01 3.709523125000000050e+02
-1.752455600134296390e+02  0.000000000000000000e+00   3.071100632536394914e+04  6.819502468769665532e-10 1.760926562499999903e+01 3.712329062499999850e+02
-1.752455349361773074e+02  0.000000000000000000e+00   3.071099753594835056e+04  6.799326198992780797e-10 1.762381249999999966e+01 3.711867500000000177e+02
-1.752455613635556801e+02  0.000000000000000000e+00   3.071100679854713235e+04  6.811685289402805154e-10 1.758543750000000117e+01 3.698811249999999973e+02
-1.752455596083529485e+02  0.000000000000000000e+00   3.071100618344857867e+04  6.839173713850805601e-10 1.758645312500000202e+01 3.700702812499999936e+02
-1.752455596032390304e+02  0.000000000000000000e+00   3.071100618154687254e+04  6.803576943964663656e-10 1.763046875000000213e+01 3.713447500000000332e+02
-1.752455670957911593e+02  0.000000000000000000e+00   3.071100880751982913e+04  6.770988439839930711e-10 1.755132812500000128e+01 3.690028437500000109e+02
-1.752455272767983843e+02  0.000000000000000000e+00   3.071099485120704048e+04  6.735032250355034138e-10 1.756937500000000085e+01 3.699808750000000259e+02
-1.752455313707407925e+02  0.000000000000000000e+00   3.071099628619167197e+04  6.765777841516862789e-10 1.758701562499999937e+01 3.698864062499999932e+02
-1.752455595890303073e+02  0.000000000000000000e+00   3.071100617636389143e+04  6.737492518304927346e-10 1.761701562500000051e+01 3.713480312500000196e+02
-1.752455357118941777e+02  0.000000000000000000e+00   3.071099780742866642e+04  6.668584674211756416e-10 1.762221875000000182e+01 3.712573750000000246e+02
-1.752455314439363576e+02  0.000000000000000000e+00   3.071099631181013683e+04  6.754078873591657757e-10 1.759004687499999875e+01 3.702063437500000305e+02
-1.752455324274787927e+02  0.000000000000000000e+00   3.071099665662079860e+04  6.782677050516313609e-10 1.761601562499999929e+01 3.711306562500000155e+02
-1.752455437547076826e+02  0.000000000000000000e+00   3.071100062653818895e+04  6.725611164546424011e-10 1.758523437499999886e+01 3.702046562500000277e+02
-1.752455588424475081e+02  0.000000000000000000e+00   3.071100591455622998e+04  6.692876377119963029e-10 1.760721875000000125e+01 3.714923125000000255e+02
-1.752455448987344937e+02  0.000000000000000000e+00   3.071100102730453000e+04  6.658904731819967136e-10 1.756157812500000048e+01 3.689067812499999945e+02
-1.752455475672468879e+02  0.000000000000000000e+00   3.071100196274071277e+04  6.706561562705278860e-10 1.759523437500000043e+01 3.705901562500000068e+02
-1.752455419687327662e+02  0.000000000000000000e+00   3.071100000048709626e+04  6.698647779225447781e-10 1.762356250000000202e+01 3.706370625000000132e+02
-1.752455544817044029e+02  0.000000000000000000e+00   3.071100438599419431e+04  6.640670874767015949e-10 1.754449999999999932e+01 3.687529375000000300e+02
