-1.342392766515351354e+02  0.000000000000000000e+00   1.837736613710287202e+04  1.982126004645491310e-02 5.020534375000000438e+01 2.560068437500000073e+03
-1.589940665651918437e+02  0.000000000000000000e+00   2.548451304045051802e+04  8.125278599171769159e-03 4.325470312499999892e+01 1.920399906249999958e+03
-1.735882645151108932e+02  0.000000000000000000e+00   3.023468189240012362e+04  3.378246493209185412e-03 3.610489062500000301e+01 1.360020281249999925e+03
-1.807297149833923982e+02  0.000000000000000000e+00   3.271364141180466322e+04  1.543372594037325943e-03 3.053410937499999989e+01 9.915494062500000609e+02
-1.841732046536669714e+02  0.000000000000000000e+00   3.394480285522849590e+04  7.380222016381670627e-04 2.657296875000000114e+01 7.662542500000000700e+02
-1.858701174425601721e+02  0.000000000000000000e+00   3.456036102600396407e+04  3.664634024357282197e-04 2.373893750000000225e+01 6.241819375000000036e+02
-1.867044858162544188e+02  0.000000000000000000e+00   3.486496716082160856e+04  1.836603688438506580e-04 2.174439062500000119e+01 5.333739062500000045e+02
-1.871363907621557416e+02  0.000000000000000000e+00   3.502331111888520536e+04  9.372840389778568104e-05 2.028279687499999895e+01 4.716039687500000355e+02
-1.873548820201195610e+02  0.000000000000000000e+00   3.510356434794511733e+04  4.878748794042763804e-05 1.923812500000000014e+01 4.303098125000000209e+02
-1.874542984352664234e+02  0.000000000000000000e+00   3.514003100463913870e+04  2.609635465384146314e-05 1.855820312500000213e+01 4.051587187499999914e+02
-1.875194664571291412e+02  0.000000000000000000e+00   3.516405162641162315e+04  1.425698033780365911e-05 1.794804687499999929e+01 3.827964687500000309e+02
-1.875465248208465141e+02  0.000000000000000000e+00   3.517398454134910571e+04  8.118821194547167720e-06 1.756073437499999912e+01 3.688487187499999891e+02
-1.875601439931636776e+02  0.000000000000000000e+00   3.517898009608287975e+04  4.902990131824108203e-06 1.734407812499999935e+01 3.613694062499999973e+02
-1.875681881252863263e+02  0.000000000000000000e+00   3.518193614223517216e+04  3.153492797727203605e-06 1.709712500000000190e+01 3.525351875000000064e+02
-1.875718251425097094e+02  0.000000000000000000e+00   3.518326543250366376e+04  2.155723011865892665e-06 1.693124999999999858e+01 3.473344375000000355e+02
-1.875734330728106443e+02  0.000000000000000000e+00   3.518384751803625113e+04  1.555355796780124460e-06 1.685351562500000000e+01 3.450087187500000141e+02
-1.875749460671561906e+02  0.000000000000000000e+00   3.518440174240312626e+04  1.175246788947558275e-06 1.675582812500000074e+01 3.418331562500000018e+02
-1.875757322693120841e+02  0.000000000000000000e+00   3.518468844188486401e+04  9.409077877955718232e-07 1.677320312500000199e+01 3.419437812500000291e+02
-1.875768721053875652e+02  0.000000000000000000e+00   3.518510922946116625e+04  7.469250614733033325e-07 1.663503125000000082e+01 3.372318124999999895e+02
-1.875758257818016546e+02  0.000000000000000000e+00   3.518471193672873051e+04  6.116013433108962421e-07 1.670057812499999983e+01 3.396555937499999800e+02
-1.875760194795876430e+02  0.000000000000000000e+00   3.518478055444325582e+04  4.965398395447538045e-07 1.669431249999999878e+01 3.394524999999999864e+02
-1.875763387037110022e+02  0.000000000000000000e+00   3.518489730799812969e+04  4.111569416894016028e-07 1.665585937499999858e+01 3.384898437500000341e+02
-1.875762190712498807e+02  0.000000000000000000e+00   3.518484983111332986e+04  3.373625826632306562e-07 1.668835937500000099e+01 3.392074062500000196e+02
-1.875760240358648332e+02  0.000000000000000000e+00   3.518477448526809894e+04  2.754648159056519708e-07 1.667039062499999957e+01 3.386094062500000064e+02
-1.875763501081600566e+02  0.000000000000000000e+00   3.518489508733599359e+04  2.264448633362980665e-07 1.671656250000000199e+01 3.399663750000000277e+02
-1.875764923322904281e+02  0.000000000000000000e+00   3.518494705592052196e+04  1.870184976868204410e-07 1.663587499999999864e+01 3.373047500000000127e+02
-1.875765656258647596e+02  0.000000000000000000e+00   3.518497321407007257e+04  1.489862296971286479e-07 1.666953124999999858e+01 3.385004999999999882e+02
-1.875767278875400166e+02  0.000000000000000000e+00   3.518503302669827826e+04  1.188489020401979300e-07 1.665973437499999932e+01 3.382652812499999868e+02
-1.875766404312265081e+02  0.000000000000000000e+00   3.518499937673766544e+04  9.496297871211720954e-08 1.675068750000000151e+01 3.414706249999999841e+02
-1.875771515441272754e+02  0.000000000000000000e+00   3.518519036741436867e+04  7.349700383519691640e-08 1.672114062500000031e+01 3.405887812500000109e+02
-1.875768965243274238e+02  0.000000000000000000e+00   3.518509407062578248e+04  5.573177246934227871e-08 1.667726562500000043e+01 3.392357812500000023e+02
-1.875766749451396720e+02  0.000000000000000000e+00   3.518501035222247447e+04  3.890145051563560458e-08 1.667435937500000165e+01 3.390089062499999955e+02
-1.875768063612442802e+02  0.000000000000000000e+00   3.518505929743321030e+04  2.878350994902279528e-08 1.669157812499999949e+01 3.397570937500000241e+02
-1.875766917783668362e+02  0.000000000000000000e+00   3.518501607914984197e+04  2.218653037352618171e-08 1.661118749999999977e+01 3.370537499999999795e+02
-1.875768455895755551e+02  0.000000000000000000e+00   3.518507362633271259e+04  1.776313617341134003e-08 1.664182812499999997e+01 3.378647187500000086e+02
-1.875768246412894769e+02  0.000000000000000000e+00   3.518506564855055331e+04  1.438228093120697800e-08 1.661396875000000151e+01 3.367026250000000118e+02
-1.875768123419021833e+02  0.000000000000000000e+00   3.518506095687137713e+04  1.217909479595455229e-08 1.670746875000000031e+01 3.400911250000000337e+02
-1.875767591905300833e+02  0.000000000000000000e+00   3.518504096096085414e+04  1.058798674150720942e-08 1.660309374999999932e+01 3.365407500000000027e+02
-1.875767302774699772e+02  0.000000000000000000e+00   3.518503006012867263e+04  9.053337472140884652e-09 1.661860937500000190e+01 3.368203437500000064e+02
-1.875767561859468628e+02  0.000000000000000000e+00   3.518503975051786983e+04  8.221554467939878421e-09 1.667990625000000193e+01 3.385785000000000196e+02
-1.875767775158251993e+02  0.000000000000000000e+00   3.518504772587455955e+04  7.464908826694307907e-09 1.667334375000000080e+01 3.386326250000000186e+02
-1.875768092224281247e+02  0.000000000000000000e+00   3.518505959897086723e+04  6.846760308719997949e-09 1.664681249999999935e+01 3.383138749999999959e+02
-1.875767770779021646e+02  0.000000000000000000e+00   3.518504751846781437e+04  6.239434936751805988e-09 1.665251562499999949e+01 3.385270937500000059e+02
-1.875767693929516327e+02  0.000000000000000000e+00   3.518504462061975937e+04  5.818472253177016646e-09 1.662342187500000179e+01 3.374907187499999850e+02
-1.875768451628281070e+02  0.000000000000000000e+00   3.518507303639395832e+04  5.546510252463100038e-09 1.664295312500000179e+01 3.378092812500000264e+02
-1.875768377833972806e+02  0.000000000000000000e+00   3.518507025904657348e+04  5.292802677628128363e-09 1.662784375000000026e+01 3.377518125000000282e+02
-1.875768481175725810e+02  0.000000000000000000e+00   3.518507412889430998e+04  5.092256362220407400e-09 1.667798437500000119e+01 3.392092812500000036e+02
-1.875767798194640079e+02  0.000000000000000000e+00   3.518504849708072288e+04  4.821395679090890152e-09 1.666503125000000196e+01 3.385532499999999914e+02
-1.875768158475439407e+02  0.000000000000000000e+00   3.518506200918064133e+04  4.708737758383178677e-09 1.660746874999999889e+01 3.368220625000000155e+02
-1.875768104841383206e+02  0.000000000000000000e+00   3.518505999543471262e+04  4.661989174769888376e-09 1.666207812500000074e+01 3.387859687499999950e+02
-1.875768313153748750e+02  0.000000000000000000e+00   3.518506780489032099e+04  4.506847071740179538e-09 1.663382812500000085e+01 3.380159687500000132e+02
-1.875768398702051343e+02  0.000000000000000000e+00   3.518507100805241498e+04  4.330240903433928238e-09 1.668457812500000159e+01 3.397600937500000100e+02
-1.875768604431757183e+02  0.000000000000000000e+00   3.518507872602963471e+04  4.328852592748668811e-09 1.666170312499999895e+01 3.389214687500000309e+02
-1.875768239169273670e+02  0.000000000000000000e+00   3.518506501602508069e+04  4.128544443298107058e-09 1.670610937500000048e+01 3.397378437500000246e+02
-1.875767668815771003e+02  0.000000000000000000e+00   3.518504361653143860e+04  4.058142406007600771e-09 1.665789062500000028e+01 3.386004062499999918e+02
-1.875768131336577085e+02  0.000000000000000000e+00   3.518506096644361241e+04  4.009214869979906992e-09 1.667171875000000014e+01 3.391703125000000227e+02
-1.875768156608257868e+02  0.000000000000000000e+00   3.518506191315286560e+04  3.970362436571907984e-09 1.664259374999999963e+01 3.376440625000000182e+02
-1.875768480139145140e+02  0.000000000000000000e+00   3.518507404801498342e+04  3.898806614983766599e-09 1.665784375000000139e+01 3.388574375000000032e+02
-1.875767807531313736e+02  0.000000000000000000e+00   3.518504881194536574e+04  3.815173133245154297e-09 1.668948437499999926e+01 3.397302812500000186e+02
-1.875768378667399929e+02  0.000000000000000000e+00   3.518507023618646781e+04  3.754467503820371080e-09 1.662101562500000185e+01 3.374870312500000296e+02
-1.875768259524889174e+02  0.000000000000000000e+00   3.518506576424225932e+04  3.689972945736302017e-09 1.661660937499999946e+01 3.369683437500000309e+02
-1.875767954481104312e+02  0.000000000000000000e+00   3.518505431833468901e+04  3.630871996134241006e-09 1.666857812499999980e+01 3.388937812500000177e+02
-1.875767682162963013e+02  0.000000000000000000e+00   3.518504409912514529e+04  3.542840587194885871e-09 1.664198437499999983e+01 3.377272187500000200e+02
-1.875767903484621115e+02  0.000000000000000000e+00   3.518505240093363682e+04  3.510090856244765796e-09 1.660410937500000017e+01 3.362645937500000173e+02
-1.875767880046228413e+02  0.000000000000000000e+00   3.518505151812956319e+04  3.410492256167062604e-09 1.663634375000000176e+01 3.374736874999999827e+02
-1.875768049218592068e+02  0.000000000000000000e+00   3.518505786491200706e+04  3.416756791656409394e-09 1.661131250000000037e+01 3.373963750000000346e+02
-1.875767946838617490e+02  0.000000000000000000e+00   3.518505402255352237e+04  3.373077084472378545e-09 1.666310937500000122e+01 3.385105312499999854e+02
-1.875768082706424877e+02  0.000000000000000000e+00   3.518505911630460469e+04  3.277051073243078204e-09 1.665803125000000051e+01 3.384034374999999955e+02
-1.875768138917400734e+02  0.000000000000000000e+00   3.518506122323226009e+04  3.224543720578620014e-09 1.667454687500000077e+01 3.388652812500000095e+02
-1.875768273181194559e+02  0.000000000000000000e+00   3.518506626013351342e+04  3.223012591436571371e-09 1.663615624999999909e+01 3.376292500000000132e+02
-1.875768130613939775e+02  0.000000000000000000e+00   3.518506090986356867e+04  3.171642241765756056e-09 1.662028125000000145e+01 3.371564374999999814e+02
-1.875767695170490583e+02  0.000000000000000000e+00   3.518504457167133660e+04  3.104136726622308581e-09 1.666612500000000097e+01 3.381449999999999818e+02
-1.875767966591388074e+02  0.000000000000000000e+00   3.518505475314568321e+04  3.076356540299210467e-09 1.666206250000000111e+01 3.382863750000000209e+02
-1.875768317757004411e+02  0.000000000000000000e+00   3.518506792697231867e+04  3.068429293744664689e-09 1.666123437499999937e+01 3.383572812500000282e+02
-1.875767929535922178e+02  0.000000000000000000e+00   3.518505335968516738e+04  2.982242494175022047e-09 1.670881250000000051e+01 3.399315624999999841e+02
-1.875767977301059091e+02  0.000000000000000000e+00   3.518505515040595492e+04  2.947981393150180648e-09 1.662109375000000000e+01 3.371526875000000132e+02
-1.875768450422949627e+02  0.000000000000000000e+00   3.518507289932241838e+04  2.935940531973678357e-09 1.668742187500000185e+01 3.395058437499999968e+02
-1.875768153740448270e+02  0.000000000000000000e+00   3.518506176854396472e+04  2.918154944590384197e-09 1.660915625000000162e+01 3.370354375000000005e+02
-1.875768150914420573e+02  0.000000000000000000e+00   3.518506166072833003e+04  2.867105468266776121e-09 1.662360937500000091e+01 3.373440312500000005e+02
-1.875767843392848420e+02  0.000000000000000000e+00   3.518505012257636554e+04  2.828183761007956642e-09 1.662596875000000196e+01 3.374445000000000050e+02
-1.875768483490223275e+02  0.000000000000000000e+00   3.518507413565363822e+04  2.816578372661389292e-09 1.664903125000000017e+01 3.381817500000000223e+02
-1.875768101005502899e+02  0.000000000000000000e+00   3.518505978517736366e+04  2.776163025657410673e-09 1.663867187500000000e+01 3.377677187500000286e+02
-1.875768186532272068e+02  0.000000000000000000e+00   3.518506299299450620e+04  2.754828755802414023e-09 1.662842187500000080e+01 3.376005312500000173e+02
-1.875768066376290619e+02  0.000000000000000000e+00   3.518505848442593560e+04  2.730006936703804561e-09 1.670562500000000128e+01 3.400473749999999882e+02
-1.875768277445758088e+02  0.000000000000000000e+00   3.518506640202233393e+04  2.708651215004908783e-09 1.671507812500000156e+01 3.408077187499999923e+02
-1.875768274204372403e+02  0.000000000000000000e+00   3.518506627898722945e+04  2.667914003222972540e-09 1.668454687499999878e+01 3.392940937500000018e+02
-1.875768010608995269e+02  0.000000000000000000e+00   3.518505638887720124e+04  2.632848560455145645e-09 1.665309375000000003e+01 3.378432500000000118e+02
-1.875768414801403878e+02  0.000000000000000000e+00   3.518507155210930068e+04  2.627352574211417728e-09 1.661362499999999898e+01 3.369384375000000205e+02
-1.875767628584565614e+02  0.000000000000000000e+00   3.518504205482664838e+04  2.568392604052529110e-09 1.668564062500000134e+01 3.390239687499999945e+02
-1.875768230638816476e+02  0.000000000000000000e+00   3.518506464154741843e+04  2.580886513328249012e-09 1.666417187500000097e+01 3.390598437500000273e+02
-1.875768188116808801e+02  0.000000000000000000e+00   3.518506304554503731e+04  2.558895018009056987e-09 1.665928124999999937e+01 3.385225624999999923e+02
-1.875768149488273195e+02  0.000000000000000000e+00   3.518506159456082969e+04  2.507149786152311961e-09 1.663976562499999901e+01 3.378358437499999809e+02
-1.875768261177933027e+02  0.000000000000000000e+00   3.518506578483078192e+04  2.512597812077884475e-09 1.667373437499999866e+01 3.396021562500000073e+02
-1.875768039085674275e+02  0.000000000000000000e+00   3.518505745246128208e+04  2.498450585420501619e-09 1.661964062499999883e+01 3.372137187499999982e+02
-1.875768144371067763e+02  0.000000000000000000e+00   3.518506140158147173e+04  2.478571269491825856e-09 1.666054687500000142e+01 3.387865312499999959e+02
-1.875767609649142003e+02  0.000000000000000000e+00   3.518504133890100638e+04  2.410468889316213285e-09 1.665823437499999926e+01 3.382425312500000132e+02
-1.875768295874749754e+02  0.000000000000000000e+00   3.518506708303423511e+04  2.414251608990816438e-09 1.668832812500000173e+01 3.393629687499999932e+02
-1.875767653243702853e+02  0.000000000000000000e+00   3.518504297324173967e+04  2.378506507389055944e-09 1.660514062500000065e+01 3.365154687500000250e+02
-1.875768418083315510e+02  0.000000000000000000e+00   3.518507166741434776e+04  2.405182266471667860e-09 1.666128125000000182e+01 3.388544375000000173e+02
-1.875768246030141029e+02  0.000000000000000000e+00   3.518506521166965103e+04  2.373726889370269294e-09 1.664932812500000026e+01 3.379640937500000177e+02
-1.875768494556295138e+02  0.000000000000000000e+00   3.518507453456280928e+04  2.355058614156921044e-09 1.661473437500000117e+01 3.371125312500000177e+02
-1.875768013357250936e+02  0.000000000000000000e+00   3.518505647940388735e+04  2.275449165983419250e-09 1.668185937500000193e+01 3.393708437500000059e+02
-1.875768340907039544e+02  0.000000000000000000e+00   3.518506876918258786e+04  2.321755093135524375e-09 1.664229687499999955e+01 3.376192187500000159e+02
-1.875768372195791756e+02  0.000000000000000000e+00   3.518506994220284105e+04  2.299337211305395048e-09 1.665154687500000108e+01 3.382535312499999804e+02
-1.875768264863367563e+02  0.000000000000000000e+00   3.518506591440574994e+04  2.265747159263877624e-09 1.666935937499999909e+01 3.393099687499999959e+02
-1.875767611021496464e+02  0.000000000000000000e+00   3.518504138497435633e+04  2.256681564201127938e-09 1.665915624999999878e+01 3.381402499999999804e+02
-1.875767867994494509e+02  0.000000000000000000e+00   3.518505102565583366e+04  2.263737487542535392e-09 1.659245312499999869e+01 3.365442812499999832e+02
-1.875768088315915350e+02  0.000000000000000000e+00   3.518505928947008215e+04  2.217607441437023580e-09 1.668971875000000082e+01 3.389523750000000177e+02
-1.875768588077480103e+02  0.000000000000000000e+00   3.518507803813697683e+04  2.215573917769548548e-09 1.661550000000000082e+01 3.375257500000000164e+02
-1.875767958778105537e+02  0.000000000000000000e+00   3.518505442919595953e+04  2.200086127369104009e-09 1.662049999999999983e+01 3.373516875000000255e+02
-1.875768250497457359e+02  0.000000000000000000e+00   3.518506537302995275e+04  2.196586331208353038e-09 1.661645312499999960e+01 3.370125937500000077e+02
-1.875768151262672347e+02  0.000000000000000000e+00   3.518506164892335801e+04  2.160278182145277273e-09 1.661293750000000102e+01 3.373668124999999804e+02
-1.875768166395352807e+02  0.000000000000000000e+00   3.518506221612539957e+04  2.145898101163246743e-09 1.664660937500000060e+01 3.383917187499999955e+02
-1.875767887255829578e+02  0.000000000000000000e+00   3.518505174362168327e+04  2.132146920975410401e-09 1.667237499999999883e+01 3.393259375000000091e+02
-1.875768220733805833e+02  0.000000000000000000e+00   3.518506425377161213e+04  2.120869638178302605e-09 1.662190625000000210e+01 3.365540624999999864e+02
-1.875768125171640008e+02  0.000000000000000000e+00   3.518506066898893914e+04  2.128450195869035710e-09 1.664457812499999889e+01 3.380801562500000159e+02
-1.875768450251711101e+02  0.000000000000000000e+00   3.518507286424856284e+04  2.121680980764558780e-09 1.668146875000000051e+01 3.395525000000000091e+02
-1.875768240826204476e+02  0.000000000000000000e+00   3.518506500589806092e+04  2.074053953113387787e-09 1.662821875000000205e+01 3.374435624999999845e+02
-1.875767765264788522e+02  0.000000000000000000e+00   3.518504716505752731e+04  2.074544272724771350e-09 1.666715625000000145e+01 3.386721875000000068e+02
-1.875768516585940517e+02  0.000000000000000000e+00   3.518507534990028216e+04  2.039219189142065459e-09 1.670857812499999895e+01 3.402260937500000182e+02
-1.875768140979763530e+02  0.000000000000000000e+00   3.518506125928248366e+04  2.050179934276059662e-09 1.668303124999999909e+01 3.397397500000000150e+02
-1.875768392401298001e+02  0.000000000000000000e+00   3.518507069114868500e+04  2.041524558961667726e-09 1.663331249999999883e+01 3.378984375000000000e+02
-1.875767942286225036e+02  0.000000000000000000e+00   3.518505380453431280e+04  2.030615651416250279e-09 1.675845312499999906e+01 3.418531562499999836e+02
-1.875767828924930143e+02  0.000000000000000000e+00   3.518504955110736046e+04  2.012499749452716370e-09 1.666346874999999983e+01 3.387713750000000346e+02
-1.875768028713384297e+02  0.000000000000000000e+00   3.518505704601612524e+04  2.006055295624210992e-09 1.673989062500000102e+01 3.411334062500000073e+02
-1.875768357238951864e+02  0.000000000000000000e+00   3.518506937019110046e+04  1.989535296267814728e-09 1.664039062500000199e+01 3.381990937500000314e+02
-1.875768427993080252e+02  0.000000000000000000e+00   3.518507202476361999e+04  1.995372030065774562e-09 1.662232812499999923e+01 3.372758437499999786e+02
-1.875768168605689539e+02  0.000000000000000000e+00   3.518506229375536350e+04  1.995504101056697641e-09 1.665260937500000082e+01 3.380959687499999973e+02
-1.875767872199750173e+02  0.000000000000000000e+00   3.518505117252064520e+04  1.954036072764178777e-09 1.666042187500000082e+01 3.388447812499999827e+02
-1.875768192521752269e+02  0.000000000000000000e+00   3.518506318922417267e+04  1.945739153581058103e-09 1.665587500000000176e+01 3.385623750000000314e+02
-1.875768290395357383e+02  0.000000000000000000e+00   3.518506686074418394e+04  1.938804418786669772e-09 1.666465625000000017e+01 3.382480625000000032e+02
-1.875767935636052357e+02  0.000000000000000000e+00   3.518505355191724084e+04  1.941559196662770649e-09 1.662354687499999883e+01 3.375992812499999900e+02
-1.875767829613877780e+02  0.000000000000000000e+00   3.518504957336180087e+04  1.910419974343096272e-09 1.661773437500000128e+01 3.369040937500000155e+02
-1.875768358783271879e+02  0.000000000000000000e+00   3.518506942502067250e+04  1.901254744058355549e-09 1.665664062500000142e+01 3.384441562499999918e+02
-1.875767925427860803e+02  0.000000000000000000e+00   3.518505316744326410e+04  1.898643023149100768e-09 1.668665624999999864e+01 3.392555624999999964e+02
-1.875767889340098691e+02  0.000000000000000000e+00   3.518505181321531563e+04  1.887768362759250069e-09 1.668050000000000210e+01 3.387099375000000236e+02
-1.875768090124209095e+02  0.000000000000000000e+00   3.518505934556620196e+04  1.883867051042331034e-09 1.662515624999999986e+01 3.376986875000000055e+02
-1.875767620246656406e+02  0.000000000000000000e+00   3.518504171703233442e+04  1.858013716049116669e-09 1.671581250000000196e+01 3.402098750000000109e+02
-1.875768196419599576e+02  0.000000000000000000e+00   3.518506333295737568e+04  1.874801322902425256e-09 1.660978125000000105e+01 3.374819375000000150e+02
-1.875767924002159930e+02  0.000000000000000000e+00   3.518505311170629284e+04  1.834658742078804888e-09 1.666232812500000193e+01 3.379201562499999909e+02
-1.875767883135135037e+02  0.000000000000000000e+00   3.518505157908804540e+04  1.849518007608292940e-09 1.670592187500000136e+01 3.399242187500000227e+02
-1.875768341785338293e+02  0.000000000000000000e+00   3.518506878501963365e+04  1.835393894203149710e-09 1.665332812500000159e+01 3.383484062499999823e+02
-1.875768074776537730e+02  0.000000000000000000e+00   3.518505876843817532e+04  1.845368159122344496e-09 1.660359375000000171e+01 3.371343125000000214e+02
-1.875768445865439560e+02  0.000000000000000000e+00   3.518507268903879594e+04  1.818792092584268661e-09 1.664471874999999912e+01 3.381945000000000050e+02
-1.875768050582973387e+02  0.000000000000000000e+00   3.518505785921140341e+04  1.799994718891525082e-09 1.665687499999999943e+01 3.379197500000000218e+02
-1.875767982721000635e+02  0.000000000000000000e+00   3.518505531278724084e+04  1.784141620123691194e-09 1.666928125000000094e+01 3.386578749999999900e+02
-1.875768238308330353e+02  0.000000000000000000e+00   3.518506490186065639e+04  1.801823632515384823e-09 1.668654687500000122e+01 3.397973437499999818e+02
-1.875768374019345401e+02  0.000000000000000000e+00   3.518506999294542038e+04  1.797172227458726950e-09 1.663967187500000122e+01 3.377794687500000350e+02
-1.875767832441222254e+02  0.000000000000000000e+00   3.518504967451617995e+04  1.770745560356155002e-09 1.670137499999999875e+01 3.402390000000000327e+02
-1.875768435225222106e+02  0.000000000000000000e+00   3.518507228850047250e+04  1.779950552516124615e-09 1.665854687499999898e+01 3.387188437500000191e+02
-1.875768301308108903e+02  0.000000000000000000e+00   3.518506726436099416e+04  1.774557075249770722e-09 1.663364062500000173e+01 3.381068437499999959e+02
-1.875768069610539897e+02  0.000000000000000000e+00   3.518505857151666714e+04  1.756772857051524473e-09 1.661650000000000205e+01 3.374508124999999836e+02
-1.875768120919913713e+02  0.000000000000000000e+00   3.518506049561769760e+04  1.734357018473602744e-09 1.661551562500000045e+01 3.374194687500000214e+02
-1.875767914387058113e+02  0.000000000000000000e+00   3.518505274863004161e+04  1.767520497609231378e-09 1.664196875000000020e+01 3.378116875000000050e+02
-1.875768418545066254e+02  0.000000000000000000e+00   3.518507166234630131e+04  1.768810130374084342e-09 1.661906250000000185e+01 3.377279374999999959e+02
-1.875767818093036112e+02  0.000000000000000000e+00   3.518504913520437549e+04  1.741344225081589176e-09 1.663439062500000176e+01 3.374920312500000250e+02
-1.875768308999859357e+02  0.000000000000000000e+00   3.518506755111763778e+04  1.723336774763880231e-09 1.658814062500000119e+01 3.359273437500000341e+02
-1.875768219880729930e+02  0.000000000000000000e+00   3.518506420793661528e+04  1.727761233795686713e-09 1.665414062500000014e+01 3.386756562500000314e+02
-1.875768663802197977e+02  0.000000000000000000e+00   3.518508086152064061e+04  1.719416399650872224e-09 1.664912500000000151e+01 3.383153125000000045e+02
-1.875768153031406769e+02  0.000000000000000000e+00   3.518506169904889975e+04  1.699026492797080587e-09 1.663976562499999901e+01 3.377822812499999827e+02
-1.875767768415754801e+02  0.000000000000000000e+00   3.518504726985008165e+04  1.693215736870965289e-09 1.663298437499999949e+01 3.370755312499999832e+02
-1.875767900364276102e+02  0.000000000000000000e+00   3.518505221947556856e+04  1.679847484369727054e-09 1.664846874999999926e+01 3.386658750000000282e+02
-1.875768217175536563e+02  0.000000000000000000e+00   3.518506410442409833e+04  1.670174263868142823e-09 1.672023437500000043e+01 3.406425937500000032e+02
-1.875768145763491646e+02  0.000000000000000000e+00   3.518506142586237547e+04  1.684018641735137979e-09 1.672114062500000031e+01 3.399800312500000246e+02
-1.875768207130920757e+02  0.000000000000000000e+00   3.518506372710751020e+04  1.656271510086144052e-09 1.667125000000000057e+01 3.393183124999999905e+02
-1.875767991882196668e+02  0.000000000000000000e+00   3.518505565212847432e+04  1.660670544460643564e-09 1.663293750000000060e+01 3.378175625000000082e+02
-1.875768040125805101e+02  0.000000000000000000e+00   3.518505746265476046e+04  1.679142283096209491e-09 1.662093750000000014e+01 3.374398125000000164e+02
-1.875768066725682104e+02  0.000000000000000000e+00   3.518505845933302044e+04  1.644305583119907142e-09 1.672149999999999892e+01 3.402152500000000259e+02
-1.875768261954687262e+02  0.000000000000000000e+00   3.518506578349955817e+04  1.646564433352492541e-09 1.669156249999999986e+01 3.395082500000000323e+02
-1.875768563179191801e+02  0.000000000000000000e+00   3.518507708379389078e+04  1.639348139016071263e-09 1.660853124999999864e+01 3.368331249999999955e+02
-1.875768133307892356e+02  0.000000000000000000e+00   3.518506095669677597e+04  1.630323285839573705e-09 1.663965625000000159e+01 3.379215624999999932e+02
-1.875768536560729842e+02  0.000000000000000000e+00   3.518507608500906645e+04  1.634137258734869749e-09 1.667846875000000040e+01 3.391336875000000077e+02
-1.875768169227196154e+02  0.000000000000000000e+00   3.518506230396838509e+04  1.623101044344161902e-09 1.665570312499999872e+01 3.384140312499999936e+02
-1.875767802676681981e+02  0.000000000000000000e+00   3.518504855185064662e+04  1.599132926876802024e-09 1.665060937500000193e+01 3.380499062499999923e+02
-1.875768410974214930e+02  0.000000000000000000e+00   3.518507137262543984e+04  1.606878282194191212e-09 1.667982812500000023e+01 3.391270312500000159e+02
-1.875768130726922323e+02  0.000000000000000000e+00   3.518506085888840607e+04  1.602404009614296066e-09 1.657451562500000009e+01 3.355386562500000309e+02
-1.875768330288783261e+02  0.000000000000000000e+00   3.518506834501044796e+04  1.587797188831335998e-09 1.667960937500000185e+01 3.395797812499999964e+02
-1.875768130739685091e+02  0.000000000000000000e+00   3.518506085879726015e+04  1.586205441939497826e-09 1.672010937499999983e+01 3.409435937499999909e+02
-1.875768066637414790e+02  0.000000000000000000e+00   3.518505845361620595e+04  1.575940439183427084e-09 1.668456250000000196e+01 3.393836249999999950e+02
-1.875767714266924884e+02  0.000000000000000000e+00   3.518504523456985044e+04  1.583292251544303514e-09 1.664439062499999977e+01 3.382514687500000150e+02
-1.875768138084397663e+02  0.000000000000000000e+00   3.518506113348404324e+04  1.561968684999617190e-09 1.669418750000000173e+01 3.396190000000000282e+02
-1.875768311251279670e+02  0.000000000000000000e+00   3.518506762972916476e+04  1.557035188945451952e-09 1.669071875000000205e+01 3.392524374999999850e+02
-1.875767650081514262e+02  0.000000000000000000e+00   3.518504282587828493e+04  1.561885954079186620e-09 1.667107812500000108e+01 3.389832812500000045e+02
-1.875767991179810394e+02  0.000000000000000000e+00   3.518505562178760010e+04  1.547253052039521900e-09 1.661953125000000142e+01 3.373804375000000277e+02
-1.875768087007893143e+02  0.000000000000000000e+00   3.518505921704495267e+04  1.553853873130002467e-09 1.660873437500000094e+01 3.362379062499999804e+02
-1.875768206890398346e+02  0.000000000000000000e+00   3.518506371372759895e+04  1.532451210432227130e-09 1.673656250000000156e+01 3.408158750000000055e+02
-1.875767853344066793e+02  0.000000000000000000e+00   3.518505044979690138e+04  1.517883764011419136e-09 1.663770312500000159e+01 3.376304687500000341e+02
-1.875768772106341942e+02  0.000000000000000000e+00   3.518508491788402898e+04  1.528792361540232861e-09 1.669264062499999923e+01 3.398606562500000337e+02
-1.875768455888425876e+02  0.000000000000000000e+00   3.518507305454277957e+04  1.520027625446915594e-09 1.666170312499999895e+01 3.390705312499999877e+02
-1.875768108429924439e+02  0.000000000000000000e+00   3.518506001946316974e+04  1.518695833449301353e-09 1.661006250000000151e+01 3.373425000000000296e+02
-1.875768106972589919e+02  0.000000000000000000e+00   3.518505996471862454e+04  1.516646329112373907e-09 1.666868750000000077e+01 3.386346874999999841e+02
-1.875768032637460294e+02  0.000000000000000000e+00   3.518505717529817048e+04  1.496433237033288123e-09 1.671873437500000037e+01 3.402478437500000155e+02
-1.875768422979483887e+02  0.000000000000000000e+00   3.518507181887704792e+04  1.489485262416876757e-09 1.664093749999999972e+01 3.386558749999999804e+02
-1.875767939557976547e+02  0.000000000000000000e+00   3.518505368381803419e+04  1.508659498557534619e-09 1.659565625000000111e+01 3.363368125000000077e+02
-1.875768297470301604e+02  0.000000000000000000e+00   3.518506711069358425e+04  1.499137228076081211e-09 1.670145312500000045e+01 3.405853437499999927e+02
-1.875767954365777825e+02  0.000000000000000000e+00   3.518505423929104290e+04  1.507324431111027441e-09 1.663628124999999969e+01 3.373566875000000209e+02
-1.875768260910265894e+02  0.000000000000000000e+00   3.518506573863694211e+04  1.485110440996432259e-09 1.665253124999999912e+01 3.385506250000000250e+02
-1.875768473828838978e+02  0.000000000000000000e+00   3.518507372616102657e+04  1.479585061115730960e-09 1.667257812500000114e+01 3.393549687500000118e+02
-1.875768130157906626e+02  0.000000000000000000e+00   3.518506083334957657e+04  1.483262555929374033e-09 1.669684374999999932e+01 3.397653750000000059e+02
-1.875768291791917193e+02  0.000000000000000000e+00   3.518506689653430658e+04  1.466947312061709209e-09 1.666471874999999869e+01 3.384346874999999955e+02
-1.875768248009071328e+02  0.000000000000000000e+00   3.518506525389730086e+04  1.463890801597042825e-09 1.663899999999999935e+01 3.383070625000000291e+02
-1.875768407700898308e+02  0.000000000000000000e+00   3.518507124471776478e+04  1.461703116676935138e-09 1.663568749999999952e+01 3.381960000000000264e+02
-1.875768117620454234e+02  0.000000000000000000e+00   3.518506036203460826e+04  1.455753775005206923e-09 1.664637499999999903e+01 3.381280624999999986e+02
-1.875768181103336474e+02  0.000000000000000000e+00   3.518506274337308423e+04  1.448793501820015514e-09 1.668553125000000037e+01 3.396229999999999905e+02
-1.875768355513665142e+02  0.000000000000000000e+00   3.518506928707550833e+04  1.466846918732299685e-09 1.661112500000000125e+01 3.368741249999999923e+02
-1.875768066559798513e+02  0.000000000000000000e+00   3.518505844615366368e+04  1.446603140432253028e-09 1.668059374999999989e+01 3.392763125000000173e+02
-1.875768014337309069e+02  0.000000000000000000e+00   3.518505648677967110e+04  1.440110186259037342e-09 1.665407812500000162e+01 3.384627187500000218e+02
-1.875767908813471365e+02  0.000000000000000000e+00   3.518505252767070488e+04  1.430325197661680848e-09 1.663060937499999881e+01 3.376852187499999900e+02
-1.875768196146729281e+02  0.000000000000000000e+00   3.518506330704700667e+04  1.429341261034270011e-09 1.668053125000000136e+01 3.389537500000000136e+02
-1.875768457801118245e+02  0.000000000000000000e+00   3.518507312272302806e+04  1.418418987061570945e-09 1.663246875000000102e+01 3.376379375000000209e+02
-1.875768491582108766e+02  0.000000000000000000e+00   3.518507439005203923e+04  1.419063090017776702e-09 1.668926562500000088e+01 3.395352812500000255e+02
-1.875768259294795257e+02  0.000000000000000000e+00   3.518506567574601650e+04  1.420141029781616725e-09 1.660698437499999969e+01 3.367400312500000155e+02
-1.875767775524733167e+02  0.000000000000000000e+00   3.518504752654938784e+04  1.409102214966311071e-09 1.666192187500000088e+01 3.386879062500000259e+02
-1.875768346474200143e+02  0.000000000000000000e+00   3.518506894585318514e+04  1.407063844864684175e-09 1.667782812500000134e+01 3.399014062499999795e+02
-1.875768188378448258e+02  0.000000000000000000e+00   3.518506301444400015e+04  1.395999931429336496e-09 1.665670312499999994e+01 3.379907187499999850e+02
-1.875767754613342788e+02  0.000000000000000000e+00   3.518504674159736169e+04  1.396205093555348755e-09 1.664385937500000168e+01 3.381530937499999823e+02
-1.875768314434917841e+02  0.000000000000000000e+00   3.518506774312719062e+04  1.385447402553196572e-09 1.668524999999999991e+01 3.396800000000000068e+02
-1.875768174047342427e+02  0.000000000000000000e+00   3.518506247633510793e+04  1.382578176689568962e-09 1.667337500000000006e+01 3.387083125000000337e+02
-1.875768172559387779e+02  0.000000000000000000e+00   3.518506242040134384e+04  1.379377673088709994e-09 1.666721874999999997e+01 3.393205624999999941e+02
-1.875768008818696444e+02  0.000000000000000000e+00   3.518505627827682474e+04  1.398328046471495317e-09 1.664071875000000134e+01 3.375563124999999900e+02
-1.875768338090794600e+02  0.000000000000000000e+00   3.518506863026465726e+04  1.376312372550723902e-09 1.671745312499999869e+01 3.402922812500000305e+02
-1.875767866085156186e+02  0.000000000000000000e+00   3.518505092251109454e+04  1.368038109997317061e-09 1.668976562499999972e+01 3.397686562499999923e+02
-1.875768418540526454e+02  0.000000000000000000e+00   3.518507164764573099e+04  1.355843663587845565e-09 1.666835937500000142e+01 3.388457812500000159e+02
-1.875768036548702469e+02  0.000000000000000000e+00   3.518505731697937881e+04  1.352893513232833376e-09 1.665503125000000040e+01 3.382657500000000255e+02
-1.875768262848783365e+02  0.000000000000000000e+00   3.518506580700001359e+04  1.361162348350768129e-09 1.664657812500000134e+01 3.380854062500000055e+02
-1.875767998722223524e+02  0.000000000000000000e+00   3.518505589738403069e+04  1.338075949059951158e-09 1.662360937500000091e+01 3.373767187500000091e+02
-1.875768455673296273e+02  0.000000000000000000e+00   3.518507304079733149e+04  1.358743854154505518e-09 1.666373437500000065e+01 3.391219062499999950e+02
-1.875767752217539908e+02  0.000000000000000000e+00   3.518504664923214295e+04  1.325555094266874671e-09 1.671695312499999986e+01 3.397780937499999823e+02
-1.875768291341401550e+02  0.000000000000000000e+00   3.518506687520055857e+04  1.340970813351046245e-09 1.666949999999999932e+01 3.390028750000000173e+02
-1.875768137577198331e+02  0.000000000000000000e+00   3.518506110596044891e+04  1.320507399149498086e-09 1.665835937499999986e+01 3.383554687500000000e+02
-1.875768144763316627e+02  0.000000000000000000e+00   3.518506137585479155e+04  1.329162010242123674e-09 1.664687500000000142e+01 3.379136250000000246e+02
-1.875768595941796377e+02  0.000000000000000000e+00   3.518507830255177396e+04  1.345376887316253822e-09 1.668667187500000182e+01 3.398282812500000318e+02
-1.875768272913271630e+02  0.000000000000000000e+00   3.518506618310655176e+04  1.319485247113572790e-09 1.671962500000000063e+01 3.407022499999999923e+02
-1.875767993253007830e+02  0.000000000000000000e+00   3.518505569137532439e+04  1.314511693375153246e-09 1.669221875000000210e+01 3.399141250000000127e+02
-1.875767924317302970e+02  0.000000000000000000e+00   3.518505310551488219e+04  1.322676731792980916e-09 1.665879687500000017e+01 3.388973437500000045e+02
-1.875767752985821915e+02  0.000000000000000000e+00   3.518504667761085875e+04  1.312946000455574755e-09 1.665598437499999918e+01 3.387607187500000236e+02
-1.875768312588992615e+02  0.000000000000000000e+00   3.518506767141791352e+04  1.315567948146275018e-09 1.666362499999999969e+01 3.386609374999999886e+02
-1.875768352110528383e+02  0.000000000000000000e+00   3.518506915382564330e+04  1.308258656026101724e-09 1.669356249999999875e+01 3.396842500000000200e+02
-1.875768068116137499e+02  0.000000000000000000e+00   3.518505849916929583e+04  1.293953449341085840e-09 1.668467187499999937e+01 3.394009687500000041e+02
-1.875768005630278878e+02  0.000000000000000000e+00   3.518505615539498831e+04  1.305470354114670318e-09 1.663382812500000085e+01 3.374934062500000209e+02
-1.875767980311022427e+02  0.000000000000000000e+00   3.518505520475004596e+04  1.283190298514472008e-09 1.670923437500000119e+01 3.402197187500000268e+02
-1.875768448929235319e+02  0.000000000000000000e+00   3.518507278489304736e+04  1.276369482231846170e-09 1.671934375000000017e+01 3.403936874999999986e+02
-1.875768403934120556e+02  0.000000000000000000e+00   3.518507109700081492e+04  1.279668687799102288e-09 1.664115625000000165e+01 3.379933125000000018e+02
-1.875768156333962793e+02  0.000000000000000000e+00   3.518506180813236278e+04  1.278020280192248669e-09 1.670520312500000060e+01 3.404042812499999968e+02
-1.875768681733837013e+02  0.000000000000000000e+00   3.518508151919000375e+04  1.291883865760441448e-09 1.665543750000000145e+01 3.386753125000000182e+02
-1.875768522380600700e+02  0.000000000000000000e+00   3.518507554057437665e+04  1.279956172495663974e-09 1.662114062499999889e+01 3.371768437499999891e+02
-1.875768120686272766e+02  0.000000000000000000e+00   3.518506047055310773e+04  1.271107508834225866e-09 1.661390624999999943e+01 3.369051875000000109e+02
-1.875768417548676439e+02  0.000000000000000000e+00   3.518507160726556322e+04  1.265733020897220211e-09 1.662806249999999864e+01 3.379187499999999886e+02
-1.875768015484073317e+02  0.000000000000000000e+00   3.518505652384732093e+04  1.270901273865550347e-09 1.669079687500000020e+01 3.394576562500000136e+02
-1.875768387398124162e+02  0.000000000000000000e+00   3.518507047575262550e+04  1.254254504054376838e-09 1.667626562499999920e+01 3.392414062500000114e+02
-1.875768296080838695e+02  0.000000000000000000e+00   3.518506704971288855e+04  1.247482632251974246e-09 1.670156250000000142e+01 3.401730625000000146e+02
-1.875768288439644209e+02  0.000000000000000000e+00   3.518506676327566674e+04  1.253877035899059033e-09 1.665653125000000045e+01 3.387046875000000341e+02
-1.875768064906272912e+02  0.000000000000000000e+00   3.518505837694209913e+04  1.242568962357405499e-09 1.662590624999999989e+01 3.374924374999999941e+02
-1.875768342978857106e+02  0.000000000000000000e+00   3.518506880871866451e+04  1.236382232642289534e-09 1.667290625000000048e+01 3.388267500000000041e+02
-1.875768147193204527e+02  0.000000000000000000e+00   3.518506146369170892e+04  1.234769313355897899e-09 1.666115625000000122e+01 3.387268124999999941e+02
-1.875768267727734440e+02  0.000000000000000000e+00   3.518506598600068537e+04  1.246484282653870092e-09 1.663965625000000159e+01 3.382623125000000073e+02
-1.875768015396896260e+02  0.000000000000000000e+00   3.518505651902836689e+04  1.226891778746107679e-09 1.665892187500000077e+01 3.386109062500000277e+02
-1.875768136491185203e+02  0.000000000000000000e+00   3.518506106177393667e+04  1.222615593887207968e-09 1.664473437499999875e+01 3.381593437500000050e+02
-1.875767986181033677e+02  0.000000000000000000e+00   3.518505542273849278e+04  1.219892557344238046e-09 1.668610937500000091e+01 3.390689062499999977e+02
-1.875768023359729852e+02  0.000000000000000000e+00   3.518505681771429227e+04  1.225679765522495187e-09 1.663234375000000043e+01 3.370929375000000050e+02
-1.875768342782731679e+02  0.000000000000000000e+00   3.518506880131921207e+04  1.235196079388896279e-09 1.668917187499999955e+01 3.398599687500000073e+02
-1.875768048430893487e+02  0.000000000000000000e+00   3.518505775771832850e+04  1.210056249797866941e-09 1.667365625000000051e+01 3.389618750000000205e+02
-1.875768285686595789e+02  0.000000000000000000e+00   3.518506665883511596e+04  1.220938737392766099e-09 1.668096875000000168e+01 3.394985000000000355e+02
-1.875768169097692066e+02  0.000000000000000000e+00   3.518506228459502745e+04  1.210569142825114389e-09 1.657434375000000060e+01 3.356084374999999795e+02
-1.875768270301086886e+02  0.000000000000000000e+00   3.518506608058464917e+04  1.190884156228976489e-09 1.667290625000000048e+01 3.390022500000000036e+02
-1.875768080594692151e+02  0.000000000000000000e+00   3.518505896326140646e+04  1.178979225749004143e-09 1.675565625000000125e+01 3.416331250000000068e+02
-1.875768067492627722e+02  0.000000000000000000e+00   3.518505847242331220e+04  1.198606614513007936e-09 1.665959374999999909e+01 3.382371875000000045e+02
-1.875768233841711208e+02  0.000000000000000000e+00   3.518506471268986934e+04  1.187814802484657761e-09 1.673515624999999929e+01 3.406435000000000173e+02
-1.875768001783893908e+02  0.000000000000000000e+00   3.518505600697961199e+04  1.188464420542102628e-09 1.666190625000000125e+01 3.386909375000000182e+02
-1.875768051988934246e+02  0.000000000000000000e+00   3.518505789009309956e+04  1.178610759927620457e-09 1.667570312500000185e+01 3.390937812500000064e+02
-1.875768044017760303e+02  0.000000000000000000e+00   3.518505759105600009e+04  1.178734844619420297e-09 1.668251562500000063e+01 3.394632812500000227e+02
-1.875768340484630698e+02  0.000000000000000000e+00   3.518506871314413002e+04  1.179462583338246485e-09 1.658046875000000142e+01 3.366918125000000259e+02
-1.875767989121209780e+02  0.000000000000000000e+00   3.518505553165287711e+04  1.180461619603683970e-09 1.665057812499999912e+01 3.382073437500000068e+02
-1.875767886156068869e+02  0.000000000000000000e+00   3.518505166813534743e+04  1.159335550789112601e-09 1.666600000000000037e+01 3.387463124999999877e+02
-1.875768409621526018e+02  0.000000000000000000e+00   3.518507130601521931e+04  1.156016734634835058e-09 1.664660937500000060e+01 3.380639062500000023e+02
-1.875768290186335321e+02  0.000000000000000000e+00   3.518506682541607006e+04  1.157604416893848764e-09 1.659912500000000080e+01 3.360998124999999845e+02
-1.875768134993897718e+02  0.000000000000000000e+00   3.518506100299060927e+04  1.148378209739409370e-09 1.663090624999999889e+01 3.377388750000000073e+02
-1.875767941999632455e+02  0.000000000000000000e+00   3.518505376280164637e+04  1.150098534808604858e-09 1.665899999999999892e+01 3.377764374999999859e+02
-1.875768284794190208e+02  0.000000000000000000e+00   3.518506662296388822e+04  1.152946661458080204e-09 1.666335937499999886e+01 3.393852187500000355e+02
-1.875768107565931189e+02  0.000000000000000000e+00   3.518505997419325286e+04  1.153287877866981740e-09 1.667176562499999903e+01 3.388635937500000068e+02
-1.875768079181630128e+02  0.000000000000000000e+00   3.518505890963834099e+04  1.161598640958854677e-09 1.667437500000000128e+01 3.389412500000000250e+02
-1.875768083781096038e+02  0.000000000000000000e+00   3.518505908125603310e+04  1.135083671619532563e-09 1.664439062499999977e+01 3.387189687499999877e+02
-1.875768187690602247e+02  0.000000000000000000e+00   3.518506297910888679e+04  1.125137101091222465e-09 1.668370312500000097e+01 3.392579062500000191e+02
-1.875768164959792443e+02  0.000000000000000000e+00   3.518506212668358785e+04  1.134496079863421389e-09 1.661515625000000185e+01 3.375580625000000055e+02
-1.875768369596605112e+02  0.000000000000000000e+00   3.518506980351437960e+04  1.128982162490969287e-09 1.669973437500000202e+01 3.398549062499999991e+02
-1.875768288983531136e+02  0.000000000000000000e+00   3.518506677955902705e+04  1.136760292061352864e-09 1.665992187500000199e+01 3.382230937500000323e+02
-1.875768033944949309e+02  0.000000000000000000e+00   3.518505721106180135e+04  1.118792933766972903e-09 1.667467187500000136e+01 3.395136562499999968e+02
-1.875768558035724141e+02  0.000000000000000000e+00   3.518507687269627058e+04  1.123830771569935401e-09 1.661850000000000094e+01 3.376440000000000055e+02
-1.875768119404142453e+02  0.000000000000000000e+00   3.518506041659838957e+04  1.104697743123480505e-09 1.664925000000000210e+01 3.385401875000000018e+02
-1.875768132020501184e+02  0.000000000000000000e+00   3.518506089020046784e+04  1.113076490257047538e-09 1.665503125000000040e+01 3.384444374999999923e+02
-1.875767909296323523e+02  0.000000000000000000e+00   3.518505253420853842e+04  1.101306615673505873e-09 1.669451562500000108e+01 3.398549687500000118e+02
-1.875767802456435902e+02  0.000000000000000000e+00   3.518504852628749359e+04  1.107431275439832367e-09 1.663328124999999957e+01 3.375135625000000346e+02
-1.875768273687026806e+02  0.000000000000000000e+00   3.518506620454193035e+04  1.103702482752464694e-09 1.665759375000000020e+01 3.386091250000000059e+02
-1.875767903575848266e+02  0.000000000000000000e+00   3.518505231974570779e+04  1.105366553144840823e-09 1.669846874999999997e+01 3.398332500000000209e+02
-1.875768172686473747e+02  0.000000000000000000e+00   3.518506241528561804e+04  1.098480092478703888e-09 1.662142187499999935e+01 3.373778437500000109e+02
-1.875768500811906279e+02  0.000000000000000000e+00   3.518507472463428712e+04  1.087188918272413431e-09 1.665449999999999875e+01 3.388191874999999982e+02
-1.875768018707322824e+02  0.000000000000000000e+00   3.518505663823021314e+04  1.085070281624461400e-09 1.663164062499999929e+01 3.371574062500000082e+02
-1.875768245777714185e+02  0.000000000000000000e+00   3.518506515709921950e+04  1.091917491949514442e-09 1.665560937500000094e+01 3.383065312500000346e+02
-1.875767930089613458e+02  0.000000000000000000e+00   3.518505331355318049e+04  1.080755893604921757e-09 1.671776562500000196e+01 3.400877812500000346e+02
-1.875768222081200065e+02  0.000000000000000000e+00   3.518506426773167186e+04  1.080998743449241474e-09 1.659182812499999926e+01 3.365154062500000123e+02
-1.875768322339179974e+02  0.000000000000000000e+00   3.518506802907893871e+04  1.084764706733305953e-09 1.668751562499999963e+01 3.399001562500000091e+02
-1.875767990932936868e+02  0.000000000000000000e+00   3.518505559567688761e+04  1.068380407950473661e-09 1.662745312499999883e+01 3.375362812500000018e+02
-1.875767977684140817e+02  0.000000000000000000e+00   3.518505509872813855e+04  1.070784783616619642e-09 1.668498437499999909e+01 3.400985937500000205e+02
-1.875767980903846421e+02  0.000000000000000000e+00   3.518505521958909958e+04  1.072846694381223751e-09 1.664242187500000014e+01 3.379686562499999809e+02
-1.875768148858232678e+02  0.000000000000000000e+00   3.518506152038665459e+04  1.070802372221419255e-09 1.669740625000000023e+01 3.399684374999999932e+02
-1.875768393399904710e+02  0.000000000000000000e+00   3.518507069452539145e+04  1.072750271480615045e-09 1.667292187500000011e+01 3.393624062499999923e+02
-1.875767971456965029e+02  0.000000000000000000e+00   3.518505486458620726e+04  1.055801531854537698e-09 1.661401562500000040e+01 3.373254062500000146e+02
-1.875768028685218383e+02  0.000000000000000000e+00   3.518505701178787422e+04  1.063280068568790571e-09 1.664871875000000045e+01 3.381131250000000250e+02
-1.875768119389195476e+02  0.000000000000000000e+00   3.518506041412046761e+04  1.050209320185492674e-09 1.663271874999999866e+01 3.382775000000000318e+02
-1.875768470666268399e+02  0.000000000000000000e+00   3.518507359214615281e+04  1.042755764521388210e-09 1.666567187500000102e+01 3.390025312500000041e+02
-1.875768219239226369e+02  0.000000000000000000e+00   3.518506415989701054e+04  1.046410662921796881e-09 1.665634375000000134e+01 3.384628749999999968e+02
-1.875768318576747617e+02  0.000000000000000000e+00   3.518506788641479943e+04  1.041703573892937381e-09 1.665937500000000071e+01 3.382615000000000123e+02
-1.875768227995942823e+02  0.000000000000000000e+00   3.518506448827750864e+04  1.042690067970710835e-09 1.665435937500000207e+01 3.382035312500000259e+02
-1.875768131200863422e+02  0.000000000000000000e+00   3.518506085673328926e+04  1.035822849769202056e-09 1.666318749999999937e+01 3.391623124999999845e+02
-1.875768055274151891e+02  0.000000000000000000e+00   3.518505800817617273e+04  1.031870741701711176e-09 1.670037500000000108e+01 3.393948125000000005e+02
-1.875768004448555075e+02  0.000000000000000000e+00   3.518505610095839074e+04  1.018308607943121091e-09 1.660423437500000077e+01 3.369578437499999950e+02
-1.875768092433712582e+02  0.000000000000000000e+00   3.518505940225927043e+04  1.032687732508825665e-09 1.665848437500000045e+01 3.390121562500000323e+02
-1.875768122571219294e+02  0.000000000000000000e+00   3.518506053294811863e+04  1.034659245740231801e-09 1.670254687499999946e+01 3.398192812500000173e+02
-1.875768057541852727e+02  0.000000000000000000e+00   3.518505809270995087e+04  1.016528078741256858e-09 1.666490625000000136e+01 3.386481875000000059e+02
-1.875768294551725432e+02  0.000000000000000000e+00   3.518506698405456700e+04  1.011783827938987165e-09 1.668429687500000114e+01 3.398181562500000155e+02
-1.875767980676839954e+02  0.000000000000000000e+00   3.518505520911145140e+04  1.017100973504994534e-09 1.667129687499999946e+01 3.387800312499999791e+02
-1.875768034416119860e+02  0.000000000000000000e+00   3.518505722525183228e+04  1.019713927901890000e-09 1.668090624999999960e+01 3.393962500000000091e+02
-1.875768001729252887e+02  0.000000000000000000e+00   3.518505599872268795e+04  1.012052972308093262e-09 1.670631249999999923e+01 3.397749375000000214e+02
-1.875768015699115381e+02  0.000000000000000000e+00   3.518505652256173198e+04  1.005079133142275781e-09 1.664887500000000031e+01 3.380439375000000268e+02
-1.875768280159627466e+02  0.000000000000000000e+00   3.518506644366466935e+04  9.985657581189271070e-10 1.668196874999999935e+01 3.397888750000000186e+02
-1.875768109705087454e+02  0.000000000000000000e+00   3.518506004937971011e+04  1.009341410759651682e-09 1.675528124999999946e+01 3.417738750000000323e+02
-1.875768085185058283e+02  0.000000000000000000e+00   3.518505912861875549e+04  9.842403044005545339e-10 1.664923437499999892e+01 3.382087812500000155e+02
-1.875768441234523323e+02  0.000000000000000000e+00   3.518507248638766760e+04  9.968355728080527285e-10 1.664123437499999980e+01 3.380464062500000182e+02
-1.875768217819594952e+02  0.000000000000000000e+00   3.518506410499392223e+04  9.996549931429885993e-10 1.663039062500000043e+01 3.372678437499999973e+02
-1.875768396262190834e+02  0.000000000000000000e+00   3.518507079887809232e+04  9.867189890168126371e-10 1.663224999999999909e+01 3.380479374999999891e+02
-1.875768282400480018e+02  0.000000000000000000e+00   3.518506652705346642e+04  9.793075099999504464e-10 1.671089062500000111e+01 3.406122812500000236e+02
-1.875768221269466949e+02  0.000000000000000000e+00   3.518506423408145929e+04  9.901150963250404163e-10 1.671504687499999875e+01 3.403508437500000241e+02
-1.875768283469726896e+02  0.000000000000000000e+00   3.518506656744229986e+04  9.871415818416599094e-10 1.666429687500000156e+01 3.390239062499999818e+02
-1.875768414556431480e+02  0.000000000000000000e+00   3.518507148502671043e+04  9.819853160106084852e-10 1.665081250000000068e+01 3.385578750000000241e+02
-1.875767983059988637e+02  0.000000000000000000e+00   3.518505529701217165e+04  9.743566223471534967e-10 1.664568750000000108e+01 3.380490000000000350e+02
-1.875768333337684908e+02  0.000000000000000000e+00   3.518506843798707268e+04  9.794697877956224233e-10 1.663285937499999889e+01 3.375411562500000286e+02
-1.875768267643259719e+02  0.000000000000000000e+00   3.518506597286240140e+04  9.631484572158240990e-10 1.666521875000000108e+01 3.385016875000000027e+02
-1.875768118568264811e+02  0.000000000000000000e+00   3.518506038045079913e+04  9.685793583849346329e-10 1.664392187500000020e+01 3.379988437499999918e+02
-1.875768046321757652e+02  0.000000000000000000e+00   3.518505766999328625e+04  9.656328662710324399e-10 1.670826562499999923e+01 3.401757187499999873e+02
-1.875768080747724014e+02  0.000000000000000000e+00   3.518505896168269101e+04  9.709430199030661889e-10 1.674129687499999974e+01 3.413145312500000159e+02
-1.875768329808084047e+02  0.000000000000000000e+00   3.518506830448516121e+04  9.485578364552903389e-10 1.666271874999999980e+01 3.390114374999999995e+02
-1.875768117645544351e+02  0.000000000000000000e+00   3.518506034494408232e+04  9.432695752311252850e-10 1.675026562500000082e+01 3.418764062500000023e+02
-1.875768360433849864e+02  0.000000000000000000e+00   3.518506945329989685e+04  9.450874380014309943e-10 1.665420312499999866e+01 3.384820937499999900e+02
-1.875768049292838384e+02  0.000000000000000000e+00   3.518505778080959135e+04  9.473051727470892517e-10 1.667090625000000159e+01 3.387636875000000032e+02
-1.875768410556027845e+02  0.000000000000000000e+00   3.518507133366162452e+04  9.453655214479739884e-10 1.662653124999999932e+01 3.374803749999999809e+02
-1.875768039521787784e+02  0.000000000000000000e+00   3.518505741395504447e+04  9.390614544009506619e-10 1.665050000000000097e+01 3.382551875000000337e+02
-1.875768304057700675e+02  0.000000000000000000e+00   3.518506733815010375e+04  9.400316600109157455e-10 1.668990624999999994e+01 3.400755000000000337e+02
-1.875768419163545957e+02  0.000000000000000000e+00   3.518507165623167384e+04  9.355840897071212052e-10 1.669676562500000117e+01 3.395191562499999804e+02
-1.875768295235720018e+02  0.000000000000000000e+00   3.518506700741898385e+04  9.465319393176233465e-10 1.662884375000000148e+01 3.378990625000000136e+02
-1.875768407036749181e+02  0.000000000000000000e+00   3.518507120115122962e+04  9.316279823337682079e-10 1.668806250000000091e+01 3.388821250000000305e+02
-1.875767972377690000e+02  0.000000000000000000e+00   3.518505489480272809e+04  9.328854974350503193e-10 1.671160937500000188e+01 3.407416562500000055e+02
-1.875768179228488464e+02  0.000000000000000000e+00   3.518506265459101996e+04  9.245239005665020155e-10 1.666535937500000131e+01 3.386274687499999914e+02
-1.875768400462598606e+02  0.000000000000000000e+00   3.518507095451057103e+04  9.313726019224416336e-10 1.666776562500000125e+01 3.386321562499999800e+02
-1.875768121000913595e+02  0.000000000000000000e+00   3.518506047004626453e+04  9.212229515161339255e-10 1.665685937499999980e+01 3.386074687500000095e+02
-1.875768057943857627e+02  0.000000000000000000e+00   3.518505810448651027e+04  9.226018966503067610e-10 1.662939062499999920e+01 3.379337812499999814e+02
-1.875767995852180263e+02  0.000000000000000000e+00   3.518505577458802145e+04  9.081973008442096707e-10 1.666082812500000188e+01 3.389073437499999955e+02
-1.875768064209001125e+02  0.000000000000000000e+00   3.518505833933043323e+04  9.170540983201938889e-10 1.664684374999999861e+01 3.383621875000000045e+02
-1.875768109782604540e+02  0.000000000000000000e+00   3.518506004878602107e+04  9.098171920752895138e-10 1.664292187499999898e+01 3.382337187499999800e+02
-1.875768183958013822e+02  0.000000000000000000e+00   3.518506283174466807e+04  9.166734856185602998e-10 1.668540624999999977e+01 3.392014374999999973e+02
-1.875767981376200453e+02  0.000000000000000000e+00   3.518505523183784680e+04  9.173323133942740471e-10 1.659581250000000097e+01 3.368956249999999955e+02
-1.875768376197531779e+02  0.000000000000000000e+00   3.518507004371349467e+04  9.176121290990861362e-10 1.666700000000000159e+01 3.391858750000000100e+02
-1.875768138132450531e+02  0.000000000000000000e+00   3.518506111230985698e+04  9.089385091742572827e-10 1.672267187499999963e+01 3.405292187499999841e+02
-1.875768315210345349e+02  0.000000000000000000e+00   3.518506775515140180e+04  9.004055178609804136e-10 1.672573437500000182e+01 3.411313437499999850e+02
-1.875768284894218993e+02  0.000000000000000000e+00   3.518506661768416234e+04  8.962370525497701651e-10 1.668243749999999892e+01 3.394019999999999868e+02
-1.875768238553710034e+02  0.000000000000000000e+00   3.518506487914350873e+04  8.945451322032883050e-10 1.670104687499999940e+01 3.401389687500000036e+02
-1.875768008621173237e+02  0.000000000000000000e+00   3.518505625300528482e+04  8.906868357742793276e-10 1.670095312500000162e+01 3.398134687500000268e+02
-1.875768094814031315e+02  0.000000000000000000e+00   3.518505948623533914e+04  8.814175490590147279e-10 1.662590624999999989e+01 3.370383750000000305e+02
-1.875768050848109567e+02  0.000000000000000000e+00   3.518505783704657370e+04  8.873485665747995393e-10 1.663329687499999920e+01 3.375242812500000014e+02
-1.875768283222405159e+02  0.000000000000000000e+00   3.518506655443802447e+04  8.812469761509526486e-10 1.669650000000000034e+01 3.398740000000000236e+02
-1.875768075545646809e+02  0.000000000000000000e+00   3.518505876341764815e+04  8.826318446092177826e-10 1.663012499999999960e+01 3.372930625000000191e+02
-1.875768037101759660e+02  0.000000000000000000e+00   3.518505732091581740e+04  8.750854522284608852e-10 1.664089062500000082e+01 3.377645937500000173e+02
-1.875768093944429324e+02  0.000000000000000000e+00   3.518505945344231441e+04  8.765976626043795762e-10 1.659009375000000119e+01 3.359240000000000350e+02
-1.875768155871558918e+02  0.000000000000000000e+00   3.518506177649919846e+04  8.719981570826364056e-10 1.668387500000000045e+01 3.397097499999999854e+02
-1.875768133330253136e+02  0.000000000000000000e+00   3.518506093090068316e+04  8.733268108884341422e-10 1.659107812499999923e+01 3.364246562499999982e+02
-1.875767834121425039e+02  0.000000000000000000e+00   3.518504970559955109e+04  8.626883041418965257e-10 1.665345312499999864e+01 3.383005312500000059e+02
-1.875768289483877425e+02  0.000000000000000000e+00   3.518506678863053094e+04  8.610986959132573702e-10 1.665507812499999929e+01 3.387149062500000127e+02
-1.875768231845439971e+02  0.000000000000000000e+00   3.518506462649644527e+04  8.665826415635781464e-10 1.664598437500000117e+01 3.384356562500000223e+02
-1.875768268374656316e+02  0.000000000000000000e+00   3.518506599691970041e+04  8.670478877301399147e-10 1.658965625000000088e+01 3.360597500000000082e+02
-1.875767872232324009e+02  0.000000000000000000e+00   3.518505113529153459e+04  8.612103326494916468e-10 1.660160937499999889e+01 3.372832812500000159e+02
-1.875768294304040751e+02  0.000000000000000000e+00   3.518506696922139236e+04  8.542967128466970614e-10 1.671737500000000054e+01 3.403894374999999854e+02
-1.875768310790854798e+02  0.000000000000000000e+00   3.518506758748373250e+04  8.472902029438874502e-10 1.665249999999999986e+01 3.382543749999999818e+02
-1.875767990947430235e+02  0.000000000000000000e+00   3.518505558878757438e+04  8.571248579539386369e-10 1.662462500000000176e+01 3.378003750000000309e+02
-1.875768293607645774e+02  0.000000000000000000e+00   3.518506694313043408e+04  8.552787642696515765e-10 1.665667187500000068e+01 3.382130312500000286e+02
-1.875768170544845361e+02  0.000000000000000000e+00   3.518506232569112035e+04  8.355694102909361703e-10 1.666368750000000176e+01 3.387971875000000068e+02
-1.875768343279204373e+02  0.000000000000000000e+00   3.518506880618140713e+04  8.440311465124296084e-10 1.662831249999999983e+01 3.374560000000000173e+02
-1.875768534092638617e+02  0.000000000000000000e+00   3.518507596428124816e+04  8.344668902856798684e-10 1.672460937500000000e+01 3.407605312499999854e+02
-1.875767989618280467e+02  0.000000000000000000e+00   3.518505553832453006e+04  8.400860966909468212e-10 1.665200000000000102e+01 3.385901250000000005e+02
-1.875768017463219621e+02  0.000000000000000000e+00   3.518505658283297817e+04  8.371169647007581330e-10 1.660276562499999997e+01 3.372234062499999823e+02
-1.875768012051382527e+02  0.000000000000000000e+00   3.518505637990933610e+04  8.400548511362029899e-10 1.656192187499999946e+01 3.349947812500000168e+02
-1.875768080521668537e+02  0.000000000000000000e+00   3.518505894840279507e+04  8.345402911071214284e-10 1.662567187500000188e+01 3.374649062500000127e+02
-1.875767985044562636e+02  0.000000000000000000e+00   3.518505536643337109e+04  8.313752309140756534e-10 1.665412500000000051e+01 3.386744375000000105e+02
-1.875768224685609766e+02  0.000000000000000000e+00   3.518506435654466623e+04  8.282669484857620689e-10 1.663321875000000105e+01 3.375006250000000136e+02
-1.875768241747631748e+02  0.000000000000000000e+00   3.518506499645597069e+04  8.232456323928526680e-10 1.673834375000000207e+01 3.417118125000000077e+02
-1.875768072496239256e+02  0.000000000000000000e+00   3.518505864678305079e+04  8.191114061311017938e-10 1.667924999999999969e+01 3.391929375000000277e+02
-1.875768207226751656e+02  0.000000000000000000e+00   3.518506370146158588e+04  8.252070761682094828e-10 1.666853125000000091e+01 3.392975000000000136e+02
-1.875768148213322490e+02  0.000000000000000000e+00   3.518506148704208317e+04  8.107336121090286013e-10 1.669987499999999869e+01 3.401522499999999809e+02
-1.875768105705942048e+02  0.000000000000000000e+00   3.518505989264773234e+04  8.188460641318343118e-10 1.664751562500000048e+01 3.379822187500000155e+02
-1.875768203188972620e+02  0.000000000000000000e+00   3.518506354950470995e+04  8.116182168667380328e-10 1.669889062500000065e+01 3.396924062500000332e+02
-1.875768194868925036e+02  0.000000000000000000e+00   3.518506323733279714e+04  8.104161474536421429e-10 1.665907812500000063e+01 3.385113437499999804e+02
-1.875767924392856685e+02  0.000000000000000000e+00   3.518505308985325973e+04  7.969974966017046092e-10 1.670153124999999861e+01 3.397196875000000205e+02
-1.875768146536012466e+02  0.000000000000000000e+00   3.518506142383841507e+04  8.028106192831749105e-10 1.666395312499999903e+01 3.386315312500000232e+02
-1.875768431171367467e+02  0.000000000000000000e+00   3.518507210217861575e+04  8.068105415008043002e-10 1.664051562499999903e+01 3.378842812500000150e+02
-1.875768002154636633e+02  0.000000000000000000e+00   3.518505600679953932e+04  7.880495781671629499e-10 1.670443750000000094e+01 3.397191250000000196e+02
-1.875768103446685870e+02  0.000000000000000000e+00   3.518505980769031157e+04  8.131446283736623034e-10 1.663610937500000020e+01 3.381726562499999886e+02
-1.875768204255330716e+02  0.000000000000000000e+00   3.518506358913629811e+04  8.010108670280309001e-10 1.663162499999999966e+01 3.377635625000000346e+02
-1.875768368075754609e+02  0.000000000000000000e+00   3.518506973479808948e+04  7.975624863066949290e-10 1.674385937499999955e+01 3.420257187500000100e+02
-1.875768165938843026e+02  0.000000000000000000e+00   3.518506215136852552e+04  7.921776112293645650e-10 1.668329687499999991e+01 3.388037187500000300e+02
-1.875768477518494706e+02  0.000000000000000000e+00   3.518507384048424137e+04  7.947609951702989524e-10 1.667948437500000125e+01 3.396962187500000141e+02
-1.875768111947959653e+02  0.000000000000000000e+00   3.518506012580630340e+04  7.900559800493217194e-10 1.662143749999999898e+01 3.374671250000000100e+02
-1.875768155832304274e+02  0.000000000000000000e+00   3.518506177221904363e+04  7.922057433553570773e-10 1.660959375000000193e+01 3.369371249999999804e+02
-1.875768390648734112e+02  0.000000000000000000e+00   3.518507058134322870e+04  7.893634088483089296e-10 1.669010937499999869e+01 3.396399062500000241e+02
-1.875767856514491427e+02  0.000000000000000000e+00   3.518505054256603762e+04  7.740884017735077709e-10 1.667506249999999923e+01 3.387775624999999877e+02
-1.875768199748503946e+02  0.000000000000000000e+00   3.518506341907197202e+04  7.729001036705862778e-10 1.665479687499999883e+01 3.384207812500000045e+02
-1.875768088442978581e+02  0.000000000000000000e+00   3.518505924350557325e+04  7.757642523341076752e-10 1.666287499999999966e+01 3.388899375000000305e+02
-1.875768192425730376e+02  0.000000000000000000e+00   3.518506314447033219e+04  7.761649274612567367e-10 1.668498437499999909e+01 3.394614062499999818e+02
-1.875768193638932644e+02  0.000000000000000000e+00   3.518506319005753903e+04  7.782535164809022980e-10 1.662048437500000020e+01 3.374692187499999818e+02
-1.875768188239536585e+02  0.000000000000000000e+00   3.518506298760130448e+04  7.812112539593574076e-10 1.658275000000000077e+01 3.358544375000000173e+02
-1.875768326118638640e+02  0.000000000000000000e+00   3.518506815976725920e+04  7.693053504954051588e-10 1.662026562500000182e+01 3.374840937499999995e+02
-1.875768051998728652e+02  0.000000000000000000e+00   3.518505787597555172e+04  7.669305793000354813e-10 1.663553124999999966e+01 3.376555625000000305e+02
-1.875768286768401936e+02  0.000000000000000000e+00   3.518506668342567718e+04  7.663768076263542066e-10 1.665068750000000009e+01 3.384568750000000250e+02
-1.875768190721946951e+02  0.000000000000000000e+00   3.518506307990739151e+04  7.578366207967639189e-10 1.667601562500000156e+01 3.389509062500000027e+02
-1.875767912927047405e+02  0.000000000000000000e+00   3.518505265834979218e+04  7.583583725516085155e-10 1.665590625000000102e+01 3.384203125000000227e+02
-1.875768188044419844e+02  0.000000000000000000e+00   3.518506297934403119e+04  7.545693236958646710e-10 1.664293749999999861e+01 3.379218124999999873e+02
-1.875768335231763331e+02  0.000000000000000000e+00   3.518506850117847353e+04  7.559191373183295744e-10 1.662106250000000074e+01 3.376653125000000273e+02
-1.875767956583219984e+02  0.000000000000000000e+00   3.518505429565501981e+04  7.449508266577611974e-10 1.681578125000000057e+01 3.434664999999999964e+02
-1.875768323235886044e+02  0.000000000000000000e+00   3.518506805077435274e+04  7.452785060554286887e-10 1.663467187499999866e+01 3.377950312500000223e+02
-1.875768256234360649e+02  0.000000000000000000e+00   3.518506553726352286e+04  7.474360106105158150e-10 1.665710937500000099e+01 3.386255937500000073e+02
-1.875768122664387931e+02  0.000000000000000000e+00   3.518506052646944590e+04  7.511887552781301797e-10 1.666948437499999969e+01 3.387175937499999918e+02
-1.875768264861876844e+02  0.000000000000000000e+00   3.518506586088278709e+04  7.461524515277519352e-10 1.664346875000000026e+01 3.382602499999999850e+02
-1.875768241210576548e+02  0.000000000000000000e+00   3.518506497348132689e+04  7.429041960442635787e-10 1.661428125000000122e+01 3.371920625000000200e+02
-1.875768086126625462e+02  0.000000000000000000e+00   3.518505915542322327e+04  7.421271978765424133e-10 1.665582812499999932e+01 3.389827187500000036e+02
-1.875768169880876712e+02  0.000000000000000000e+00   3.518506229744086886e+04  7.406078374162567754e-10 1.669417187500000210e+01 3.394474687499999845e+02
-1.875767822090423067e+02  0.000000000000000000e+00   3.518504925019434449e+04  7.473588099066583187e-10 1.664957812500000145e+01 3.382644687499999918e+02
-1.875768043302548733e+02  0.000000000000000000e+00   3.518505754866128700e+04  7.364082164204130962e-10 1.664368749999999864e+01 3.383629999999999995e+02
-1.875767851736298155e+02  0.000000000000000000e+00   3.518505036171765096e+04  7.288203717586310285e-10 1.663428125000000080e+01 3.380463124999999991e+02
-1.875768251712258916e+02  0.000000000000000000e+00   3.518506536726312333e+04  7.374287735454060242e-10 1.665931249999999864e+01 3.384213124999999991e+02
-1.875768410579836996e+02  0.000000000000000000e+00   3.518507132708054269e+04  7.329375607475393963e-10 1.663790625000000034e+01 3.374859999999999900e+02
-1.875768120422655443e+02  0.000000000000000000e+00   3.518506044170405949e+04  7.322609602044120958e-10 1.666268750000000054e+01 3.385029999999999859e+02
-1.875768171242862081e+02  0.000000000000000000e+00   3.518506234784536355e+04  7.209721945742249095e-10 1.670662499999999895e+01 3.406805625000000077e+02
-1.875768011573296974e+02  0.000000000000000000e+00   3.518505635767266358e+04  7.178121352427375196e-10 1.670390624999999929e+01 3.401308750000000032e+02
-1.875768202703463885e+02  0.000000000000000000e+00   3.518506352801949834e+04  7.186478385443213428e-10 1.661579687500000091e+01 3.375634687500000268e+02
-1.875768178092125993e+02  0.000000000000000000e+00   3.518506260467942047e+04  7.176023216268978761e-10 1.664173437499999864e+01 3.379762187499999868e+02
-1.875768158852660292e+02  0.000000000000000000e+00   3.518506188301623479e+04  7.207958112912963317e-10 1.667893749999999997e+01 3.390487499999999841e+02
-1.875768296502470207e+02  0.000000000000000000e+00   3.518506704698768590e+04  7.204731114354650334e-10 1.660306250000000006e+01 3.367956874999999854e+02
-1.875768162850532974e+02  0.000000000000000000e+00   3.518506203286792152e+04  7.171021056220415826e-10 1.665392187500000176e+01 3.383584687499999859e+02
-1.875768073503586493e+02  0.000000000000000000e+00   3.518505868073650345e+04  7.100439794988301965e-10 1.669089062500000153e+01 3.398354687500000182e+02
-1.875768030221097149e+02  0.000000000000000000e+00   3.518505705672571639e+04  7.028656718584097443e-10 1.666084375000000151e+01 3.379530624999999873e+02
-1.875768166342153904e+02  0.000000000000000000e+00   3.518506216321216925e+04  6.987655227575369109e-10 1.665092187500000165e+01 3.384143437500000005e+02
-1.875768124482027588e+02  0.000000000000000000e+00   3.518506059276762244e+04  6.974377482490854241e-10 1.663176562499999989e+01 3.378832812499999818e+02
-1.875768188903364262e+02  0.000000000000000000e+00   3.518506300945256953e+04  6.944565999541060038e-10 1.668515624999999858e+01 3.397373749999999859e+02
-1.875768185652824798e+02  0.000000000000000000e+00   3.518506288775965368e+04  7.016258427715315734e-10 1.663717187499999994e+01 3.383294687499999895e+02
-1.875768223943445889e+02  0.000000000000000000e+00   3.518506432413557923e+04  6.984805217271919878e-10 1.669464062500000168e+01 3.397853437499999814e+02
-1.875768484566794143e+02  0.000000000000000000e+00   3.518507410166258342e+04  7.026419970549224652e-10 1.668262500000000159e+01 3.396167500000000246e+02
-1.875768186018475205e+02  0.000000000000000000e+00   3.518506290110520058e+04  6.910542682349345088e-10 1.673573437499999983e+01 3.411555312500000241e+02
-1.875767909231870476e+02  0.000000000000000000e+00   3.518505251720004890e+04  6.866274871493894277e-10 1.671573437500000026e+01 3.402617187500000000e+02
-1.875768377134741343e+02  0.000000000000000000e+00   3.518507007074652211e+04  6.866409995969232907e-10 1.667275000000000063e+01 3.388914374999999950e+02
-1.875768312346378366e+02  0.000000000000000000e+00   3.518506764028951875e+04  6.895458411235453015e-10 1.670878125000000125e+01 3.403951250000000073e+02
-1.875768082700727177e+02  0.000000000000000000e+00   3.518505902487255662e+04  6.845216062190415507e-10 1.673629687500000074e+01 3.404755312500000173e+02
-1.875767860475492341e+02  0.000000000000000000e+00   3.518505068795959232e+04  6.830041280525335413e-10 1.665442187500000060e+01 3.381348437500000159e+02
-1.875768176887203822e+02  0.000000000000000000e+00   3.518506255836758646e+04  6.860906683063071042e-10 1.662735937500000105e+01 3.377115312500000073e+02
-1.875768187321002358e+02  0.000000000000000000e+00   3.518506294951070595e+04  6.780011999126999843e-10 1.664789062499999872e+01 3.383242812500000127e+02
-1.875768112812118602e+02  0.000000000000000000e+00   3.518506015424209909e+04  6.768421896080845624e-10 1.662026562500000182e+01 3.370145937500000173e+02
-1.875768332114130033e+02  0.000000000000000000e+00   3.518506838137511659e+04  6.750836869535743579e-10 1.671976562500000085e+01 3.402042187499999955e+02
-1.875768531869222215e+02  0.000000000000000000e+00   3.518507587512571627e+04  6.712374370481463454e-10 1.665604687500000125e+01 3.388027187499999968e+02
-1.875768195501852915e+02  0.000000000000000000e+00   3.518506325602059951e+04  6.666984065446408988e-10 1.667551562499999918e+01 3.389044062500000223e+02
-1.875768173787994328e+02  0.000000000000000000e+00   3.518506244152966246e+04  6.698918968728889157e-10 1.672448437499999940e+01 3.406597812499999804e+02
-1.875768134747105762e+02  0.000000000000000000e+00   3.518506097660466912e+04  6.615962928126340989e-10 1.668795312499999994e+01 3.401211562500000127e+02
-1.875768217482057025e+02  0.000000000000000000e+00   3.518506408047063451e+04  6.625679457642931359e-10 1.667965625000000074e+01 3.391776250000000346e+02
-1.875768058641126572e+02  0.000000000000000000e+00   3.518505812169340788e+04  6.681927764745178920e-10 1.660523437500000199e+01 3.370920312499999909e+02
-1.875767977685913479e+02  0.000000000000000000e+00   3.518505508429672045e+04  6.587371025259050310e-10 1.663196874999999864e+01 3.375553750000000264e+02
-1.875768349183357770e+02  0.000000000000000000e+00   3.518506902127216745e+04  6.619733284346366743e-10 1.667807812499999898e+01 3.391170312500000250e+02
-1.875768017911816230e+02  0.000000000000000000e+00   3.518505659353108058e+04  6.628621437377916259e-10 1.663629687499999932e+01 3.379244687500000168e+02
-1.875768053681960055e+02  0.000000000000000000e+00   3.518505793513922254e+04  6.537188489838377117e-10 1.668673437500000034e+01 3.391092812499999809e+02
-1.875768215585122505e+02  0.000000000000000000e+00   3.518506400911939272e+04  6.572517618497556193e-10 1.666890624999999915e+01 3.385181249999999977e+02
-1.875768384260436790e+02  0.000000000000000000e+00   3.518507033684176713e+04  6.517443844170505195e-10 1.666567187500000102e+01 3.390660312499999804e+02
-1.875768225032004750e+02  0.000000000000000000e+00   3.518506436321309593e+04  6.484546557025957605e-10 1.669862499999999983e+01 3.396613750000000209e+02
-1.875768133683532994e+02  0.000000000000000000e+00   3.518506093636175501e+04  6.518593276083814572e-10 1.655628125000000139e+01 3.351746875000000045e+02
-1.875768135490536110e+02  0.000000000000000000e+00   3.518506100397781847e+04  6.469050250763080926e-10 1.664895312500000202e+01 3.381219062499999950e+02
-1.875768037752318094e+02  0.000000000000000000e+00   3.518505733716167015e+04  6.431665157274602142e-10 1.664475000000000193e+01 3.379811250000000200e+02
-1.875768243928080494e+02  0.000000000000000000e+00   3.518506507204077934e+04  6.465933161234704209e-10 1.661264062500000094e+01 3.371554687500000114e+02
-1.875768246083555937e+02  0.000000000000000000e+00   3.518506515279497398e+04  6.434883465729352072e-10 1.664446875000000148e+01 3.384513125000000286e+02
-1.875768155699994111e+02  0.000000000000000000e+00   3.518506176185605000e+04  6.387506176977982220e-10 1.664457812499999889e+01 3.378922812499999964e+02
-1.875768154823610985e+02  0.000000000000000000e+00   3.518506172909578891e+04  6.420919488886136779e-10 1.659018749999999898e+01 3.364150625000000332e+02
-1.875767882294065885e+02  0.000000000000000000e+00   3.518505150496267743e+04  6.395622524145331829e-10 1.660582812499999861e+01 3.365980312500000196e+02
-1.875768268794563767e+02  0.000000000000000000e+00   3.518506600475467712e+04  6.420089476410733315e-10 1.661129687500000074e+01 3.370217187499999909e+02
-1.875767914913572838e+02  0.000000000000000000e+00   3.518505272822766710e+04  6.262756918052398618e-10 1.665987499999999955e+01 3.386759999999999877e+02
-1.875768170315691918e+02  0.000000000000000000e+00   3.518506230992064957e+04  6.316845559731042254e-10 1.664873437500000009e+01 3.384665312500000027e+02
-1.875768132456301203e+02  0.000000000000000000e+00   3.518506088967493270e+04  6.334772535609305640e-10 1.665243750000000134e+01 3.388693125000000350e+02
-1.875768218645902436e+02  0.000000000000000000e+00   3.518506412294435722e+04  6.287933772492074805e-10 1.662037499999999923e+01 3.377849375000000123e+02
-1.875768215953762308e+02  0.000000000000000000e+00   3.518506402183828322e+04  6.256826207394366454e-10 1.666020312499999889e+01 3.387505312499999945e+02
-1.875768008576787054e+02  0.000000000000000000e+00   3.518505624207721849e+04  6.274243540009412373e-10 1.667801562500000045e+01 3.392999062499999923e+02
-1.875768230486762036e+02  0.000000000000000000e+00   3.518506456715927197e+04  6.288146687922250497e-10 1.661982812500000151e+01 3.376933437499999968e+02
-1.875768138367940594e+02  0.000000000000000000e+00   3.518506111083265569e+04  6.158681599288641598e-10 1.668635937500000210e+01 3.396749687500000050e+02
-1.875768172306056272e+02  0.000000000000000000e+00   3.518506238440701418e+04  6.264870672218009523e-10 1.665693750000000151e+01 3.386892500000000155e+02
-1.875768198316591793e+02  0.000000000000000000e+00   3.518506335987329658e+04  6.171531203990313337e-10 1.663235937500000006e+01 3.382639062499999909e+02
-1.875768037804447204e+02  0.000000000000000000e+00   3.518505733798514120e+04  6.109889893510949299e-10 1.664375000000000071e+01 3.384867500000000291e+02
-1.875768179418944044e+02  0.000000000000000000e+00   3.518506265093333786e+04  6.174988875443434411e-10 1.664671875000000156e+01 3.382722499999999854e+02
-1.875768150282901559e+02  0.000000000000000000e+00   3.518506155758329987e+04  6.089493354472129092e-10 1.659154687499999881e+01 3.364902187499999968e+02
-1.875768010775138066e+02  0.000000000000000000e+00   3.518505632393906126e+04  6.100851229224997091e-10 1.666056250000000105e+01 3.389700000000000273e+02
-1.875768178894127516e+02  0.000000000000000000e+00   3.518506263097396004e+04  6.098054320025842012e-10 1.669790624999999906e+01 3.399264375000000200e+02
