-9.317169354776163459e+01  0.000000000000000000e+00   8.800716236588299580e+03  1.379475268284750464e-02 5.214464062500000097e+01 2.758885531249999985e+03
-1.022869796270551603e+02  0.000000000000000000e+00   1.056467816749177109e+04  9.753953195252183447e-03 4.920204687500000063e+01 2.467143406250000226e+03
-1.096462616363386644e+02  0.000000000000000000e+00   1.210027213921294970e+04  6.485400542112869024e-03 4.569243750000000404e+01 2.140507937500000025e+03
-1.152221891361020738e+02  0.000000000000000000e+00   1.333093295098866656e+04  4.126201484136143849e-03 4.202320312500000199e+01 1.823485593750000135e+03
-1.191431293492438925e+02  0.000000000000000000e+00   1.423180493973941884e+04  2.586787462519588715e-03 3.865503125000000040e+01 1.554217125000000124e+03
-1.216772871053670571e+02  0.000000000000000000e+00   1.482939188316943000e+04  1.623039377709482780e-03 3.585859375000000426e+01 1.347604749999999967e+03
-1.234266023220921511e+02  0.000000000000000000e+00   1.524969763167619567e+04  1.022144016399450161e-03 3.340068750000000364e+01 1.177626625000000104e+03
-1.245990629625892154e+02  0.000000000000000000e+00   1.553503827581303813e+04  6.513257672123602812e-04 3.127812499999999929e+01 1.039906375000000025e+03
-1.252951793932459310e+02  0.000000000000000000e+00   1.570557634695166598e+04  4.264232175807996161e-04 2.973904687499999966e+01 9.467819062500000200e+02
-1.257717771670652809e+02  0.000000000000000000e+00   1.582290542988880406e+04  2.759735187768842931e-04 2.844906250000000014e+01 8.712188750000000255e+02
-1.260729111660029531e+02  0.000000000000000000e+00   1.589722464531156220e+04  1.790391089356513843e-04 2.741190625000000125e+01 8.128478750000000446e+02
-1.262642058233553826e+02  0.000000000000000000e+00   1.594452408044917865e+04  1.175719397381915632e-04 2.660060937500000122e+01 7.682984062499999709e+02
-1.263997052873707219e+02  0.000000000000000000e+00   1.597811989659861501e+04  7.726160800822695412e-05 2.586824999999999974e+01 7.298745625000000246e+02
-1.264823988628303937e+02  0.000000000000000000e+00   1.599861804434603982e+04  5.130845444059081397e-05 2.537721875000000082e+01 7.050235000000000127e+02
-1.265458516456543379e+02  0.000000000000000000e+00   1.601439963293213441e+04  3.416193610066381540e-05 2.485317187500000102e+01 6.782744062499999700e+02
-1.265820985875798073e+02  0.000000000000000000e+00   1.602339101257650145e+04  2.267547356958304596e-05 2.450592187500000207e+01 6.608821562499999800e+02
-1.266054902163533598e+02  0.000000000000000000e+00   1.602919606319755621e+04  1.534163323639235971e-05 2.420028124999999974e+01 6.458551875000000564e+02
-1.266189832667381694e+02  0.000000000000000000e+00   1.603253437411985396e+04  1.044453499174943368e-05 2.399507812499999915e+01 6.362557187500000282e+02
-1.266323383515883023e+02  0.000000000000000000e+00   1.603586214495378590e+04  7.048536480816483566e-06 2.372200000000000131e+01 6.228408749999999827e+02
-1.266388875235107747e+02  0.000000000000000000e+00   1.603748593777241331e+04  4.870149890298225579e-06 2.360323437499999955e+01 6.164111562499999764e+02
-1.266432906857203449e+02  0.000000000000000000e+00   1.603857806602343771e+04  3.428639614597947244e-06 2.346428124999999909e+01 6.101302500000000464e+02
-1.266454894954172374e+02  0.000000000000000000e+00   1.603911931095890395e+04  2.450354075322634671e-06 2.339523437500000114e+01 6.072099687500000300e+02
-1.266474696220461880e+02  0.000000000000000000e+00   1.603960996716863337e+04  1.770962753146920358e-06 2.329839062499999969e+01 6.024796562500000618e+02
-1.266493441357788896e+02  0.000000000000000000e+00   1.604007722011135229e+04  1.299876254850581678e-06 2.322892187500000105e+01 5.984734062500000391e+02
-1.266503953350637772e+02  0.000000000000000000e+00   1.604033882322249883e+04  1.009000561809821327e-06 2.318371875000000060e+01 5.974147500000000264e+02
-1.266509959081820398e+02  0.000000000000000000e+00   1.604048712842831628e+04  7.707935179340715993e-07 2.302709374999999881e+01 5.898061874999999645e+02
-1.266508360921253455e+02  0.000000000000000000e+00   1.604044420083822479e+04  6.183126747192632098e-07 2.308934375000000117e+01 5.927440000000000282e+02
-1.266517152629126315e+02  0.000000000000000000e+00   1.604066505184901143e+04  5.032718501335734630e-07 2.301459374999999952e+01 5.894771250000000009e+02
-1.266517855442397433e+02  0.000000000000000000e+00   1.604068146709563189e+04  4.167874249129436924e-07 2.300089062500000026e+01 5.886942812500000173e+02
-1.266518653674913679e+02  0.000000000000000000e+00   1.604070064373549940e+04  3.517721856276882245e-07 2.303275000000000006e+01 5.901737500000000409e+02
-1.266513953621476389e+02  0.000000000000000000e+00   1.604058074488164857e+04  2.990979022695976544e-07 2.306062500000000171e+01 5.915277499999999691e+02
-1.266520810808672763e+02  0.000000000000000000e+00   1.604075376173655786e+04  2.568222851772228738e-07 2.295529687500000193e+01 5.860126562499999636e+02
-1.266516048496035864e+02  0.000000000000000000e+00   1.604063264020545830e+04  2.262520581678248401e-07 2.303537500000000193e+01 5.899916875000000118e+02
-1.266518854247324271e+02  0.000000000000000000e+00   1.604070320751314648e+04  1.948713946591535998e-07 2.299703124999999915e+01 5.881934999999999718e+02
-1.266521284400865994e+02  0.000000000000000000e+00   1.604076449977285847e+04  1.783810975343094639e-07 2.292715624999999946e+01 5.854472500000000537e+02
-1.266521396874234284e+02  0.000000000000000000e+00   1.604076700706070369e+04  1.570784290464245985e-07 2.294945312500000156e+01 5.862989062499999591e+02
-1.266521233347274489e+02  0.000000000000000000e+00   1.604076257632173838e+04  1.390910828248092289e-07 2.298489062500000202e+01 5.878035312499999918e+02
-1.266522377714880747e+02  0.000000000000000000e+00   1.604079138700789917e+04  1.280786317060319814e-07 2.297634375000000162e+01 5.879925624999999627e+02
-1.266519574263389103e+02  0.000000000000000000e+00   1.604072011659523014e+04  1.120069581852285676e-07 2.292265624999999929e+01 5.849170625000000427e+02
-1.266522283649348566e+02  0.000000000000000000e+00   1.604078855919183297e+04  1.003310017851913271e-07 2.289089062500000082e+01 5.832639687500000036e+02
-1.266521089560303039e+02  0.000000000000000000e+00   1.604075818803344919e+04  9.257813118088396095e-08 2.289704687500000091e+01 5.845472812499999691e+02
-1.266521451651057220e+02  0.000000000000000000e+00   1.604076718163824080e+04  8.146214705424763849e-08 2.286892187500000162e+01 5.828140312499999709e+02
-1.266522545781413385e+02  0.000000000000000000e+00   1.604079482233379531e+04  7.684205056021204381e-08 2.293707812499999932e+01 5.853457187500000600e+02
-1.266521615574348516e+02  0.000000000000000000e+00   1.604077112189916988e+04  6.824663591570663484e-08 2.293834375000000136e+01 5.851576250000000528e+02
-1.266522813494522524e+02  0.000000000000000000e+00   1.604080137787902640e+04  6.276857717189923397e-08 2.289665624999999949e+01 5.842770625000000564e+02
-1.266522049247442965e+02  0.000000000000000000e+00   1.604078192966256029e+04  5.718943088084419454e-08 2.289259374999999963e+01 5.842699374999999691e+02
-1.266521621799741411e+02  0.000000000000000000e+00   1.604077102635981282e+04  5.245990873481296505e-08 2.284471875000000196e+01 5.817103124999999864e+02
-1.266521506352757314e+02  0.000000000000000000e+00   1.604076803378354089e+04  4.820486160337303351e-08 2.285996875000000017e+01 5.824291875000000118e+02
-1.266522268843585977e+02  0.000000000000000000e+00   1.604078728002863681e+04  4.396677095346629523e-08 2.287984374999999915e+01 5.827628750000000082e+02
-1.266521318167325632e+02  0.000000000000000000e+00   1.604076314098178591e+04  4.035087390587895755e-08 2.297395312500000131e+01 5.875305312499999673e+02
-1.266522149663118029e+02  0.000000000000000000e+00   1.604078416171308163e+04  3.776874270158737411e-08 2.286881250000000065e+01 5.832525000000000546e+02
-1.266522363795017441e+02  0.000000000000000000e+00   1.604078952513934564e+04  3.398898657946073466e-08 2.293271874999999937e+01 5.853081875000000309e+02
-1.266522902199848915e+02  0.000000000000000000e+00   1.604080313022240989e+04  3.193450741593749357e-08 2.282412500000000222e+01 5.813062499999999773e+02
-1.266520947081969410e+02  0.000000000000000000e+00   1.604075355840615339e+04  2.895325814690060056e-08 2.290057812499999912e+01 5.836641562500000191e+02
-1.266521945331994061e+02  0.000000000000000000e+00   1.604077881617659659e+04  2.718703546172932454e-08 2.287151562500000068e+01 5.832524687500000482e+02
-1.266522054284505572e+02  0.000000000000000000e+00   1.604078154228375752e+04  2.508564343585744170e-08 2.288164062499999929e+01 5.837420937499999809e+02
-1.266521776268630362e+02  0.000000000000000000e+00   1.604077447245985968e+04  2.336753777984220349e-08 2.297309375000000031e+01 5.870787500000000136e+02
-1.266522349270112642e+02  0.000000000000000000e+00   1.604078897008672720e+04  2.232308419787846816e-08 2.293037500000000151e+01 5.860353125000000318e+02
-1.266522842297832767e+02  0.000000000000000000e+00   1.604080142078061181e+04  1.995902825648556269e-08 2.292714062499999983e+01 5.853003437500000246e+02
-1.266521994162487630e+02  0.000000000000000000e+00   1.604077991502429904e+04  1.858083355988756296e-08 2.289367187499999901e+01 5.836901562499999727e+02
-1.266522510740705911e+02  0.000000000000000000e+00   1.604079298688158633e+04  1.775175187116314487e-08 2.294868750000000190e+01 5.863112499999999727e+02
-1.266522154619525793e+02  0.000000000000000000e+00   1.604078394267196563e+04  1.628667965643943578e-08 2.295175000000000054e+01 5.862342499999999745e+02
-1.266521478360821078e+02  0.000000000000000000e+00   1.604076680052629672e+04  1.552503730612366641e-08 2.293515625000000213e+01 5.853748124999999618e+02
-1.266522055370066226e+02  0.000000000000000000e+00   1.604078140285502741e+04  1.467926364848317819e-08 2.297076562500000207e+01 5.874274687500000027e+02
-1.266523264046056738e+02  0.000000000000000000e+00   1.604081201024174152e+04  1.412291158853417168e-08 2.289942187500000159e+01 5.844140937500000064e+02
-1.266522560820332330e+02  0.000000000000000000e+00   1.604079417653635755e+04  1.283399269671269190e-08 2.291520312500000145e+01 5.848838437499999827e+02
-1.266521602901592729e+02  0.000000000000000000e+00   1.604076989950733878e+04  1.205323340665668676e-08 2.292868749999999878e+01 5.848698124999999663e+02
-1.266522791065953584e+02  0.000000000000000000e+00   1.604079998864824483e+04  1.158005309582863456e-08 2.290646875000000193e+01 5.843293125000000146e+02
-1.266522212684274393e+02  0.000000000000000000e+00   1.604078532661352983e+04  1.087146442709643278e-08 2.291209375000000037e+01 5.849605000000000246e+02
-1.266522895446513957e+02  0.000000000000000000e+00   1.604080261465354306e+04  1.045778916841853774e-08 2.289385937500000168e+01 5.840594062500000518e+02
-1.266522455397170148e+02  0.000000000000000000e+00   1.604079145516852623e+04  9.657613141794438923e-09 2.290603125000000162e+01 5.843179999999999836e+02
-1.266522402813764074e+02  0.000000000000000000e+00   1.604079011501265813e+04  9.146753589099241821e-09 2.294821874999999878e+01 5.864097500000000309e+02
-1.266522318908584737e+02  0.000000000000000000e+00   1.604078798352373815e+04  8.764404317529432637e-09 2.286223437499999989e+01 5.823998437500000591e+02
-1.266522691668706670e+02  0.000000000000000000e+00   1.604079742162472940e+04  8.510005382506271392e-09 2.288948437500000210e+01 5.838580312500000673e+02
-1.266522236366225940e+02  0.000000000000000000e+00   1.604078587349221016e+04  7.567655924557868910e-09 2.294468750000000057e+01 5.860358750000000327e+02
-1.266522457768245715e+02  0.000000000000000000e+00   1.604079148219773560e+04  7.598412981273902051e-09 2.289057812500000111e+01 5.837805312499999673e+02
-1.266522937413863588e+02  0.000000000000000000e+00   1.604080362686102126e+04  7.288076756592758648e-09 2.286206250000000040e+01 5.828282500000000255e+02
-1.266522315947777457e+02  0.000000000000000000e+00   1.604078787604412901e+04  6.739501379125166016e-09 2.292667187500000026e+01 5.850887812500000109e+02
-1.266522324282210974e+02  0.000000000000000000e+00   1.604078808371989544e+04  6.525100601767651388e-09 2.294034375000000026e+01 5.859933125000000018e+02
-1.266522643036215783e+02  0.000000000000000000e+00   1.604079615217528044e+04  6.168076900945434258e-09 2.303474999999999895e+01 5.900661250000000564e+02
-1.266522505068893594e+02  0.000000000000000000e+00   1.604079265273829697e+04  5.877417873207110736e-09 2.298982812499999895e+01 5.882171562500000164e+02
-1.266521749215131791e+02  0.000000000000000000e+00   1.604077350072217996e+04  5.509248566884546040e-09 2.296414062499999886e+01 5.865885312499999600e+02
-1.266523118599164235e+02  0.000000000000000000e+00   1.604080818706449827e+04  5.461256761255952847e-09 2.295742187500000142e+01 5.873048437500000318e+02
-1.266522549570026825e+02  0.000000000000000000e+00   1.604079376836297160e+04  5.153695191808714756e-09 2.291242187499999972e+01 5.846009687499999927e+02
-1.266522824846986310e+02  0.000000000000000000e+00   1.604080073681539761e+04  4.877032009153135509e-09 2.297870312499999912e+01 5.875017812500000218e+02
-1.266522676133502472e+02  0.000000000000000000e+00   1.604079696624419921e+04  4.653167279275714299e-09 2.296815624999999983e+01 5.872843125000000555e+02
-1.266522153216612310e+02  0.000000000000000000e+00   1.604078371706170037e+04  4.437268307949145093e-09 2.290879687500000017e+01 5.844349062500000400e+02
-1.266522003397474805e+02  0.000000000000000000e+00   1.604077991632628073e+04  4.078776110082290505e-09 2.298193750000000080e+01 5.875358125000000200e+02
-1.266522595190072167e+02  0.000000000000000000e+00   1.604079490585705389e+04  4.026427688615050642e-09 2.293495312499999983e+01 5.855394062499999563e+02
-1.266521954630729425e+02  0.000000000000000000e+00   1.604077867656594572e+04  3.799660378928632078e-09 2.290260937500000082e+01 5.838079687499999864e+02
-1.266522598917191402e+02  0.000000000000000000e+00   1.604079499590982414e+04  3.754817357832440922e-09 2.290110937500000077e+01 5.843593437499999936e+02
-1.266522795430555135e+02  0.000000000000000000e+00   1.604079997320967959e+04  3.725338013623417841e-09 2.283621875000000045e+01 5.813435000000000628e+02
-1.266522499542901699e+02  0.000000000000000000e+00   1.604079247460519946e+04  3.498655429538857256e-09 2.291259374999999920e+01 5.847909375000000409e+02
-1.266522676892633683e+02  0.000000000000000000e+00   1.604079696478335063e+04  3.363331990184063175e-09 2.289032812499999991e+01 5.839441562499999918e+02
-1.266522288635199089e+02  0.000000000000000000e+00   1.604078712617225028e+04  3.121718681723238656e-09 2.293087500000000034e+01 5.853078125000000682e+02
-1.266522401025705165e+02  0.000000000000000000e+00   1.604078997165701730e+04  3.033382191595549261e-09 2.292726562500000043e+01 5.856368437500000255e+02
-1.266522252689219954e+02  0.000000000000000000e+00   1.604078621292665594e+04  2.952280022213431663e-09 2.292921875000000043e+01 5.851663750000000164e+02
-1.266522524288084810e+02  0.000000000000000000e+00   1.604079309022168854e+04  2.801050078691053584e-09 2.292239062500000202e+01 5.847381562499999745e+02
-1.266522338907516172e+02  0.000000000000000000e+00   1.604078839347288522e+04  2.740216517897582005e-09 2.294065624999999997e+01 5.855104374999999663e+02
-1.266522407494950642e+02  0.000000000000000000e+00   1.604079012919376510e+04  2.638629872965907016e-09 2.292503124999999997e+01 5.849492500000000064e+02
-1.266522486581436624e+02  0.000000000000000000e+00   1.604079213049241844e+04  2.514100579330254535e-09 2.289960937500000071e+01 5.844644687500000373e+02
-1.266522380411569060e+02  0.000000000000000000e+00   1.604078943975659058e+04  2.426484003595622718e-09 2.291201562500000222e+01 5.845617187500000682e+02
-1.266522501984730553e+02  0.000000000000000000e+00   1.604079251769951770e+04  2.329242719064020561e-09 2.292053124999999980e+01 5.857333125000000109e+02
-1.266522458352295786e+02  0.000000000000000000e+00   1.604079141074867402e+04  2.221913171103102929e-09 2.291356250000000117e+01 5.847416249999999991e+02
-1.266522509508479146e+02  0.000000000000000000e+00   1.604079270589082989e+04  2.180333220820369949e-09 2.296826562500000080e+01 5.866890312499999709e+02
-1.266522494758280573e+02  0.000000000000000000e+00   1.604079233098884652e+04  2.100984685533361925e-09 2.294040624999999878e+01 5.863213749999999891e+02
-1.266522333963202982e+02  0.000000000000000000e+00   1.604078825799550395e+04  2.102110691744043181e-09 2.293535937500000088e+01 5.855733437500000491e+02
-1.266522404543048026e+02  0.000000000000000000e+00   1.604079004315425846e+04  1.936264782300949166e-09 2.287635937499999983e+01 5.835035312500000373e+02
-1.266522457608030976e+02  0.000000000000000000e+00   1.604079138669201529e+04  1.897484295727361989e-09 2.294404687500000151e+01 5.863022187500000655e+02
-1.266522870635432128e+02  0.000000000000000000e+00   1.604080184857212407e+04  1.879330587400136494e-09 2.290417187499999940e+01 5.846262187500000209e+02
-1.266522419630294962e+02  0.000000000000000000e+00   1.604079042264698910e+04  1.769564839780815429e-09 2.290887500000000188e+01 5.841361875000000055e+02
-1.266522490948849651e+02  0.000000000000000000e+00   1.604079222855807893e+04  1.730917560541975916e-09 2.291804687500000171e+01 5.850311562499999809e+02
-1.266522096939159781e+02  0.000000000000000000e+00   1.604078224686992871e+04  1.653177755583926544e-09 2.293807812500000054e+01 5.858255937500000528e+02
-1.266522469322935933e+02  0.000000000000000000e+00   1.604079167897172738e+04  1.619187854241127474e-09 2.292548437499999991e+01 5.850231562500000564e+02
-1.266522448639538965e+02  0.000000000000000000e+00   1.604079115460733556e+04  1.591467603676612626e-09 2.294443749999999937e+01 5.862269374999999627e+02
-1.266522385435517322e+02  0.000000000000000000e+00   1.604078955315040912e+04  1.562122466575577751e-09 2.289176562500000145e+01 5.835380937500000300e+02
-1.266522508262301585e+02  0.000000000000000000e+00   1.604079266369067591e+04  1.517403657064669278e-09 2.287596875000000196e+01 5.831201875000000427e+02
-1.266522624822022607e+02  0.000000000000000000e+00   1.604079561526126599e+04  1.458818381335020451e-09 2.294543750000000060e+01 5.869100624999999809e+02
-1.266522412732055471e+02  0.000000000000000000e+00   1.604079024245120854e+04  1.429165133381757077e-09 2.293434375000000003e+01 5.852744374999999764e+02
-1.266522609412677411e+02  0.000000000000000000e+00   1.604079522379227637e+04  1.387543535110961603e-09 2.286515625000000185e+01 5.822000000000000455e+02
-1.266522519179877548e+02  0.000000000000000000e+00   1.604079293810789568e+04  1.384623741434596950e-09 2.290657812499999935e+01 5.844875312499999609e+02
-1.266522541428251998e+02  0.000000000000000000e+00   1.604079350045304454e+04  1.308804389795897922e-09 2.286432812500000011e+01 5.823917187499999955e+02
-1.266522500196011123e+02  0.000000000000000000e+00   1.604079245596260262e+04  1.305113378995212973e-09 2.292857812500000136e+01 5.853544062500000109e+02
-1.266522268014936401e+02  0.000000000000000000e+00   1.604078657382244819e+04  1.249655998332525864e-09 2.291662499999999980e+01 5.848445000000000391e+02
-1.266522275901791943e+02  0.000000000000000000e+00   1.604078677377167696e+04  1.260357670262025114e-09 2.287392187500000063e+01 5.826015937500000064e+02
-1.266522523089380314e+02  0.000000000000000000e+00   1.604079303416052608e+04  1.199044617017148177e-09 2.291417187500000097e+01 5.844894687500000146e+02
-1.266522530507358226e+02  0.000000000000000000e+00   1.604079322178656912e+04  1.181920866607799658e-09 2.287026562500000182e+01 5.827425312499999563e+02
-1.266522531905884250e+02  0.000000000000000000e+00   1.604079325659027745e+04  1.143170481224321565e-09 2.293176562500000060e+01 5.855568437499999845e+02
-1.266522274266094144e+02  0.000000000000000000e+00   1.604078672991446001e+04  1.109226571966063484e-09 2.283271875000000151e+01 5.808120000000000118e+02
-1.266522560956845922e+02  0.000000000000000000e+00   1.604079399139835004e+04  1.076721975204594221e-09 2.293890624999999872e+01 5.860868125000000646e+02
-1.266522471554010707e+02  0.000000000000000000e+00   1.604079172700208983e+04  1.090301052061976984e-09 2.298967187499999909e+01 5.883302812499999845e+02
-1.266522344913093576e+02  0.000000000000000000e+00   1.604078851805660270e+04  1.023328215842166469e-09 2.295895312500000074e+01 5.869030312500000264e+02
-1.266522269826291591e+02  0.000000000000000000e+00   1.604078661555669169e+04  9.910532911375786686e-10 2.285800000000000054e+01 5.821726875000000518e+02
-1.266522519398164803e+02  0.000000000000000000e+00   1.604079293712279650e+04  9.785082773741517014e-10 2.296520312500000216e+01 5.876328437500000064e+02
-1.266522437407338657e+02  0.000000000000000000e+00   1.604079085978996591e+04  9.493113213769577172e-10 2.292971874999999926e+01 5.857703125000000455e+02
-1.266522593833451111e+02  0.000000000000000000e+00   1.604079482208467743e+04  9.462466271563102140e-10 2.288065625000000125e+01 5.832129999999999654e+02
-1.266522366704368494e+02  0.000000000000000000e+00   1.604078906821115925e+04  9.093574307548571910e-10 2.290915624999999878e+01 5.840479374999999891e+02
-1.266522497219741155e+02  0.000000000000000000e+00   1.604079237426172040e+04  9.117023083441050965e-10 2.289981249999999946e+01 5.836808125000000018e+02
-1.266522440731129819e+02  0.000000000000000000e+00   1.604079094264998639e+04  8.662043823290582649e-10 2.292904687500000094e+01 5.855223437500000045e+02
-1.266522353610635321e+02  0.000000000000000000e+00   1.604078873583755376e+04  8.655012086300913732e-10 2.286856249999999946e+01 5.828369374999999764e+02
-1.266522323066089797e+02  0.000000000000000000e+00   1.604078796167176370e+04  8.368988202635287739e-10 2.289287500000000009e+01 5.840865000000000009e+02
-1.266522519570231395e+02  0.000000000000000000e+00   1.604079293902882819e+04  8.256173014286861462e-10 2.292987499999999912e+01 5.852381249999999682e+02
-1.266522398095068240e+02  0.000000000000000000e+00   1.604078986171673387e+04  8.074358322912007439e-10 2.289079687499999949e+01 5.837112187500000573e+02
-1.266522487585922789e+02  0.000000000000000000e+00   1.604079212859739164e+04  8.097512998206119476e-10 2.295771875000000151e+01 5.868379999999999654e+02
-1.266522362641298116e+02  0.000000000000000000e+00   1.604078896327746588e+04  7.837836012286881533e-10 2.291048437499999935e+01 5.850656562499999609e+02
-1.266522484136799278e+02  0.000000000000000000e+00   1.604079204080083400e+04  7.830251602338810600e-10 2.284584375000000023e+01 5.813413124999999582e+02
-1.266522431639583743e+02  0.000000000000000000e+00   1.604079071071026374e+04  7.635423595385575016e-10 2.297764062499999937e+01 5.878346562499999663e+02
-1.266522442931890993e+02  0.000000000000000000e+00   1.604079099644236703e+04  7.443969523290229609e-10 2.293979687499999898e+01 5.860197187500000382e+02
-1.266522585164505870e+02  0.000000000000000000e+00   1.604079459940171910e+04  7.533223190400276742e-10 2.295834375000000094e+01 5.868212499999999636e+02
-1.266522435833027913e+02  0.000000000000000000e+00   1.604079081619629142e+04  7.176721754108450331e-10 2.297828125000000199e+01 5.878286875000000009e+02
-1.266522373312326835e+02  0.000000000000000000e+00   1.604078923239100732e+04  7.096981164955486672e-10 2.296210937500000071e+01 5.868697812499999600e+02
-1.266522248984065158e+02  0.000000000000000000e+00   1.604078608284166876e+04  6.935523408433005327e-10 2.297048437500000162e+01 5.868869687500000509e+02
-1.266522569622133148e+02  0.000000000000000000e+00   1.604079420480850604e+04  6.973467308029673691e-10 2.288790625000000034e+01 5.841798125000000255e+02
-1.266522405608849624e+02  0.000000000000000000e+00   1.604079005000879806e+04  6.805478294144006319e-10 2.292128124999999983e+01 5.851113125000000537e+02
-1.266522270739604608e+02  0.000000000000000000e+00   1.604078663353941374e+04  6.698780381492834915e-10 2.297492187499999972e+01 5.877169687499999782e+02
-1.266522312676824242e+02  0.000000000000000000e+00   1.604078769581527376e+04  6.690918071121237918e-10 2.292364062500000088e+01 5.860341562500000236e+02
-1.266522414024296666e+02  0.000000000000000000e+00   1.604079026288166278e+04  6.622082302611980007e-10 2.293321875000000176e+01 5.858701250000000300e+02
-1.266522471389652793e+02  0.000000000000000000e+00   1.604079171574851534e+04  6.482832689414253791e-10 2.290048437500000134e+01 5.837721562499999663e+02
-1.266522317341965049e+02  0.000000000000000000e+00   1.604078781354595412e+04  6.416980785340970864e-10 2.293484374999999886e+01 5.854220000000000255e+02
-1.266522485772807443e+02  0.000000000000000000e+00   1.604079207979258717e+04  6.303475888988410559e-10 2.300203125000000171e+01 5.883469999999999800e+02
-1.266522430481648911e+02  0.000000000000000000e+00   1.604079067935188687e+04  6.371540030628868023e-10 2.291100000000000136e+01 5.850016875000000027e+02
-1.266522272556466220e+02  0.000000000000000000e+00   1.604078667877747466e+04  6.210117629033115039e-10 2.293178125000000023e+01 5.858228750000000673e+02
-1.266522456907871117e+02  0.000000000000000000e+00   1.604079134832634372e+04  6.113689191297309044e-10 2.292043750000000202e+01 5.851750624999999673e+02
-1.266522417036778165e+02  0.000000000000000000e+00   1.604079033824140970e+04  6.031238077998603500e-10 2.291962499999999991e+01 5.848230624999999918e+02
-1.266522364671458689e+02  0.000000000000000000e+00   1.604078901175388455e+04  5.999736681391451898e-10 2.291703125000000085e+01 5.844755625000000236e+02
-1.266522362567184530e+02  0.000000000000000000e+00   1.604078895840475343e+04  5.970482349324333200e-10 2.293570312499999986e+01 5.859997812499999554e+02
-1.266522460059748028e+02  0.000000000000000000e+00   1.604079142783844145e+04  5.910233213905420972e-10 2.294917187500000111e+01 5.863802812500000528e+02
-1.266522439213379130e+02  0.000000000000000000e+00   1.604079089969964662e+04  5.853558352963170737e-10 2.293364062499999889e+01 5.860309062500000437e+02
-1.266522356157835816e+02  0.000000000000000000e+00   1.604078879556992979e+04  5.669278700363372677e-10 2.297342187499999966e+01 5.877037187500000073e+02
-1.266522497085022536e+02  0.000000000000000000e+00   1.604079236542323633e+04  5.734397217814523879e-10 2.292239062500000202e+01 5.850630312499999945e+02
-1.266522376498054996e+02  0.000000000000000000e+00   1.604078931088821810e+04  5.726282432854689907e-10 2.284199999999999875e+01 5.815774999999999864e+02
-1.266522253179328175e+02  0.000000000000000000e+00   1.604078618699665822e+04  5.618325467694168549e-10 2.288895312500000045e+01 5.838390312500000618e+02
-1.266522215870893291e+02  0.000000000000000000e+00   1.604078524200625907e+04  5.648777638013300808e-10 2.285515625000000028e+01 5.818714374999999563e+02
-1.266522397813853473e+02  0.000000000000000000e+00   1.604078985057281716e+04  5.567861053779303605e-10 2.298767187500000020e+01 5.879724062500000628e+02
-1.266522417379474632e+02  0.000000000000000000e+00   1.604079034617197794e+04  5.563626610066404346e-10 2.290784375000000139e+01 5.847728749999999991e+02
-1.266522341106182523e+02  0.000000000000000000e+00   1.604078841417295553e+04  5.587071132175885253e-10 2.291109374999999915e+01 5.854886874999999691e+02
-1.266522397827987447e+02  0.000000000000000000e+00   1.604078985085669228e+04  5.521637864648964269e-10 2.292751562500000162e+01 5.845860937500000318e+02
-1.266522415982827425e+02  0.000000000000000000e+00   1.604079031053825020e+04  5.404015898239683818e-10 2.300723437499999946e+01 5.889597187499999791e+02
-1.266522534748405064e+02  0.000000000000000000e+00   1.604079331895202631e+04  5.421662972049305088e-10 2.289543749999999989e+01 5.841558125000000246e+02
-1.266522334471616489e+02  0.000000000000000000e+00   1.604078824584366339e+04  5.417023316532168612e-10 2.291401562500000111e+01 5.849981562499999654e+02
-1.266522414223954200e+02  0.000000000000000000e+00   1.604079026592473747e+04  5.366321369655502266e-10 2.285621875000000003e+01 5.822359374999999773e+02
-1.266522474621510383e+02  0.000000000000000000e+00   1.604079179569788175e+04  5.288976800948393678e-10 2.292712500000000020e+01 5.858256874999999582e+02
-1.266522411885972588e+02  0.000000000000000000e+00   1.604079020662483163e+04  5.317830246628923957e-10 2.282109374999999929e+01 5.805634999999999764e+02
-1.266522552025617898e+02  0.000000000000000000e+00   1.604079375623905980e+04  5.201874233412623131e-10 2.292806249999999935e+01 5.853178749999999582e+02
-1.266522462982579071e+02  0.000000000000000000e+00   1.604079150085575566e+04  5.274784037794344675e-10 2.287020312499999974e+01 5.827259062499999800e+02
-1.266522486572424810e+02  0.000000000000000000e+00   1.604079209813354100e+04  5.110446717627443691e-10 2.292998437500000009e+01 5.849212812499999927e+02
-1.266522382319838016e+02  0.000000000000000000e+00   1.604078945751744686e+04  5.203152486092689432e-10 2.289334374999999966e+01 5.835638125000000400e+02
-1.266522393419811152e+02  0.000000000000000000e+00   1.604078973861458326e+04  5.159418286092861167e-10 2.286921875000000171e+01 5.832246250000000600e+02
-1.266522447321606251e+02  0.000000000000000000e+00   1.604079110374153606e+04  5.016228256973420440e-10 2.289168749999999974e+01 5.841910000000000309e+02
-1.266522408351602849e+02  0.000000000000000000e+00   1.604079011667742452e+04  5.055849737271773413e-10 2.288328124999999957e+01 5.833698124999999663e+02
-1.266522432502015505e+02  0.000000000000000000e+00   1.604079072852155150e+04  5.120275336039339024e-10 2.290443750000000023e+01 5.842050000000000409e+02
-1.266522497990561078e+02  0.000000000000000000e+00   1.604079238719635214e+04  5.008384134798250175e-10 2.291578125000000199e+01 5.851705624999999600e+02
-1.266522675568417640e+02  0.000000000000000000e+00   1.604079688531171087e+04  5.000922295955425787e-10 2.282234375000000171e+01 5.809437500000000227e+02
-1.266522476463381395e+02  0.000000000000000000e+00   1.604079184186548810e+04  4.984867883519847728e-10 2.296221875000000168e+01 5.868182500000000346e+02
-1.266522431110731048e+02  0.000000000000000000e+00   1.604079069307359350e+04  4.991792306498266884e-10 2.287676562500000088e+01 5.829022187499999745e+02
-1.266522481129097599e+02  0.000000000000000000e+00   1.604079195989318396e+04  4.886996533511696059e-10 2.287979687500000026e+01 5.832627812499999891e+02
-1.266522432677600278e+02  0.000000000000000000e+00   1.604079073259499637e+04  4.886998041398461461e-10 2.291346874999999983e+01 5.849330625000000055e+02
-1.266522255712006313e+02  0.000000000000000000e+00   1.604078624988280899e+04  4.828018958468992457e-10 2.291173437500000176e+01 5.844999687499999936e+02
-1.266522348731195109e+02  0.000000000000000000e+00   1.604078860622889624e+04  4.908154174262970432e-10 2.289839062500000111e+01 5.837517812500000218e+02
-1.266522363618640554e+02  0.000000000000000000e+00   1.604078898324866350e+04  4.854614444440666157e-10 2.295537500000000009e+01 5.867584375000000136e+02
-1.266522398834199379e+02  0.000000000000000000e+00   1.604078987526011770e+04  4.845627403162550686e-10 2.291310937500000122e+01 5.847061562500000491e+02
-1.266522395965899506e+02  0.000000000000000000e+00   1.604078980244564445e+04  4.746410067424843499e-10 2.290156250000000071e+01 5.838924375000000282e+02
-1.266522452861593706e+02  0.000000000000000000e+00   1.604079124363598385e+04  4.744470539702180013e-10 2.281243750000000148e+01 5.802836875000000418e+02
-1.266522378316757056e+02  0.000000000000000000e+00   1.604078935523444488e+04  4.652575830400721041e-10 2.297275000000000134e+01 5.870995000000000346e+02
-1.266522366559516257e+02  0.000000000000000000e+00   1.604078905748535180e+04  4.694392471463385074e-10 2.295864062500000102e+01 5.869440312499999663e+02
-1.266522376375648662e+02  0.000000000000000000e+00   1.604078930620490428e+04  4.739606349299077350e-10 2.289862499999999912e+01 5.844836249999999609e+02
-1.266522390811576599e+02  0.000000000000000000e+00   1.604078967185085639e+04  4.725538116796073992e-10 2.284040625000000091e+01 5.809025625000000446e+02
-1.266522417726833112e+02  0.000000000000000000e+00   1.604079035349037076e+04  4.640758362171057158e-10 2.295943749999999994e+01 5.869365625000000364e+02
-1.266522458122209542e+02  0.000000000000000000e+00   1.604079137663371148e+04  4.584855250903455517e-10 2.296859375000000014e+01 5.874340624999999818e+02
-1.266522339151952821e+02  0.000000000000000000e+00   1.604078836304398283e+04  4.572493488900516216e-10 2.291557812499999969e+01 5.849811562500000264e+02
-1.266522265000502472e+02  0.000000000000000000e+00   1.604078648479546246e+04  4.597924608046643115e-10 2.290148437499999901e+01 5.841108437499999582e+02
-1.266522522130332646e+02  0.000000000000000000e+00   1.604079299798469583e+04  4.582633326082644849e-10 2.291020312499999889e+01 5.852103437499999927e+02
-1.266522376292174243e+02  0.000000000000000000e+00   1.604078930377035795e+04  4.540051258624630852e-10 2.285951562500000023e+01 5.821567187499999818e+02
-1.266522326324870988e+02  0.000000000000000000e+00   1.604078803817797416e+04  4.603479518965854395e-10 2.286457812500000131e+01 5.831542187500000409e+02
-1.266522357059117354e+02  0.000000000000000000e+00   1.604078881663043467e+04  4.566241741491045930e-10 2.293690624999999983e+01 5.864664374999999836e+02
-1.266522308581654812e+02  0.000000000000000000e+00   1.604078758862872382e+04  4.537606888326198696e-10 2.291437499999999972e+01 5.847803125000000364e+02
-1.266522422693608405e+02  0.000000000000000000e+00   1.604079047917110620e+04  4.559770793119864053e-10 2.295973437500000003e+01 5.866791562500000055e+02
-1.266522335547510352e+02  0.000000000000000000e+00   1.604078827168828320e+04  4.539103545490809626e-10 2.292704687500000205e+01 5.844374062499999809e+02
-1.266522379247342229e+02  0.000000000000000000e+00   1.604078937858408608e+04  4.513867697242177394e-10 2.289562499999999901e+01 5.836032500000000027e+02
-1.266522506366039664e+02  0.000000000000000000e+00   1.604079259843158798e+04  4.435216396325204120e-10 2.294345312500000134e+01 5.858970312500000546e+02
-1.266522442326631364e+02  0.000000000000000000e+00   1.604079097637253471e+04  4.490041248989608934e-10 2.292590625000000060e+01 5.850076249999999618e+02
-1.266522360785036341e+02  0.000000000000000000e+00   1.604078891086590193e+04  4.476640480804934034e-10 2.289856250000000060e+01 5.840243749999999636e+02
-1.266522441028701422e+02  0.000000000000000000e+00   1.604079094339820585e+04  4.429458516811117045e-10 2.286992187499999929e+01 5.828172187500000518e+02
-1.266522444943367418e+02  0.000000000000000000e+00   1.604079104265760361e+04  4.491269327928048900e-10 2.291259374999999920e+01 5.849289999999999736e+02
-1.266522375498893211e+02  0.000000000000000000e+00   1.604078928350741262e+04  4.434830626563120588e-10 2.286334375000000207e+01 5.823576874999999973e+02
-1.266522363653054555e+02  0.000000000000000000e+00   1.604078898329064396e+04  4.337343796462399061e-10 2.299437500000000156e+01 5.883520624999999882e+02
-1.266522389239829067e+02  0.000000000000000000e+00   1.604078963154703342e+04  4.419596677000880723e-10 2.299942187499999946e+01 5.889575312499999882e+02
-1.266522508515688372e+02  0.000000000000000000e+00   1.604079265284315443e+04  4.410277953446084851e-10 2.288392187500000219e+01 5.837352812499999573e+02
-1.266522352397001328e+02  0.000000000000000000e+00   1.604078869821927947e+04  4.368201670267025240e-10 2.291509375000000048e+01 5.847118125000000646e+02
-1.266522371896979138e+02  0.000000000000000000e+00   1.604078919216137001e+04  4.367534756986593250e-10 2.293737499999999940e+01 5.857193125000000009e+02
-1.266522469684845760e+02  0.000000000000000000e+00   1.604079166910896492e+04  4.328312074803650543e-10 2.296981249999999974e+01 5.874182500000000573e+02
-1.266522415092665739e+02  0.000000000000000000e+00   1.604079028619747260e+04  4.286500432371181661e-10 2.293493750000000020e+01 5.857408749999999600e+02
-1.266522422136318085e+02  0.000000000000000000e+00   1.604079046476279836e+04  4.377801441971468071e-10 2.290948437500000168e+01 5.845869062499999700e+02
-1.266522595820426744e+02  0.000000000000000000e+00   1.604079486416773761e+04  4.320619446002795839e-10 2.288885937499999912e+01 5.838112187499999663e+02
-1.266522441009417292e+02  0.000000000000000000e+00   1.604079094272783368e+04  4.316061913191776185e-10 2.294665625000000020e+01 5.863411875000000464e+02
-1.266522363153273005e+02  0.000000000000000000e+00   1.604078897055391099e+04  4.289315316141818349e-10 2.297123437500000165e+01 5.869410937500000500e+02
-1.266522308910303991e+02  0.000000000000000000e+00   1.604078759654797796e+04  4.284766165362972910e-10 2.286992187499999929e+01 5.829187187500000391e+02
-1.266522387874035758e+02  0.000000000000000000e+00   1.604078959682906316e+04  4.343656483156841136e-10 2.290414062500000014e+01 5.846492187500000455e+02
-1.266522448326860797e+02  0.000000000000000000e+00   1.604079112801605879e+04  4.274976729436139068e-10 2.291428125000000193e+01 5.845990625000000591e+02
-1.266522424497954233e+02  0.000000000000000000e+00   1.604079052447256436e+04  4.308268199009974923e-10 2.285059375000000159e+01 5.822269374999999627e+02
-1.266522401724820526e+02  0.000000000000000000e+00   1.604078994759750822e+04  4.294945252909928623e-10 2.286014062499999966e+01 5.823095312499999636e+02
-1.266522373110094861e+02  0.000000000000000000e+00   1.604078922276319463e+04  4.288398994881419387e-10 2.287785937499999989e+01 5.839021562499999618e+02
-1.266522291880277749e+02  0.000000000000000000e+00   1.604078716517522298e+04  4.288136462150432698e-10 2.294057812500000182e+01 5.858768437500000346e+02
-1.266522308437955502e+02  0.000000000000000000e+00   1.604078758449158704e+04  4.227666993725427271e-10 2.292062500000000114e+01 5.846266875000000027e+02
-1.266522462446146307e+02  0.000000000000000000e+00   1.604079148563732269e+04  4.258406957244193902e-10 2.286851562500000057e+01 5.829111562499999764e+02
-1.266522383781154417e+02  0.000000000000000000e+00   1.604078949290500168e+04  4.188088408732645264e-10 2.293057812500000026e+01 5.860084062500000073e+02
-1.266522314007495851e+02  0.000000000000000000e+00   1.604078772554937859e+04  4.214481064955149023e-10 2.291414062500000171e+01 5.846977187500000355e+02
-1.266522428604791628e+02  0.000000000000000000e+00   1.604079062839523067e+04  4.242581396224800703e-10 2.288534375000000054e+01 5.836824374999999918e+02
-1.266522300588805194e+02  0.000000000000000000e+00   1.604078738563140178e+04  4.204159689882217496e-10 2.290500000000000114e+01 5.842403124999999591e+02
-1.266522335936039383e+02  0.000000000000000000e+00   1.604078828092450021e+04  4.161691995388483847e-10 2.287681249999999977e+01 5.836863749999999982e+02
-1.266522404344374166e+02  0.000000000000000000e+00   1.604079001372920720e+04  4.156069285657534989e-10 2.292546875000000028e+01 5.852245000000000346e+02
-1.266522430625042546e+02  0.000000000000000000e+00   1.604079067953471713e+04  4.221151477862045749e-10 2.295106249999999903e+01 5.864746250000000600e+02
-1.266522491481382104e+02  0.000000000000000000e+00   1.604079222098297760e+04  4.177413568252710960e-10 2.292220312499999935e+01 5.850240937500000200e+02
-1.266522315838832071e+02  0.000000000000000000e+00   1.604078777178967721e+04  4.122050538472365610e-10 2.291840625000000031e+01 5.848384375000000546e+02
-1.266522356357333337e+02  0.000000000000000000e+00   1.604078879826044795e+04  4.196256630241444844e-10 2.289682812499999898e+01 5.839607187499999554e+02
-1.266522323432964612e+02  0.000000000000000000e+00   1.604078796418900492e+04  4.144843438556292467e-10 2.294034375000000026e+01 5.859218750000000000e+02
-1.266522445509080512e+02  0.000000000000000000e+00   1.604079105647605320e+04  4.172509419394649271e-10 2.299795312500000222e+01 5.884475312499999973e+02
-1.266522396010272047e+02  0.000000000000000000e+00   1.604078980256609975e+04  4.120804909368289333e-10 2.296732812500000165e+01 5.873407187500000646e+02
-1.266522408821777503e+02  0.000000000000000000e+00   1.604079012712259464e+04  4.142824399832240561e-10 2.288065625000000125e+01 5.838418125000000600e+02
-1.266522415430996915e+02  0.000000000000000000e+00   1.604079029448724214e+04  4.111752241223529935e-10 2.295010937500000026e+01 5.865678437500000655e+02
-1.266522586507938115e+02  0.000000000000000000e+00   1.604079462805853655e+04  4.183683834849987171e-10 2.286521875000000037e+01 5.825436875000000327e+02
-1.266522350782481396e+02  0.000000000000000000e+00   1.604078865688383667e+04  4.094567231383267795e-10 2.295506250000000037e+01 5.864523125000000618e+02
-1.266522402207101123e+02  0.000000000000000000e+00   1.604078995946205760e+04  4.075607929946743768e-10 2.292709375000000094e+01 5.850672500000000582e+02
-1.266522405337503869e+02  0.000000000000000000e+00   1.604079003879982156e+04  4.102576161306239233e-10 2.287714062499999912e+01 5.834496562499999754e+02
-1.266522305385552869e+02  0.000000000000000000e+00   1.604078750690266133e+04  4.059218040558911076e-10 2.288779687499999937e+01 5.835769062499999791e+02
-1.266522294223676823e+02  0.000000000000000000e+00   1.604078722421219209e+04  4.087164991048639482e-10 2.290301562500000188e+01 5.836620937500000537e+02
-1.266522451535977609e+02  0.000000000000000000e+00   1.604079120898625297e+04  4.076622522206704863e-10 2.290068750000000009e+01 5.843122500000000628e+02
-1.266522553240816080e+02  0.000000000000000000e+00   1.604079378517108671e+04  4.048882517793618075e-10 2.289304687499999957e+01 5.840121562499999754e+02
-1.266522422836603710e+02  0.000000000000000000e+00   1.604079048194248026e+04  4.029397083748137524e-10 2.293976562499999972e+01 5.863273437500000682e+02
-1.266522364937464005e+02  0.000000000000000000e+00   1.604078901540087281e+04  4.072746010566370496e-10 2.290773437500000043e+01 5.840377812499999663e+02
-1.266522453597547866e+02  0.000000000000000000e+00   1.604079126118269778e+04  4.061626792395797055e-10 2.292348437500000102e+01 5.851943437500000300e+02
-1.266522405199871315e+02  0.000000000000000000e+00   1.604079003516070952e+04  4.007308449387633138e-10 2.297110937500000105e+01 5.871737187500000346e+02
-1.266522465958726542e+02  0.000000000000000000e+00   1.604079157432216562e+04  4.077373122354390524e-10 2.289903125000000017e+01 5.842751250000000027e+02
-1.266522398675184036e+02  0.000000000000000000e+00   1.604078986991279271e+04  4.023102528643286684e-10 2.288987499999999997e+01 5.834569374999999809e+02
-1.266522349152896112e+02  0.000000000000000000e+00   1.604078861555398908e+04  4.062321456541198944e-10 2.288239062499999932e+01 5.834486562499999991e+02
-1.266522405882548270e+02  0.000000000000000000e+00   1.604079005246144698e+04  4.012435157074842647e-10 2.289914062500000114e+01 5.840112187500000118e+02
-1.266522428358864829e+02  0.000000000000000000e+00   1.604079062183488531e+04  4.036289363247387907e-10 2.286350000000000193e+01 5.821403125000000500e+02
-1.266522435499104517e+02  0.000000000000000000e+00   1.604079080267562858e+04  4.020870627203294808e-10 2.292173437499999977e+01 5.850479062499999827e+02
-1.266522390292045515e+02  0.000000000000000000e+00   1.604078965745496134e+04  3.955040120286335745e-10 2.296553125000000151e+01 5.870661874999999554e+02
-1.266522399207144645e+02  0.000000000000000000e+00   1.604078988337196824e+04  4.013361658949595431e-10 2.297129687500000017e+01 5.869902812500000664e+02
-1.266522440134127407e+02  0.000000000000000000e+00   1.604079092007238432e+04  4.014353629776931141e-10 2.288350000000000151e+01 5.832975625000000264e+02
-1.266522492900636792e+02  0.000000000000000000e+00   1.604079225659972872e+04  3.969437589023229266e-10 2.296514062500000009e+01 5.870062812500000291e+02
-1.266522472997841078e+02  0.000000000000000000e+00   1.604079175258455689e+04  4.051474169019441424e-10 2.284904687499999909e+01 5.822775937500000509e+02
-1.266522421500415874e+02  0.000000000000000000e+00   1.604079044794378024e+04  3.934350507487590948e-10 2.290154687500000108e+01 5.845537187500000300e+02
-1.266522434534675199e+02  0.000000000000000000e+00   1.604079077810582203e+04  3.933357062315140483e-10 2.287770312500000003e+01 5.828638437500000009e+02
-1.266522400522210887e+02  0.000000000000000000e+00   1.604078991655048958e+04  3.930637995651124366e-10 2.286396875000000151e+01 5.827412500000000364e+02
-1.266522460221639932e+02  0.000000000000000000e+00   1.604079142880447762e+04  3.955991090530985124e-10 2.287951562499999980e+01 5.837550312500000018e+02
-1.266522359533469739e+02  0.000000000000000000e+00   1.604078887828456573e+04  3.928914604232042284e-10 2.293482812499999923e+01 5.859153437500000337e+02
-1.266522444887962280e+02  0.000000000000000000e+00   1.604079104039475351e+04  3.955502442074039117e-10 2.290612499999999940e+01 5.839721875000000182e+02
-1.266522425340701261e+02  0.000000000000000000e+00   1.604079054526306936e+04  3.961242757796955247e-10 2.296701562500000193e+01 5.875329687500000091e+02
-1.266522513480396270e+02  0.000000000000000000e+00   1.604079277790380729e+04  3.975365893074380825e-10 2.288175000000000026e+01 5.834570625000000064e+02
-1.266522534030032148e+02  0.000000000000000000e+00   1.604079329835820499e+04  3.927278326472992665e-10 2.293178125000000023e+01 5.852202499999999645e+02
-1.266522397748007762e+02  0.000000000000000000e+00   1.604078984630217383e+04  3.945283331699076225e-10 2.292167187500000125e+01 5.847825937500000464e+02
-1.266522273735155721e+02  0.000000000000000000e+00   1.604078670501895795e+04  3.956333582795452175e-10 2.292804687499999972e+01 5.856847812500000146e+02
-1.266522467519523758e+02  0.000000000000000000e+00   1.604079161355561700e+04  3.888951439177930951e-10 2.293887499999999946e+01 5.856703125000000227e+02
-1.266522368679162014e+02  0.000000000000000000e+00   1.604078910995701335e+04  3.933884770902293696e-10 2.294849999999999923e+01 5.867802500000000236e+02
-1.266522506031523534e+02  0.000000000000000000e+00   1.604079258912979458e+04  3.918814493835331973e-10 2.291717187500000108e+01 5.850330937500000346e+02
-1.266522411902409715e+02  0.000000000000000000e+00   1.604079020478338680e+04  3.910290967998085220e-10 2.293854687500000011e+01 5.855239062499999818e+02
-1.266522410953177484e+02  0.000000000000000000e+00   1.604079018074021224e+04  3.911102901700143151e-10 2.292453125000000114e+01 5.847577499999999873e+02
-1.266522482587438105e+02  0.000000000000000000e+00   1.604079199522152157e+04  3.882006869640899217e-10 2.295406249999999915e+01 5.866960000000000264e+02
-1.266522508294373353e+02  0.000000000000000000e+00   1.604079264645527837e+04  3.922853706820950454e-10 2.289454687499999963e+01 5.837697187500000382e+02
-1.266522415544903311e+02  0.000000000000000000e+00   1.604079029698972772e+04  3.873101021944318004e-10 2.296385937500000196e+01 5.867802812500000300e+02
-1.266522544351646218e+02  0.000000000000000000e+00   1.604079355976829720e+04  3.901690067118348416e-10 2.294581249999999883e+01 5.863053750000000264e+02
-1.266522503273920250e+02  0.000000000000000000e+00   1.604079251919079798e+04  3.864163610551327847e-10 2.286890625000000199e+01 5.825850625000000491e+02
-1.266522410779346899e+02  0.000000000000000000e+00   1.604079017626538007e+04  3.866451407433013090e-10 2.292300000000000182e+01 5.851748125000000300e+02
-1.266522339740238721e+02  0.000000000000000000e+00   1.604078837682973244e+04  3.876895774485993710e-10 2.293229687500000225e+01 5.854840312500000437e+02
-1.266522471876179026e+02  0.000000000000000000e+00   1.604079172379295596e+04  3.814954856250462850e-10 2.294843750000000071e+01 5.862525625000000673e+02
-1.266522302514514138e+02  0.000000000000000000e+00   1.604078743389778720e+04  3.884549217379328690e-10 2.289329687500000077e+01 5.836811562499999582e+02
-1.266522379965135201e+02  0.000000000000000000e+00   1.604078939579802500e+04  3.910356935900095677e-10 2.292318750000000094e+01 5.854821249999999964e+02
-1.266522403626540552e+02  0.000000000000000000e+00   1.604078999507722438e+04  3.863729905239103117e-10 2.290476562499999957e+01 5.844793437499999982e+02
-1.266522327694920023e+02  0.000000000000000000e+00   1.604078807165458784e+04  3.838342878456202332e-10 2.295357812499999994e+01 5.865781562500000064e+02
-1.266522450205869177e+02  0.000000000000000000e+00   1.604079117495970786e+04  3.868215635483194868e-10 2.288696875000000119e+01 5.840868749999999636e+02
-1.266522453306997562e+02  0.000000000000000000e+00   1.604079125355986616e+04  3.897630989136596814e-10 2.287124999999999986e+01 5.828167499999999563e+02
-1.266522459030373398e+02  0.000000000000000000e+00   1.604079139847936312e+04  3.862605795653612732e-10 2.290212500000000162e+01 5.846570000000000391e+02
-1.266522347556697241e+02  0.000000000000000000e+00   1.604078857478053578e+04  3.849724490685129675e-10 2.293568750000000023e+01 5.865896874999999682e+02
-1.266522471386521289e+02  0.000000000000000000e+00   1.604079171142333325e+04  3.835918697969127588e-10 2.290207812499999918e+01 5.845751562499999636e+02
-1.266522496711648387e+02  0.000000000000000000e+00   1.604079235287882875e+04  3.810133035249951575e-10 2.290974999999999895e+01 5.847028125000000500e+02
-1.266522541158911821e+02  0.000000000000000000e+00   1.604079347877997861e+04  3.830049943330113305e-10 2.292907812500000020e+01 5.848745937500000309e+02
-1.266522386638353055e+02  0.000000000000000000e+00   1.604078956473282778e+04  3.847522068843918711e-10 2.288010937499999997e+01 5.834762187500000437e+02
-1.266522309300893596e+02  0.000000000000000000e+00   1.604078760573987711e+04  3.847188015329360445e-10 2.289917187500000040e+01 5.843597187499999563e+02
-1.266522495732160962e+02  0.000000000000000000e+00   1.604079232812272130e+04  3.844264623273601109e-10 2.289092187500000009e+01 5.837604687499999727e+02
-1.266522358765654275e+02  0.000000000000000000e+00   1.604078885868266480e+04  3.833662764885297022e-10 2.293090624999999960e+01 5.860109999999999673e+02
-1.266522310329868048e+02  0.000000000000000000e+00   1.604078763179637099e+04  3.842271082155438146e-10 2.287917187500000082e+01 5.829714687499999854e+02
-1.266522368455275114e+02  0.000000000000000000e+00   1.604078910416435792e+04  3.858140744697116638e-10 2.290118749999999892e+01 5.839737499999999955e+02
-1.266522464212553274e+02  0.000000000000000000e+00   1.604079152967701521e+04  3.819408031415987997e-10 2.293214062499999883e+01 5.853818437500000300e+02
-1.266522411738791334e+02  0.000000000000000000e+00   1.604079020043008131e+04  3.780135307578762453e-10 2.291481250000000003e+01 5.851088124999999991e+02
-1.266522360655238941e+02  0.000000000000000000e+00   1.604078890646379841e+04  3.781987397804700585e-10 2.296867187500000185e+01 5.869744687500000282e+02
-1.266522433255139362e+02  0.000000000000000000e+00   1.604079074545117874e+04  3.781602545885132281e-10 2.291551562500000117e+01 5.848415937500000155e+02
-1.266522255176265759e+02  0.000000000000000000e+00   1.604078623464885095e+04  3.791030366010693279e-10 2.285906250000000028e+01 5.817364999999999782e+02
-1.266522463070489692e+02  0.000000000000000000e+00   1.604079150074870631e+04  3.819828743896479774e-10 2.295870312499999955e+01 5.871441562500000373e+02
-1.266522422294583805e+02  0.000000000000000000e+00   1.604079046788964115e+04  3.827891569247553364e-10 2.288729687500000054e+01 5.834066562499999691e+02
-1.266522268254453252e+02  0.000000000000000000e+00   1.604078656587567093e+04  3.760175888841329165e-10 2.298300000000000054e+01 5.873570624999999836e+02
-1.266522475158345316e+02  0.000000000000000000e+00   1.604079180681523394e+04  3.742346268923619582e-10 2.291418750000000060e+01 5.846494999999999891e+02
-1.266522430902076053e+02  0.000000000000000000e+00   1.604079068583732260e+04  3.775551656554823259e-10 2.290678125000000165e+01 5.840758749999999964e+02
-1.266522338374227274e+02  0.000000000000000000e+00   1.604078834208444641e+04  3.787369388377242238e-10 2.291371875000000102e+01 5.850856250000000500e+02
-1.266522409424122344e+02  0.000000000000000000e+00   1.604079014183146137e+04  3.800697734204216846e-10 2.296465625000000088e+01 5.876011250000000246e+02
-1.266522474991524518e+02  0.000000000000000000e+00   1.604079180264136630e+04  3.774624934222631585e-10 2.292126562500000020e+01 5.851947187499999927e+02
-1.266522376013059272e+02  0.000000000000000000e+00   1.604078929546410291e+04  3.769422835453874220e-10 2.305473437499999889e+01 5.914979062500000282e+02
-1.266522323713631692e+02  0.000000000000000000e+00   1.604078797078749994e+04  3.826325008116904891e-10 2.287817187499999960e+01 5.834222812499999691e+02
-1.266522203380887674e+02  0.000000000000000000e+00   1.604078492261510473e+04  3.769964770441486898e-10 2.287515624999999986e+01 5.833703749999999673e+02
-1.266522400072035595e+02  0.000000000000000000e+00   1.604078990489353419e+04  3.772408454872757337e-10 2.286532812500000134e+01 5.823845937500000218e+02
-1.266522295521598522e+02  0.000000000000000000e+00   1.604078725663344630e+04  3.803087708705721848e-10 2.291443750000000179e+01 5.849378749999999627e+02
-1.266522546075989197e+02  0.000000000000000000e+00   1.604079360321994864e+04  3.760342067818063478e-10 2.298009375000000176e+01 5.880053749999999582e+02
-1.266522348533282951e+02  0.000000000000000000e+00   1.604078859936551635e+04  3.754734587911107972e-10 2.293612500000000054e+01 5.858000624999999673e+02
-1.266522307211073866e+02  0.000000000000000000e+00   1.604078755262574668e+04  3.736181825128688809e-10 2.297503125000000068e+01 5.875219375000000355e+02
-1.266522499190253654e+02  0.000000000000000000e+00   1.604079241555670524e+04  3.743857718608769076e-10 2.291601562500000000e+01 5.848924687500000346e+02
-1.266522440500032189e+02  0.000000000000000000e+00   1.604079092891774235e+04  3.750542862231633181e-10 2.290420312500000222e+01 5.840557187499999827e+02
-1.266522390070901025e+02  0.000000000000000000e+00   1.604078965146064002e+04  3.710268817130063329e-10 2.290487500000000054e+01 5.843452499999999645e+02
-1.266522305532113108e+02  0.000000000000000000e+00   1.604078751014178852e+04  3.764151393029592381e-10 2.289235937500000162e+01 5.837900937499999827e+02
-1.266522524221631301e+02  0.000000000000000000e+00   1.604079304957457316e+04  3.720045182805340577e-10 2.290634375000000134e+01 5.841012500000000500e+02
-1.266522510907183658e+02  0.000000000000000000e+00   1.604079271232800784e+04  3.729015021084563295e-10 2.291690625000000026e+01 5.848707500000000437e+02
-1.266522439080689963e+02  0.000000000000000000e+00   1.604079089292749813e+04  3.727059333059444814e-10 2.289120312500000054e+01 5.843088437500000509e+02
-1.266522411693094199e+02  0.000000000000000000e+00   1.604079019913815500e+04  3.696351385449837595e-10 2.296556250000000077e+01 5.867974375000000009e+02
-1.266522298920287142e+02  0.000000000000000000e+00   1.604078734257857104e+04  3.712584933504382672e-10 2.299065625000000068e+01 5.884019375000000309e+02
-1.266522444579745752e+02  0.000000000000000000e+00   1.604079103220491197e+04  3.716998653459922143e-10 2.294504687499999918e+01 5.862118437499999573e+02
-1.266522467854980363e+02  0.000000000000000000e+00   1.604079162177722719e+04  3.717103976734913253e-10 2.292957812499999903e+01 5.850756562500000655e+02
-1.266522404047316144e+02  0.000000000000000000e+00   1.604079000553735023e+04  3.740101413826136655e-10 2.290582812499999932e+01 5.846614687500000400e+02
-1.266522371491425645e+02  0.000000000000000000e+00   1.604078918089422768e+04  3.747683379681401554e-10 2.287849999999999895e+01 5.832670625000000655e+02
-1.266522540933848973e+02  0.000000000000000000e+00   1.604079347290431178e+04  3.721125764900747431e-10 2.290740625000000108e+01 5.846208125000000564e+02
-1.266522352869329353e+02  0.000000000000000000e+00   1.604078870917377571e+04  3.738691048034530630e-10 2.287634375000000020e+01 5.833715624999999818e+02
-1.266522343710178120e+02  0.000000000000000000e+00   1.604078847711472372e+04  3.705241032293360580e-10 2.293478125000000034e+01 5.853041875000000118e+02
-1.266522416990976012e+02  0.000000000000000000e+00   1.604079033339525995e+04  3.733371181390007522e-10 2.287078125000000028e+01 5.830003125000000637e+02
-1.266522377235278327e+02  0.000000000000000000e+00   1.604078932631882890e+04  3.704195308889245002e-10 2.289573437499999997e+01 5.837383437500000127e+02
-1.266522394542911059e+02  0.000000000000000000e+00   1.604078976477892320e+04  3.735371649972222969e-10 2.287435937500000094e+01 5.829914687499999673e+02
-1.266522270290974461e+02  0.000000000000000000e+00   1.604078661737069342e+04  3.703466786798699053e-10 2.289720312500000077e+01 5.834539687500000582e+02
-1.266522284041862321e+02  0.000000000000000000e+00   1.604078696569707790e+04  3.709868010261779252e-10 2.286642187500000034e+01 5.828939062499999864e+02
-1.266522455726020553e+02  0.000000000000000000e+00   1.604079131449460147e+04  3.685544324274583082e-10 2.286156250000000156e+01 5.823501875000000609e+02
-1.266522477725285967e+02  0.000000000000000000e+00   1.604079187174565232e+04  3.685402449076167021e-10 2.294465625000000131e+01 5.868505625000000236e+02
-1.266522305553703376e+02  0.000000000000000000e+00   1.604078751058225498e+04  3.697805764295180418e-10 2.283273437500000114e+01 5.803466562500000236e+02
-1.266522540542897985e+02  0.000000000000000000e+00   1.604079346294657262e+04  3.686978311802069564e-10 2.294921875000000000e+01 5.869051249999999982e+02
-1.266522378806362354e+02  0.000000000000000000e+00   1.604078936603415059e+04  3.653736703384548155e-10 2.293539062500000014e+01 5.853224687499999845e+02
-1.266522519226419945e+02  0.000000000000000000e+00   1.604079292305108720e+04  3.724700188708255098e-10 2.287360937500000091e+01 5.829076562500000591e+02
-1.266522470020923663e+02  0.000000000000000000e+00   1.604079167661538486e+04  3.700796236105224926e-10 2.289443750000000222e+01 5.836763124999999945e+02
-1.266522362266934323e+02  0.000000000000000000e+00   1.604078894708802545e+04  3.656846165167572027e-10 2.295014062499999952e+01 5.868500937500000418e+02
-1.266522437403219783e+02  0.000000000000000000e+00   1.604079085038156700e+04  3.692859719014967476e-10 2.290196875000000176e+01 5.845214375000000473e+02
-1.266522349082934653e+02  0.000000000000000000e+00   1.604078861316254370e+04  3.676249731020169226e-10 2.293098437500000131e+01 5.856920312500000136e+02
-1.266522559207801493e+02  0.000000000000000000e+00   1.604079393567239822e+04  3.646707272047093192e-10 2.297565625000000011e+01 5.875933125000000246e+02
-1.266522422987308403e+02  0.000000000000000000e+00   1.604079048522322410e+04  3.694829521841740879e-10 2.289456249999999926e+01 5.840914374999999836e+02
-1.266522512385178061e+02  0.000000000000000000e+00   1.604079274966129015e+04  3.663568649403396065e-10 2.290812500000000185e+01 5.846502500000000282e+02
-1.266522341760458517e+02  0.000000000000000000e+00   1.604078842762733620e+04  3.642825785094270738e-10 2.297617187500000213e+01 5.876289687500000127e+02
-1.266522478228377366e+02  0.000000000000000000e+00   1.604079188446616536e+04  3.671053097259120301e-10 2.291548437500000190e+01 5.846275312500000609e+02
-1.266522382962816948e+02  0.000000000000000000e+00   1.604078947128276013e+04  3.631141044111406539e-10 2.295607812500000122e+01 5.872934687499999882e+02
-1.266522417720348841e+02  0.000000000000000000e+00   1.604079035185842076e+04  3.725778064292257851e-10 2.287310937500000207e+01 5.827785937500000273e+02
-1.266522357865912198e+02  0.000000000000000000e+00   1.604078883563449017e+04  3.673255979363476423e-10 2.290993750000000162e+01 5.850016875000000027e+02
-1.266522402644346386e+02  0.000000000000000000e+00   1.604078996987411847e+04  3.661939758690654504e-10 2.292854687500000210e+01 5.850178437499999973e+02
-1.266522514436694138e+02  0.000000000000000000e+00   1.604079280164781085e+04  3.676469896660692538e-10 2.291370312500000139e+01 5.846045937500000491e+02
-1.266522348073425235e+02  0.000000000000000000e+00   1.604078858747891718e+04  3.606239097307921434e-10 2.297787500000000094e+01 5.875901874999999563e+02
-1.266522438698727910e+02  0.000000000000000000e+00   1.604079088313213106e+04  3.652189612674378524e-10 2.293245312500000210e+01 5.852620937499999627e+02
-1.266522334963978835e+02  0.000000000000000000e+00   1.604078825550486545e+04  3.664891893671282526e-10 2.289000000000000057e+01 5.840125625000000582e+02
-1.266522462055892362e+02  0.000000000000000000e+00   1.604079147476916842e+04  3.645689519856515476e-10 2.287728124999999935e+01 5.828009375000000318e+02
-1.266522353936506988e+02  0.000000000000000000e+00   1.604078873599184226e+04  3.605268379150917114e-10 2.295850000000000080e+01 5.866472499999999854e+02
-1.266522466048367050e+02  0.000000000000000000e+00   1.604079157588392263e+04  3.635451949514190100e-10 2.295289062500000199e+01 5.870010937499999955e+02
-1.266522500194907366e+02  0.000000000000000000e+00   1.604079244085929167e+04  3.652998917780950330e-10 2.294796875000000114e+01 5.862891250000000127e+02
-1.266522442249017075e+02  0.000000000000000000e+00   1.604079097299440036e+04  3.609705129840912753e-10 2.291598437500000074e+01 5.844574687499999754e+02
-1.266522289747000087e+02  0.000000000000000000e+00   1.604078711009276049e+04  3.636305712823921350e-10 2.294096874999999969e+01 5.863212499999999636e+02
-1.266522408955072621e+02  0.000000000000000000e+00   1.604079012963835885e+04  3.606279573792235913e-10 2.297446874999999977e+01 5.876952499999999873e+02
-1.266522402556962561e+02  0.000000000000000000e+00   1.604078996760741029e+04  3.628750507301384880e-10 2.292646875000000151e+01 5.851411875000000009e+02
-1.266522395383754827e+02  0.000000000000000000e+00   1.604078978596508932e+04  3.665061640620926666e-10 2.289240625000000051e+01 5.836303125000000591e+02
-1.266522364645788628e+02  0.000000000000000000e+00   1.604078900731460999e+04  3.637608222904551814e-10 2.285546875000000000e+01 5.824818125000000464e+02
-1.266522372572216426e+02  0.000000000000000000e+00   1.604078920808713519e+04  3.632971343376245091e-10 2.288018750000000168e+01 5.828229999999999791e+02
-1.266522398344919083e+02  0.000000000000000000e+00   1.604078986091072693e+04  3.626422475725006578e-10 2.288687499999999986e+01 5.833713750000000573e+02
-1.266522391100481855e+02  0.000000000000000000e+00   1.604078967737549647e+04  3.607476021697455979e-10 2.295165624999999920e+01 5.867055000000000291e+02
-1.266522407627127933e+02  0.000000000000000000e+00   1.604079009598024459e+04  3.593387391872264371e-10 2.292768750000000111e+01 5.856605624999999691e+02
-1.266522242237778784e+02  0.000000000000000000e+00   1.604078590658930261e+04  3.590344734124329678e-10 2.293476562500000071e+01 5.857619062500000382e+02
-1.266522394558914328e+02  0.000000000000000000e+00   1.604078976497591430e+04  3.605465459958472638e-10 2.288332812500000202e+01 5.835295937500000036e+02
-1.266522372999611008e+02  0.000000000000000000e+00   1.604078921882908799e+04  3.580515809770908407e-10 2.298606249999999918e+01 5.880156875000000127e+02
-1.266522440323800822e+02  0.000000000000000000e+00   1.604079092420637244e+04  3.596341217408860006e-10 2.296573437500000026e+01 5.875220937500000673e+02
-1.266522312040056448e+02  0.000000000000000000e+00   1.604078767477298061e+04  3.628300836876250118e-10 2.283406250000000171e+01 5.813060625000000528e+02
-1.266522371549355057e+02  0.000000000000000000e+00   1.604078918209855328e+04  3.583693222930543571e-10 2.288539062499999943e+01 5.833074062499999854e+02
-1.266522409438069019e+02  0.000000000000000000e+00   1.604079014184323387e+04  3.587801408757083305e-10 2.297153125000000173e+01 5.870890625000000682e+02
-1.266522407490773503e+02  0.000000000000000000e+00   1.604079009254141420e+04  3.602793735488712385e-10 2.289478125000000119e+01 5.836182499999999891e+02
-1.266522293450759804e+02  0.000000000000000000e+00   1.604078720379362130e+04  3.563351239987202840e-10 2.297845312500000148e+01 5.870682812500000409e+02
-1.266522538529207509e+02  0.000000000000000000e+00   1.604079341187862337e+04  3.649410792778345014e-10 2.288689062499999949e+01 5.837586562500000582e+02
-1.266522464301467750e+02  0.000000000000000000e+00   1.604079153149663398e+04  3.549705129333594819e-10 2.293781249999999972e+01 5.857208749999999782e+02
-1.266522359830892555e+02  0.000000000000000000e+00   1.604078888522933630e+04  3.561674847688669041e-10 2.300101562500000085e+01 5.884102812500000255e+02
-1.266522411532657060e+02  0.000000000000000000e+00   1.604079019488351332e+04  3.577468594546925571e-10 2.296765625000000099e+01 5.873296874999999773e+02
-1.266522413179562960e+02  0.000000000000000000e+00   1.604079023657827202e+04  3.563687357570932692e-10 2.289990625000000080e+01 5.841678124999999682e+02
-1.266522352435673184e+02  0.000000000000000000e+00   1.604078869795022001e+04  3.589788460352523732e-10 2.290193749999999895e+01 5.843359375000000000e+02
-1.266522525994325719e+02  0.000000000000000000e+00   1.604079309430861395e+04  3.614621577725519338e-10 2.285828125000000099e+01 5.821315624999999727e+02
-1.266522490289689813e+02  0.000000000000000000e+00   1.604079218991178095e+04  3.625636102934427256e-10 2.283003125000000111e+01 5.816512500000000045e+02
-1.266522418638168972e+02  0.000000000000000000e+00   1.604079037481807973e+04  3.545527812490681173e-10 2.301759374999999963e+01 5.892049375000000282e+02
-1.266522438556191616e+02  0.000000000000000000e+00   1.604079087937588884e+04  3.561337613628660744e-10 2.296207812500000145e+01 5.863543437499999982e+02
-1.266522462488287744e+02  0.000000000000000000e+00   1.604079148561693910e+04  3.580232943436545862e-10 2.292645312500000188e+01 5.854005312499999718e+02
-1.266522377056917179e+02  0.000000000000000000e+00   1.604078932151354093e+04  3.525076761232190814e-10 2.299251562499999935e+01 5.888135937499999955e+02
-1.266522523362657466e+02  0.000000000000000000e+00   1.604079302760918472e+04  3.590877243531184425e-10 2.291659375000000054e+01 5.847763125000000173e+02
-1.266522411983561085e+02  0.000000000000000000e+00   1.604079020631375715e+04  3.582856118766211888e-10 2.298334374999999952e+01 5.881035000000000537e+02
-1.266522455376732950e+02  0.000000000000000000e+00   1.604079130548569265e+04  3.584990018632652177e-10 2.296754687500000003e+01 5.864367187500000682e+02
-1.266522433005464308e+02  0.000000000000000000e+00   1.604079073874637470e+04  3.544442515686695307e-10 2.301600000000000179e+01 5.894873750000000427e+02
-1.266522544343926313e+02  0.000000000000000000e+00   1.604079355905710509e+04  3.580232480654030345e-10 2.288140625000000128e+01 5.830753124999999955e+02
-1.266522476931965429e+02  0.000000000000000000e+00   1.604079185148734359e+04  3.583697162468333217e-10 2.288524999999999920e+01 5.829416875000000573e+02
-1.266522411565560162e+02  0.000000000000000000e+00   1.604079019568065632e+04  3.554834404857428592e-10 2.288303125000000193e+01 5.832368750000000546e+02
-1.266522377141829026e+02  0.000000000000000000e+00   1.604078932364635330e+04  3.513828838019517810e-10 2.296131250000000179e+01 5.874175625000000309e+02
-1.266522474467674328e+02  0.000000000000000000e+00   1.604079178904034598e+04  3.567865719085779582e-10 2.285371874999999875e+01 5.818807500000000346e+02
-1.266522413362849306e+02  0.000000000000000000e+00   1.604079024126038166e+04  3.588240235785049017e-10 2.290524999999999878e+01 5.844304375000000391e+02
-1.266522309779773536e+02  0.000000000000000000e+00   1.604078761734536420e+04  3.520050212978091084e-10 2.294035937499999989e+01 5.854317187499999591e+02
-1.266522350681727289e+02  0.000000000000000000e+00   1.604078865345777376e+04  3.549757929188628809e-10 2.286884374999999991e+01 5.827551875000000337e+02
-1.266522448840966319e+02  0.000000000000000000e+00   1.604079113988244535e+04  3.554228651698615308e-10 2.293435937499999966e+01 5.858553437499999745e+02
-1.266522350593131989e+02  0.000000000000000000e+00   1.604078865121614945e+04  3.551337560397390645e-10 2.287607812499999937e+01 5.831414062500000455e+02
-1.266522355917249456e+02  0.000000000000000000e+00   1.604078878606996841e+04  3.546065669004135736e-10 2.288685937500000023e+01 5.835360312500000646e+02
-1.266522389039578087e+02  0.000000000000000000e+00   1.604078962502487047e+04  3.515829108259239980e-10 2.295810937499999937e+01 5.869647812499999873e+02
-1.266522408621354288e+02  0.000000000000000000e+00   1.604079012105354195e+04  3.524249915977001880e-10 2.295039062500000071e+01 5.867822812499999827e+02
-1.266522443244898426e+02  0.000000000000000000e+00   1.604079099806382146e+04  3.512016375385413349e-10 2.288543750000000188e+01 5.836131874999999809e+02
-1.266522458916430196e+02  0.000000000000000000e+00   1.604079139511520225e+04  3.564660052748234678e-10 2.288079687500000148e+01 5.834620312499999955e+02
-1.266522391610360074e+02  0.000000000000000000e+00   1.604078969017430427e+04  3.534764249709913976e-10 2.288293750000000060e+01 5.830393750000000637e+02
-1.266522412388714542e+02  0.000000000000000000e+00   1.604079021642821135e+04  3.490426750248874772e-10 2.293318749999999895e+01 5.852234375000000455e+02
-1.266522396892825952e+02  0.000000000000000000e+00   1.604078982399875349e+04  3.545500718780415463e-10 2.289523437500000114e+01 5.843499687500000164e+02
-1.266522549875737695e+02  0.000000000000000000e+00   1.604079369910189598e+04  3.531303601914260346e-10 2.291101562500000099e+01 5.844678437500000427e+02
-1.266522406716296274e+02  0.000000000000000000e+00   1.604079007275887307e+04  3.500126824525117896e-10 2.293248437500000136e+01 5.855215937499999654e+02
-1.266522326160051790e+02  0.000000000000000000e+00   1.604078803220695772e+04  3.483788920755725100e-10 2.296328125000000142e+01 5.872951874999999973e+02
-1.266522466276828851e+02  0.000000000000000000e+00   1.604079158151200681e+04  3.536357071085041403e-10 2.281432812499999940e+01 5.796164687499999673e+02
-1.266522408794336343e+02  0.000000000000000000e+00   1.604079012539298128e+04  3.497895145447401077e-10 2.301635937500000040e+01 5.891805937499999573e+02
-1.266522301854448216e+02  0.000000000000000000e+00   1.604078741657339378e+04  3.507616192357290228e-10 2.294682812499999969e+01 5.864835937500000682e+02
-1.266522453915044792e+02  0.000000000000000000e+00   1.604079126836134674e+04  3.523192797012685581e-10 2.286974999999999980e+01 5.828684375000000273e+02
-1.266522361234603551e+02  0.000000000000000000e+00   1.604078892073489806e+04  3.529839554892517357e-10 2.290665625000000105e+01 5.842715624999999591e+02
-1.266522417702594652e+02  0.000000000000000000e+00   1.604079035101018235e+04  3.477338353588990577e-10 2.296253125000000139e+01 5.868640625000000455e+02
-1.266522463723729999e+02  0.000000000000000000e+00   1.604079151677743539e+04  3.496813027659089825e-10 2.290240625000000207e+01 5.839560000000000173e+02
-1.266522387481711149e+02  0.000000000000000000e+00   1.604078958558441809e+04  3.528928824678460183e-10 2.282221875000000111e+01 5.798801875000000337e+02
-1.266522445858013128e+02  0.000000000000000000e+00   1.604079106425769351e+04  3.513576713752526774e-10 2.289156249999999915e+01 5.839880000000000564e+02
-1.266522420456068261e+02  0.000000000000000000e+00   1.604079042086681693e+04  3.545860057694892121e-10 2.290845312500000119e+01 5.842580312500000446e+02
-1.266522201102684591e+02  0.000000000000000000e+00   1.604078486447883188e+04  3.502909608542112445e-10 2.296234374999999872e+01 5.871105000000000018e+02
-1.266522446136906126e+02  0.000000000000000000e+00   1.604079107130350349e+04  3.501935300543854872e-10 2.286331249999999926e+01 5.819104375000000573e+02
-1.266522230507744382e+02  0.000000000000000000e+00   1.604078560932867003e+04  3.507029187068058057e-10 2.289946875000000048e+01 5.844255624999999554e+02
-1.266522448147459698e+02  0.000000000000000000e+00   1.604079112226516918e+04  3.522782329295083968e-10 2.293692187499999946e+01 5.852643437499999663e+02
-1.266522488574795204e+02  0.000000000000000000e+00   1.604079214629583294e+04  3.515356821092071604e-10 2.289945312500000085e+01 5.838202812499999936e+02
-1.266522440534903637e+02  0.000000000000000000e+00   1.604079092939004113e+04  3.494313869564283208e-10 2.300220312500000119e+01 5.886152187500000537e+02
-1.266522330609491434e+02  0.000000000000000000e+00   1.604078814493572827e+04  3.497801457172198547e-10 2.291084375000000151e+01 5.842688749999999800e+02
-1.266522484922726619e+02  0.000000000000000000e+00   1.604079205377728067e+04  3.509114296336179686e-10 2.295707812499999889e+01 5.872777187499999627e+02
-1.266522529084449360e+02  0.000000000000000000e+00   1.604079317238222939e+04  3.489559748446387943e-10 2.290587500000000176e+01 5.847061250000000427e+02
-1.266522338148834308e+02  0.000000000000000000e+00   1.604078833587221379e+04  3.473839335676611826e-10 2.285765625000000156e+01 5.819555000000000291e+02
-1.266522387917544847e+02  0.000000000000000000e+00   1.604078959655015569e+04  3.482719240249936520e-10 2.290517187500000063e+01 5.841315312499999663e+02
-1.266522457079859407e+02  0.000000000000000000e+00   1.604079134855664779e+04  3.541348890732473804e-10 2.290015625000000199e+01 5.838134999999999764e+02
-1.266522354976233373e+02  0.000000000000000000e+00   1.604078876214216507e+04  3.489058355816239245e-10 2.294001562500000091e+01 5.860353437500000382e+02
-1.266522315892017190e+02  0.000000000000000000e+00   1.604078777208959400e+04  3.469161800163756632e-10 2.294439062500000048e+01 5.857087812500000155e+02
-1.266522520564794121e+02  0.000000000000000000e+00   1.604079295654673115e+04  3.471610069743046548e-10 2.289242187500000014e+01 5.833482187500000009e+02
-1.266522487379913855e+02  0.000000000000000000e+00   1.604079211599816699e+04  3.496165395996685424e-10 2.286606250000000173e+01 5.834903124999999591e+02
-1.266522406817672106e+02  0.000000000000000000e+00   1.604079007529748196e+04  3.481868653226817690e-10 2.295479687499999955e+01 5.864662812500000655e+02
-1.266522494670859800e+02  0.000000000000000000e+00   1.604079230064510739e+04  3.473722811371457991e-10 2.293625000000000114e+01 5.862458125000000564e+02
-1.266522338047073362e+02  0.000000000000000000e+00   1.604078833332250360e+04  3.491257231582396061e-10 2.298201562499999895e+01 5.882446562500000482e+02
-1.266522419068994907e+02  0.000000000000000000e+00   1.604079038561083325e+04  3.470556027157156686e-10 2.297346875000000210e+01 5.872624375000000327e+02
-1.266522396360047082e+02  0.000000000000000000e+00   1.604078981044311331e+04  3.508026168732953412e-10 2.286596875000000040e+01 5.826019374999999627e+02
-1.266522363942864473e+02  0.000000000000000000e+00   1.604078898923328961e+04  3.465586105823504045e-10 2.295696875000000148e+01 5.870438749999999573e+02
-1.266522368665632428e+02  0.000000000000000000e+00   1.604078910884541983e+04  3.454554746790926646e-10 2.289370312500000182e+01 5.842106562500000564e+02
-1.266522333137429968e+02  0.000000000000000000e+00   1.604078820887701659e+04  3.440120540109066797e-10 2.299174999999999969e+01 5.881333124999999882e+02
-1.266522403173913318e+02  0.000000000000000000e+00   1.604078998301128195e+04  3.489252000406183150e-10 2.292203124999999986e+01 5.854524374999999736e+02
-1.266522369682585776e+02  0.000000000000000000e+00   1.604078913465397272e+04  3.484895443368127962e-10 2.293967187500000193e+01 5.865948437499999955e+02
-1.266522332539133657e+02  0.000000000000000000e+00   1.604078819379045126e+04  3.482854488143227645e-10 2.290395312500000102e+01 5.842488437499999918e+02
-1.266522355179680375e+02  0.000000000000000000e+00   1.604078876725274858e+04  3.462363389637786119e-10 2.287526562500000082e+01 5.831209062499999618e+02
-1.266522409812434660e+02  0.000000000000000000e+00   1.604079015110584078e+04  3.450499419026607384e-10 2.294357812500000193e+01 5.856202812500000618e+02
-1.266522360685701472e+02  0.000000000000000000e+00   1.604078890672103807e+04  3.461312162371439982e-10 2.296498437500000023e+01 5.870170312500000591e+02
-1.266522462583175042e+02  0.000000000000000000e+00   1.604079148783814708e+04  3.466566456402415329e-10 2.289426562499999918e+01 5.841927187500000400e+02
-1.266522317721362327e+02  0.000000000000000000e+00   1.604078781839163821e+04  3.446665942551293800e-10 2.297162499999999952e+01 5.875730624999999918e+02
-1.266522359744597708e+02  0.000000000000000000e+00   1.604078888286120127e+04  3.448059372205983644e-10 2.294904687500000051e+01 5.863012187499999754e+02
-1.266522392983947043e+02  0.000000000000000000e+00   1.604078972485287522e+04  3.463070784879604066e-10 2.291900000000000048e+01 5.845836874999999964e+02
-1.266522395393568701e+02  0.000000000000000000e+00   1.604078978592347266e+04  3.484143474822875502e-10 2.290746874999999960e+01 5.845623749999999745e+02
-1.266522302657497079e+02  0.000000000000000000e+00   1.604078743680642219e+04  3.439940403245518341e-10 2.291775000000000162e+01 5.853683125000000018e+02
-1.266522354584552517e+02  0.000000000000000000e+00   1.604078875215700646e+04  3.449341928890819576e-10 2.294650000000000034e+01 5.860349374999999554e+02
-1.266522464954787353e+02  0.000000000000000000e+00   1.604079154792638474e+04  3.475438682084492102e-10 2.285540625000000148e+01 5.818600625000000264e+02
-1.266522335246802555e+02  0.000000000000000000e+00   1.604078826230780578e+04  3.439771263559591266e-10 2.291539062500000057e+01 5.846472187499999791e+02
-1.266522401820887467e+02  0.000000000000000000e+00   1.604078994864998094e+04  3.434048851740022179e-10 2.296145312500000202e+01 5.874484687499999609e+02
-1.266522448892057611e+02  0.000000000000000000e+00   1.604079114098258833e+04  3.433272955966064864e-10 2.294168750000000045e+01 5.858211875000000646e+02
