-1.077130140659766653e+02  0.000000000000000000e+00   1.181291177410461751e+04  1.817071865171155862e-02 5.175084375000000136e+01 2.716922187499999836e+03
-1.228391561457609811e+02  0.000000000000000000e+00   1.524381086460874758e+04  1.022916655557216600e-02 4.725503125000000182e+01 2.280524374999999964e+03
-1.338939890669331021e+02  0.000000000000000000e+00   1.802456744047005122e+04  5.408818277223312147e-03 4.202839062500000011e+01 1.819730218749999949e+03
-1.408754153119469663e+02  0.000000000000000000e+00   1.990429763436705616e+04  2.943431446974151093e-03 3.722312500000000313e+01 1.443979000000000042e+03
-1.450470150686547015e+02  0.000000000000000000e+00   2.107258779407812835e+04  1.613755417180076212e-03 3.324226562500000171e+01 1.165462968750000073e+03
-1.474425011118312909e+02  0.000000000000000000e+00   2.175930208539601881e+04  9.204969545785143554e-04 3.017434375000000202e+01 9.719144375000000764e+02
-1.488269907877578930e+02  0.000000000000000000e+00   2.216104388883720458e+04  5.223917426918604648e-04 2.778506250000000222e+01 8.329553750000000036e+02
-1.496174925967562501e+02  0.000000000000000000e+00   2.239220625149296757e+04  3.043127373537137274e-04 2.599471875000000054e+01 7.365047500000000582e+02
-1.501134900691313874e+02  0.000000000000000000e+00   2.253808456235706763e+04  1.786034846623312617e-04 2.449631250000000193e+01 6.607352500000000646e+02
-1.503888939642230014e+02  0.000000000000000000e+00   2.261921395605961152e+04  1.058737849920929694e-04 2.342849999999999966e+01 6.093835000000000264e+02
-1.505349989388946881e+02  0.000000000000000000e+00   2.266221087281567452e+04  6.288251822282162789e-05 2.266431250000000119e+01 5.736358750000000555e+02
-1.506282122266979968e+02  0.000000000000000000e+00   2.268972437051657835e+04  3.817080142353792042e-05 2.201185937500000023e+01 5.445316562499999691e+02
-1.506863356364470405e+02  0.000000000000000000e+00   2.270690139325381460e+04  2.332586287828793356e-05 2.152753124999999912e+01 5.233215625000000273e+02
-1.507190697556732175e+02  0.000000000000000000e+00   2.271656683958522990e+04  1.447649782132715530e-05 2.114001562500000020e+01 5.067503437500000132e+02
-1.507369242050860407e+02  0.000000000000000000e+00   2.272183074081067753e+04  9.260871270175012992e-06 2.091382812500000199e+01 4.973969687499999850e+02
-1.507527288389805165e+02  0.000000000000000000e+00   2.272652292598094937e+04  6.057874150780648951e-06 2.061923437500000134e+01 4.854435937499999909e+02
-1.507567323477977936e+02  0.000000000000000000e+00   2.272768467886902727e+04  4.062492941190580062e-06 2.046356250000000188e+01 4.790028125000000045e+02
-1.507631124858509963e+02  0.000000000000000000e+00   2.272958087362049991e+04  2.850355409782245710e-06 2.029114062500000060e+01 4.714611562499999877e+02
-1.507660305581587181e+02  0.000000000000000000e+00   2.273044261189425015e+04  2.051949761975379807e-06 2.017296874999999901e+01 4.672536249999999995e+02
-1.507671274986988408e+02  0.000000000000000000e+00   2.273076159330337759e+04  1.533567090679449668e-06 2.009893750000000168e+01 4.633130625000000009e+02
-1.507682550543330819e+02  0.000000000000000000e+00   2.273109420742865768e+04  1.208711432109128901e-06 2.005657812500000148e+01 4.625669062499999882e+02
-1.507683864819103405e+02  0.000000000000000000e+00   2.273112824032122444e+04  9.624680026802918317e-07 2.004229687500000168e+01 4.620655312499999923e+02
-1.507683294122120117e+02  0.000000000000000000e+00   2.273110716827659417e+04  7.925061222115453224e-07 2.001228125000000091e+01 4.601696875000000091e+02
-1.507693328411543519e+02  0.000000000000000000e+00   2.273140661418583841e+04  6.549893307155215751e-07 2.003017187500000063e+01 4.614099687500000186e+02
-1.507688351912222515e+02  0.000000000000000000e+00   2.273125418923970938e+04  5.509739396618764267e-07 1.992228125000000105e+01 4.565029999999999859e+02
-1.507694120628726182e+02  0.000000000000000000e+00   2.273142626084449148e+04  4.683852687504458475e-07 1.990164062499999886e+01 4.563266562499999850e+02
-1.507692267156725165e+02  0.000000000000000000e+00   2.273136897856785072e+04  4.071083341768461747e-07 1.990671874999999957e+01 4.568278750000000059e+02
-1.507692412203771823e+02  0.000000000000000000e+00   2.273137198756454018e+04  3.470709554555722969e-07 1.989400000000000190e+01 4.560191874999999868e+02
-1.507693083142565911e+02  0.000000000000000000e+00   2.273139124590876600e+04  3.042643291855140125e-07 1.989171874999999901e+01 4.563498749999999973e+02
-1.507694067549485624e+02  0.000000000000000000e+00   2.273141993383641602e+04  2.604588206943761154e-07 1.983331250000000168e+01 4.534788750000000164e+02
-1.507695299865711434e+02  0.000000000000000000e+00   2.273145644746104881e+04  2.320612719345778849e-07 1.994001562500000091e+01 4.580655937500000050e+02
-1.507695118676906532e+02  0.000000000000000000e+00   2.273145017940303660e+04  1.966694675151349973e-07 1.982371875000000117e+01 4.533919999999999959e+02
-1.507696595888464515e+02  0.000000000000000000e+00   2.273149418464670816e+04  1.729807428648610811e-07 1.992789062499999986e+01 4.575515937499999950e+02
-1.507694362885127646e+02  0.000000000000000000e+00   2.273142630874735187e+04  1.491323905953833234e-07 1.987910937499999875e+01 4.554752812500000232e+02
-1.507696705093746914e+02  0.000000000000000000e+00   2.273149652232928929e+04  1.309559301921619268e-07 1.990540625000000219e+01 4.561720000000000255e+02
-1.507695669813655286e+02  0.000000000000000000e+00   2.273146488995682012e+04  1.127163890836096526e-07 1.987935937499999994e+01 4.551834687500000314e+02
-1.507697090502237529e+02  0.000000000000000000e+00   2.273150743763507126e+04  9.988542034565998340e-08 1.976039062499999943e+01 4.505108437499999923e+02
-1.507697028061366211e+02  0.000000000000000000e+00   2.273150521650982409e+04  8.500357583752363083e-08 1.984320312499999872e+01 4.536811562500000150e+02
-1.507695591631091929e+02  0.000000000000000000e+00   2.273146164431842772e+04  7.364595789487837027e-08 1.981653125000000060e+01 4.526614999999999895e+02
-1.507695607387449286e+02  0.000000000000000000e+00   2.273146192788717235e+04  6.521943805174647082e-08 1.987206250000000196e+01 4.551922500000000014e+02
-1.507698005574114859e+02  0.000000000000000000e+00   2.273153405987565930e+04  5.717845933742609788e-08 1.983323437499999997e+01 4.540228437499999927e+02
-1.507695778065300090e+02  0.000000000000000000e+00   2.273146671245465041e+04  4.929270133655583350e-08 1.980432812500000139e+01 4.523560937500000136e+02
-1.507696527097007504e+02  0.000000000000000000e+00   2.273148915852226855e+04  4.312601476658172120e-08 1.987360937500000091e+01 4.546825312500000109e+02
-1.507697171506950440e+02  0.000000000000000000e+00   2.273150847503563637e+04  3.806764881534044929e-08 1.988743750000000077e+01 4.558435000000000059e+02
-1.507697400813875674e+02  0.000000000000000000e+00   2.273151527236556649e+04  3.291273890942521631e-08 1.987485937499999977e+01 4.551871562499999868e+02
-1.507696918604154632e+02  0.000000000000000000e+00   2.273150063995616074e+04  2.887057748481123041e-08 1.989453125000000000e+01 4.562415624999999864e+02
-1.507697440498189678e+02  0.000000000000000000e+00   2.273151628162383713e+04  2.466953469744874747e-08 1.991132812500000071e+01 4.570905312500000264e+02
-1.507697852460382251e+02  0.000000000000000000e+00   2.273152864181401310e+04  2.193770363183644382e-08 1.985423437500000077e+01 4.547614687500000059e+02
-1.507697270076189682e+02  0.000000000000000000e+00   2.273151101473790550e+04  1.903903198097857110e-08 1.986054687500000071e+01 4.546649062500000014e+02
-1.507697600726660880e+02  0.000000000000000000e+00   2.273152092908422492e+04  1.657235939899028033e-08 1.988979687500000182e+01 4.563152187499999854e+02
-1.507696531314853701e+02  0.000000000000000000e+00   2.273148863919192809e+04  1.468463078940156832e-08 1.985003125000000068e+01 4.543472500000000309e+02
-1.507697122960862544e+02  0.000000000000000000e+00   2.273150643226387547e+04  1.260010014240966000e-08 1.987292187499999940e+01 4.548442187499999818e+02
-1.507697033370986617e+02  0.000000000000000000e+00   2.273150369931469686e+04  1.121606228801055401e-08 1.984071875000000063e+01 4.535902500000000259e+02
-1.507697059110659268e+02  0.000000000000000000e+00   2.273150444350449470e+04  9.809961711586217127e-09 1.987442187499999946e+01 4.550155312500000377e+02
-1.507697787998417027e+02  0.000000000000000000e+00   2.273152640247629097e+04  8.935743797873876961e-09 1.991429687500000156e+01 4.575206562500000018e+02
-1.507697356461877689e+02  0.000000000000000000e+00   2.273151336929918762e+04  8.027527386605858790e-09 1.984590624999999875e+01 4.544322500000000105e+02
-1.507696932878623670e+02  0.000000000000000000e+00   2.273150057588356503e+04  7.116445121203697452e-09 1.988021875000000094e+01 4.555863125000000196e+02
-1.507697044203106600e+02  0.000000000000000000e+00   2.273150391992381265e+04  6.551962815378156385e-09 1.978446875000000205e+01 4.514667499999999905e+02
-1.507697696655779112e+02  0.000000000000000000e+00   2.273152358082055071e+04  5.974484399057224192e-09 1.984307812500000168e+01 4.541122187500000109e+02
-1.507697598930739389e+02  0.000000000000000000e+00   2.273152062237338032e+04  5.461940569736948413e-09 1.982943750000000094e+01 4.535666249999999877e+02
-1.507697339583091889e+02  0.000000000000000000e+00   2.273151279273647015e+04  5.053651393971769755e-09 1.983385937499999940e+01 4.534242187500000227e+02
-1.507697422364690567e+02  0.000000000000000000e+00   2.273151528254493314e+04  4.772827998038809912e-09 1.986345312499999949e+01 4.548500312500000291e+02
-1.507697413802058577e+02  0.000000000000000000e+00   2.273151501600777556e+04  4.405936813961402947e-09 1.990093750000000128e+01 4.566020624999999882e+02
-1.507697309176374745e+02  0.000000000000000000e+00   2.273151185178570813e+04  3.994846433050636859e-09 1.991810937500000023e+01 4.567282187499999964e+02
-1.507697258119991659e+02  0.000000000000000000e+00   2.273151030978872586e+04  3.887261228756219358e-09 1.988145312500000017e+01 4.552637187500000095e+02
-1.507697056133791591e+02  0.000000000000000000e+00   2.273150421112103140e+04  3.535886379020617619e-09 1.981115624999999980e+01 4.528676250000000323e+02
-1.507697764069226309e+02  0.000000000000000000e+00   2.273152555385747473e+04  3.346191279690261306e-09 1.994289062500000043e+01 4.579477187500000355e+02
-1.507696920428052181e+02  0.000000000000000000e+00   2.273150011046173677e+04  3.157706864025081456e-09 1.984106249999999960e+01 4.543379375000000095e+02
-1.507697301249572206e+02  0.000000000000000000e+00   2.273151158846520775e+04  2.926016317221731870e-09 1.989093749999999972e+01 4.558938125000000241e+02
-1.507697036277980089e+02  0.000000000000000000e+00   2.273150359526202737e+04  2.782393104715255918e-09 1.987345312500000105e+01 4.554204687499999977e+02
-1.507697642706123986e+02  0.000000000000000000e+00   2.273152187874736774e+04  2.662880940706642469e-09 1.986301562499999918e+01 4.543465937500000109e+02
-1.507697380827715392e+02  0.000000000000000000e+00   2.273151397993482169e+04  2.568561423429884751e-09 1.988503125000000082e+01 4.559904999999999973e+02
-1.507697575866669695e+02  0.000000000000000000e+00   2.273151985849680932e+04  2.452739131133972805e-09 1.984448437500000040e+01 4.545547812500000191e+02
-1.507697516278155661e+02  0.000000000000000000e+00   2.273151806011885856e+04  2.384603716076447686e-09 1.985923437499999977e+01 4.547753437499999905e+02
-1.507697147050847377e+02  0.000000000000000000e+00   2.273150692231746143e+04  2.202441610521282225e-09 1.989389062500000094e+01 4.558495937499999968e+02
-1.507696982935046890e+02  0.000000000000000000e+00   2.273150197146166465e+04  2.109285738203050114e-09 1.988815625000000153e+01 4.555510625000000005e+02
-1.507696869510298257e+02  0.000000000000000000e+00   2.273149855130814831e+04  2.111458456315120714e-09 1.988053125000000065e+01 4.553396875000000250e+02
-1.507697061871915309e+02  0.000000000000000000e+00   2.273150434897067680e+04  1.988368896803134590e-09 1.984082812500000159e+01 4.537780312500000264e+02
-1.507697447022582651e+02  0.000000000000000000e+00   2.273151596149935722e+04  1.931909190866827494e-09 1.981718749999999929e+01 4.530925624999999854e+02
-1.507697284159147557e+02  0.000000000000000000e+00   2.273151104913553354e+04  1.870832116313313266e-09 1.989034374999999955e+01 4.563055625000000077e+02
-1.507697820672512989e+02  0.000000000000000000e+00   2.273152722671450465e+04  1.852407652646844052e-09 1.986182812499999883e+01 4.549490312500000186e+02
-1.507697464157791103e+02  0.000000000000000000e+00   2.273151647499217506e+04  1.791074345294882153e-09 1.988695312500000156e+01 4.558762187500000209e+02
-1.507696977552364785e+02  0.000000000000000000e+00   2.273150180012055353e+04  1.711949968629948546e-09 1.986026562500000026e+01 4.546197187500000041e+02
-1.507697241404468684e+02  0.000000000000000000e+00   2.273150975594363626e+04  1.696200031934876704e-09 1.987387500000000173e+01 4.551205625000000055e+02
-1.507697202996426711e+02  0.000000000000000000e+00   2.273150859617294554e+04  1.625077471408125311e-09 1.989529687499999966e+01 4.555467812500000377e+02
-1.507697577342387376e+02  0.000000000000000000e+00   2.273151988388250538e+04  1.611923201561890228e-09 1.985800000000000054e+01 4.549351250000000277e+02
-1.507697290973097211e+02  0.000000000000000000e+00   2.273151124816131050e+04  1.587450470435967360e-09 1.988089062499999926e+01 4.554362812500000359e+02
-1.507697166717316577e+02  0.000000000000000000e+00   2.273150750000311018e+04  1.527785594656826831e-09 1.982171874999999872e+01 4.533728750000000218e+02
-1.507697288747934294e+02  0.000000000000000000e+00   2.273151118006492834e+04  1.543505396312249290e-09 1.982218750000000185e+01 4.530188750000000368e+02
-1.507697535476508222e+02  0.000000000000000000e+00   2.273151861903592362e+04  1.505247209731109771e-09 1.984485937500000219e+01 4.544382187500000327e+02
-1.507697159582202460e+02  0.000000000000000000e+00   2.273150728303336291e+04  1.447812036851463119e-09 1.988676562499999889e+01 4.553931562500000041e+02
-1.507697308033792183e+02  0.000000000000000000e+00   2.273151175762429193e+04  1.368182443882608817e-09 1.988109375000000156e+01 4.555058124999999905e+02
-1.507697268322535251e+02  0.000000000000000000e+00   2.273151056057899405e+04  1.386033994394045256e-09 1.989765625000000071e+01 4.563227499999999850e+02
-1.507697245816435725e+02  0.000000000000000000e+00   2.273150988105046054e+04  1.347284052844436491e-09 1.984484374999999901e+01 4.539657500000000141e+02
-1.507697338477207154e+02  0.000000000000000000e+00   2.273151267532604834e+04  1.355541373553182608e-09 1.987932812500000068e+01 4.553797187499999950e+02
-1.507697342716840581e+02  0.000000000000000000e+00   2.273151280261969077e+04  1.331432277945699891e-09 1.983604687500000097e+01 4.543145312500000159e+02
-1.507697085203660095e+02  0.000000000000000000e+00   2.273150503645174103e+04  1.281728397138419941e-09 1.984337500000000176e+01 4.538403124999999818e+02
-1.507697422811323236e+02  0.000000000000000000e+00   2.273151521625543319e+04  1.264164422489643812e-09 1.993214062499999883e+01 4.571975937500000100e+02
-1.507697296201785377e+02  0.000000000000000000e+00   2.273151139807585787e+04  1.246468717094703899e-09 1.986029687499999952e+01 4.547129687500000159e+02
-1.507697164400875351e+02  0.000000000000000000e+00   2.273150742318479752e+04  1.221229950128108682e-09 1.989745312500000196e+01 4.561761562500000196e+02
-1.507697364402374376e+02  0.000000000000000000e+00   2.273151345355790545e+04  1.200942642901637056e-09 1.988140625000000128e+01 4.553643749999999955e+02
-1.507697371850261732e+02  0.000000000000000000e+00   2.273151367850831957e+04  1.217096870057780613e-09 1.984551562500000088e+01 4.539619062500000268e+02
-1.507697410172190189e+02  0.000000000000000000e+00   2.273151483298277526e+04  1.169454784837469602e-09 1.986770312500000202e+01 4.549529062500000123e+02
-1.507697137163317507e+02  0.000000000000000000e+00   2.273150660024945319e+04  1.150157754089634088e-09 1.986428125000000122e+01 4.550244375000000332e+02
-1.507697317190734907e+02  0.000000000000000000e+00   2.273151202843026476e+04  1.134498726829337809e-09 1.989596875000000153e+01 4.557026250000000118e+02
-1.507697251045898952e+02  0.000000000000000000e+00   2.273151003365870201e+04  1.123774783676007735e-09 1.985768750000000082e+01 4.544341249999999945e+02
-1.507697302875253911e+02  0.000000000000000000e+00   2.273151159618592646e+04  1.109155261197937131e-09 1.990856250000000216e+01 4.570839374999999905e+02
-1.507697224139106709e+02  0.000000000000000000e+00   2.273150922175744927e+04  1.099345009375100239e-09 1.992895312499999960e+01 4.566887187500000209e+02
-1.507697319449755753e+02  0.000000000000000000e+00   2.273151209545366146e+04  1.086327758131918735e-09 1.989170312499999937e+01 4.554861562500000218e+02
-1.507697292990123401e+02  0.000000000000000000e+00   2.273151129724512066e+04  1.071097313474748935e-09 1.983782812500000148e+01 4.536420312500000023e+02
-1.507697249697672817e+02  0.000000000000000000e+00   2.273150999134416270e+04  1.050739490409391161e-09 1.991942187500000117e+01 4.567588437499999827e+02
-1.507697236385038195e+02  0.000000000000000000e+00   2.273150958981800795e+04  1.046441281584256915e-09 1.988892187500000119e+01 4.564784062500000346e+02
-1.507697232707550370e+02  0.000000000000000000e+00   2.273150947808760611e+04  1.009504090134851222e-09 1.986289062500000213e+01 4.548764062500000023e+02
-1.507697395737194199e+02  0.000000000000000000e+00   2.273151439477479289e+04  1.040301079796269208e-09 1.989345312500000063e+01 4.563377187500000218e+02
-1.507697281252961545e+02  0.000000000000000000e+00   2.273151094225126508e+04  1.023933181746473680e-09 1.983948437500000139e+01 4.539442187500000045e+02
-1.507697410719218283e+02  0.000000000000000000e+00   2.273151484573679409e+04  1.004879941533960630e-09 1.989468749999999986e+01 4.561914375000000064e+02
-1.507697309483451704e+02  0.000000000000000000e+00   2.273151179290690561e+04  9.973165285675815442e-10 1.981321875000000077e+01 4.537327500000000100e+02
-1.507697363878700401e+02  0.000000000000000000e+00   2.273151343272336453e+04  9.790611964677600081e-10 1.984198437499999912e+01 4.541160312499999918e+02
-1.507697485762477356e+02  0.000000000000000000e+00   2.273151710796475527e+04  9.774886335822270315e-10 1.987551562500000202e+01 4.552815937500000132e+02
-1.507697302098415832e+02  0.000000000000000000e+00   2.273151156893864390e+04  9.409945126303260955e-10 1.985292187499999983e+01 4.544892187500000205e+02
-1.507697398840927008e+02  0.000000000000000000e+00   2.273151448641913521e+04  9.547169643516945188e-10 1.986331249999999926e+01 4.552638125000000286e+02
-1.507697111368555625e+02  0.000000000000000000e+00   2.273150581740492999e+04  9.288456986548254743e-10 1.992881249999999937e+01 4.574966249999999945e+02
-1.507697366965606989e+02  0.000000000000000000e+00   2.273151352445972589e+04  9.198456266155939934e-10 1.986062499999999886e+01 4.549560000000000173e+02
-1.507697435171712925e+02  0.000000000000000000e+00   2.273151558142433350e+04  9.322175276050293044e-10 1.982424999999999926e+01 4.538485625000000141e+02
-1.507697229888641743e+02  0.000000000000000000e+00   2.273150939077684961e+04  9.079031969237491381e-10 1.993651562500000196e+01 4.580196562500000255e+02
-1.507697320922401900e+02  0.000000000000000000e+00   2.273151213635976455e+04  9.323569047436307133e-10 1.982637499999999875e+01 4.536226250000000277e+02
-1.507697373437873125e+02  0.000000000000000000e+00   2.273151371860893050e+04  8.751866010373274042e-10 1.990873437500000165e+01 4.565289062500000341e+02
-1.507697310055096693e+02  0.000000000000000000e+00   2.273151180720349294e+04  8.679470501370707311e-10 1.984839062500000040e+01 4.542870937499999968e+02
-1.507697310395899706e+02  0.000000000000000000e+00   2.273151181764875946e+04  8.753689611723089710e-10 1.988076562499999866e+01 4.553307187500000168e+02
-1.507697492643691817e+02  0.000000000000000000e+00   2.273151731278112129e+04  8.596157363469212493e-10 1.980845312499999977e+01 4.532469687500000077e+02
-1.507697599483302895e+02  0.000000000000000000e+00   2.273152053437677750e+04  8.578236337004800275e-10 1.981760937499999997e+01 4.535009687500000268e+02
-1.507697147851649220e+02  0.000000000000000000e+00   2.273150691558506151e+04  8.439865009147156766e-10 1.983084374999999966e+01 4.533269999999999982e+02
-1.507697290519685964e+02  0.000000000000000000e+00   2.273151121767564109e+04  8.477930816702537378e-10 1.987464062500000139e+01 4.550805312500000355e+02
-1.507697101435314551e+02  0.000000000000000000e+00   2.273150551529983932e+04  8.154035037257266092e-10 1.991567187500000102e+01 4.562631562500000086e+02
-1.507697307385723207e+02  0.000000000000000000e+00   2.273151172584633605e+04  8.298935728238999983e-10 1.982514062499999952e+01 4.530491562500000100e+02
-1.507697216272591731e+02  0.000000000000000000e+00   2.273150897823618652e+04  8.215452820542809098e-10 1.989503124999999883e+01 4.560601250000000277e+02
-1.507697208029485978e+02  0.000000000000000000e+00   2.273150872915493892e+04  7.987093267984792669e-10 1.986946874999999935e+01 4.552963124999999991e+02
-1.507697434369455891e+02  0.000000000000000000e+00   2.273151555417850250e+04  7.978397432427968660e-10 1.980414062499999872e+01 4.524192812499999832e+02
-1.507697059760237437e+02  0.000000000000000000e+00   2.273150425785032712e+04  7.810164413712351065e-10 1.986260937500000168e+01 4.548067187500000159e+02
-1.507697209378222283e+02  0.000000000000000000e+00   2.273150876959804737e+04  7.887403566411249262e-10 1.986004687500000188e+01 4.550081562500000132e+02
-1.507697080103901044e+02  0.000000000000000000e+00   2.273150487141461417e+04  7.864118914835661295e-10 1.980573437500000011e+01 4.521320937500000241e+02
-1.507697467355954188e+02  0.000000000000000000e+00   2.273151654835501540e+04  7.759900857614374261e-10 1.991873437499999966e+01 4.568485937500000205e+02
-1.507697260463127691e+02  0.000000000000000000e+00   2.273151030926337990e+04  7.559188882417391299e-10 1.988875000000000171e+01 4.560916875000000346e+02
-1.507697516038562355e+02  0.000000000000000000e+00   2.273151801603562853e+04  7.631307273895451403e-10 1.987584375000000136e+01 4.559961875000000191e+02
-1.507697339882493850e+02  0.000000000000000000e+00   2.273151270415079489e+04  7.594440363481375144e-10 1.983923437500000020e+01 4.540759062500000027e+02
-1.507697389994211790e+02  0.000000000000000000e+00   2.273151421467764158e+04  7.357212388490125689e-10 1.990092187500000165e+01 4.559929687499999886e+02
-1.507697226198180545e+02  0.000000000000000000e+00   2.273150927572373985e+04  7.420036573310270905e-10 1.990579687500000006e+01 4.565173437500000091e+02
-1.507697240373336456e+02  0.000000000000000000e+00   2.273150970267789307e+04  7.207682524767971754e-10 1.987135937500000082e+01 4.547995312500000296e+02
-1.507697133062277146e+02  0.000000000000000000e+00   2.273150646679471538e+04  7.193811174855690235e-10 1.986487500000000139e+01 4.545810000000000173e+02
-1.507697293619233108e+02  0.000000000000000000e+00   2.273151130815973011e+04  7.167201189404158592e-10 1.984228124999999920e+01 4.537048750000000155e+02
-1.507697353699551854e+02  0.000000000000000000e+00   2.273151311972488111e+04  7.126039620015569085e-10 1.984754687499999903e+01 4.542540937499999814e+02
-1.507697286696777610e+02  0.000000000000000000e+00   2.273151109939738308e+04  7.157083449177107000e-10 1.988362500000000210e+01 4.556936875000000100e+02
-1.507697342910309999e+02  0.000000000000000000e+00   2.273151279413383600e+04  7.014820683621106906e-10 1.984667187500000196e+01 4.544615312500000073e+02
-1.507697345344255666e+02  0.000000000000000000e+00   2.273151286734819223e+04  6.936202017291969697e-10 1.992764062499999866e+01 4.573058437500000082e+02
-1.507697347885428485e+02  0.000000000000000000e+00   2.273151294412166317e+04  7.000905054219963065e-10 1.986275000000000190e+01 4.548581250000000296e+02
-1.507697132313732027e+02  0.000000000000000000e+00   2.273150644356943667e+04  6.906241053716148452e-10 1.985976562500000142e+01 4.546056562499999814e+02
-1.507697496354390125e+02  0.000000000000000000e+00   2.273151742040720637e+04  6.719412049907181540e-10 1.986940625000000082e+01 4.552528125000000045e+02
-1.507697122510197971e+02  0.000000000000000000e+00   2.273150614755252172e+04  6.729520387104586430e-10 1.995645312499999946e+01 4.581272187499999973e+02
-1.507697359913226762e+02  0.000000000000000000e+00   2.273151330641887034e+04  6.830046551132690198e-10 1.983324999999999960e+01 4.539189375000000268e+02
-1.507697056682127084e+02  0.000000000000000000e+00   2.273150416234871591e+04  6.629224710852386954e-10 1.987706250000000097e+01 4.550944999999999823e+02
-1.507697418531170968e+02  0.000000000000000000e+00   2.273151507357521041e+04  6.651400037448630861e-10 1.985415624999999906e+01 4.543383749999999850e+02
-1.507697092322926551e+02  0.000000000000000000e+00   2.273150523690170667e+04  6.559897723098429604e-10 1.988935937500000151e+01 4.555402187500000082e+02
-1.507697167684862904e+02  0.000000000000000000e+00   2.273150750904514280e+04  6.420853231857583709e-10 1.986275000000000190e+01 4.549114999999999895e+02
-1.507697402713542658e+02  0.000000000000000000e+00   2.273151459616549982e+04  6.455300097708186368e-10 1.984012500000000045e+01 4.538411250000000337e+02
-1.507697170975307301e+02  0.000000000000000000e+00   2.273150760808655832e+04  6.342346570838584689e-10 1.982662499999999994e+01 4.533064375000000155e+02
-1.507697405650977771e+02  0.000000000000000000e+00   2.273151468442412079e+04  6.316001815493225699e-10 1.987650000000000006e+01 4.556235000000000355e+02
-1.507697255932409064e+02  0.000000000000000000e+00   2.273151016961790083e+04  6.227804348953652385e-10 1.983728125000000020e+01 4.539011874999999918e+02
-1.507697332746699601e+02  0.000000000000000000e+00   2.273151248665328603e+04  6.571565836141426568e-10 1.989100000000000179e+01 4.555300624999999854e+02
-1.507697180156206684e+02  0.000000000000000000e+00   2.273150788449572428e+04  6.152672012362697358e-10 1.986559375000000216e+01 4.548750000000000000e+02
-1.507697121462471443e+02  0.000000000000000000e+00   2.273150611446055700e+04  6.070136014404903334e-10 1.983509375000000219e+01 4.535983125000000200e+02
-1.507697158909056725e+02  0.000000000000000000e+00   2.273150724358741718e+04  6.054592506781737081e-10 1.982960937500000043e+01 4.532139687499999923e+02
-1.507697080337379703e+02  0.000000000000000000e+00   2.273150487429623900e+04  6.034640793252703051e-10 1.985787499999999994e+01 4.542603750000000105e+02
-1.507697367046397403e+02  0.000000000000000000e+00   2.273151351988814713e+04  6.115630550599457453e-10 1.994439062500000048e+01 4.577005937499999959e+02
-1.507697367036243179e+02  0.000000000000000000e+00   2.273151351945583883e+04  6.060149066233412193e-10 1.981806249999999991e+01 4.529901874999999905e+02
-1.507697334366070550e+02  0.000000000000000000e+00   2.273151253418538545e+04  6.000409145371527117e-10 1.993564062500000134e+01 4.577735312500000191e+02
-1.507697332732964526e+02  0.000000000000000000e+00   2.273151248474724707e+04  5.915264032748474536e-10 1.984279687500000122e+01 4.540551562499999818e+02
-1.507697348742999566e+02  0.000000000000000000e+00   2.273151296722760890e+04  5.789719581014153137e-10 1.983962500000000162e+01 4.536918749999999818e+02
-1.507697210617617429e+02  0.000000000000000000e+00   2.273150880248108660e+04  5.912341037540152790e-10 1.987031250000000071e+01 4.549197500000000218e+02
-1.507697158193345217e+02  0.000000000000000000e+00   2.273150722126912660e+04  5.730476974892010861e-10 1.985076562500000108e+01 4.538064062500000091e+02
-1.507697170989735014e+02  0.000000000000000000e+00   2.273150760728199020e+04  5.797014025794413572e-10 1.986764062499999994e+01 4.551854687499999841e+02
-1.507697404121222462e+02  0.000000000000000000e+00   2.273151463706647701e+04  5.775131400602806137e-10 1.983757812500000028e+01 4.533372187500000337e+02
-1.507697186705361219e+02  0.000000000000000000e+00   2.273150808096753099e+04  5.707902940825226164e-10 1.985435937500000136e+01 4.542998437500000364e+02
-1.507697281555823281e+02  0.000000000000000000e+00   2.273151094114152147e+04  5.733595240570518694e-10 1.989018749999999969e+01 4.556836250000000064e+02
-1.507697262591349272e+02  0.000000000000000000e+00   2.273151036903987188e+04  5.624524087841362541e-10 1.989973437500000131e+01 4.560867187499999886e+02
-1.507697124998983895e+02  0.000000000000000000e+00   2.273150621984550526e+04  5.518107281579425243e-10 1.984257812499999929e+01 4.542941562500000146e+02
-1.507697387349382723e+02  0.000000000000000000e+00   2.273151413096254691e+04  5.613792394523052132e-10 1.988634375000000176e+01 4.557713125000000218e+02
-1.507697376115589805e+02  0.000000000000000000e+00   2.273151379233665648e+04  5.665400964851395097e-10 1.984965624999999889e+01 4.541840000000000259e+02
-1.507697363741507957e+02  0.000000000000000000e+00   2.273151341902910281e+04  5.586153454147180897e-10 1.986862500000000153e+01 4.550602499999999964e+02
-1.507697272692057027e+02  0.000000000000000000e+00   2.273151067331172453e+04  5.490639925483384861e-10 1.989685937500000179e+01 4.561912187500000186e+02
-1.507697315948163066e+02  0.000000000000000000e+00   2.273151197727470571e+04  5.323779038642818979e-10 1.986998437500000136e+01 4.548502812500000232e+02
-1.507697242420579755e+02  0.000000000000000000e+00   2.273150976028855439e+04  5.394428159004979505e-10 1.987867187500000199e+01 4.558064687500000218e+02
-1.507697217430100238e+02  0.000000000000000000e+00   2.273150900681601343e+04  5.433579225519267518e-10 1.984731250000000102e+01 4.544000624999999900e+02
-1.507697399276751753e+02  0.000000000000000000e+00   2.273151449003679227e+04  5.357311882361087880e-10 1.977284374999999983e+01 4.516346874999999841e+02
-1.507697281026422047e+02  0.000000000000000000e+00   2.273151092421298745e+04  5.309074697695246097e-10 1.985306250000000006e+01 4.546578749999999900e+02
-1.507697427045483494e+02  0.000000000000000000e+00   2.273151532736411536e+04  5.353099400845895850e-10 1.975692187499999974e+01 4.506175937500000259e+02
-1.507697267211458723e+02  0.000000000000000000e+00   2.273151050735039462e+04  5.182843878443987633e-10 1.983907812500000034e+01 4.534891562500000077e+02
-1.507697228530153382e+02  0.000000000000000000e+00   2.273150934084544133e+04  5.134012363021586040e-10 1.984717187500000080e+01 4.541087812499999927e+02
-1.507697172046004823e+02  0.000000000000000000e+00   2.273150763767685203e+04  5.156564159694928086e-10 1.987384374999999892e+01 4.547448750000000359e+02
-1.507697194465926316e+02  0.000000000000000000e+00   2.273150831360154552e+04  5.101858709207036997e-10 1.989851562500000171e+01 4.560881562499999973e+02
-1.507697283732013034e+02  0.000000000000000000e+00   2.273151100561017665e+04  5.226786283304525619e-10 1.982332812499999974e+01 4.536315312500000232e+02
-1.507697300056038330e+02  0.000000000000000000e+00   2.273151149755572260e+04  5.099988713162159205e-10 1.988057812499999955e+01 4.551800937500000259e+02
-1.507697240032825619e+02  0.000000000000000000e+00   2.273150968746812214e+04  5.033596014262047361e-10 1.982796875000000014e+01 4.541348125000000095e+02
-1.507697229513625246e+02  0.000000000000000000e+00   2.273150937006706226e+04  4.943116772893199924e-10 1.989278124999999875e+01 4.557816250000000196e+02
-1.507697275525462430e+02  0.000000000000000000e+00   2.273151075788609160e+04  5.110558001562362159e-10 1.983553124999999895e+01 4.532793125000000032e+02
-1.507697199074687830e+02  0.000000000000000000e+00   2.273150845212084823e+04  4.902560921756473196e-10 1.989571875000000034e+01 4.558845625000000155e+02
-1.507697352123784640e+02  0.000000000000000000e+00   2.273151306723304151e+04  4.936903169226068353e-10 1.985096874999999983e+01 4.547820624999999950e+02
-1.507697432455306057e+02  0.000000000000000000e+00   2.273151548958065541e+04  4.952346618058012776e-10 1.980289062499999986e+01 4.527981562500000337e+02
-1.507697365572801118e+02  0.000000000000000000e+00   2.273151347280783739e+04  4.951799716515826334e-10 1.995520312500000060e+01 4.585957187500000032e+02
-1.507697286317603869e+02  0.000000000000000000e+00   2.273151108277393359e+04  4.873967389681959424e-10 1.984923437500000176e+01 4.537865312499999959e+02
-1.507697219410605953e+02  0.000000000000000000e+00   2.273150906518438569e+04  4.838947598985590968e-10 1.983507812499999901e+01 4.534025312499999814e+02
-1.507697266782257941e+02  0.000000000000000000e+00   2.273151049349204550e+04  4.779767250347017032e-10 1.989260937499999926e+01 4.560112812500000246e+02
-1.507697430785386530e+02  0.000000000000000000e+00   2.273151543881541511e+04  4.771727341453069473e-10 1.983437500000000142e+01 4.541990000000000123e+02
-1.507697401062725646e+02  0.000000000000000000e+00   2.273151454264018685e+04  4.807075828888369494e-10 1.985851562499999901e+01 4.549684062499999868e+02
-1.507697220715760977e+02  0.000000000000000000e+00   2.273150910428649513e+04  4.727443660796252466e-10 1.985639062499999952e+01 4.544553437499999973e+02
-1.507697312050572975e+02  0.000000000000000000e+00   2.273151185824811546e+04  4.664399652057612223e-10 1.987587500000000063e+01 4.550543125000000373e+02
-1.507697483593842094e+02  0.000000000000000000e+00   2.273151703102541069e+04  4.695406569267366384e-10 1.990998437500000051e+01 4.566919062499999882e+02
-1.507697353263135369e+02  0.000000000000000000e+00   2.273151310091322011e+04  4.639631419758399001e-10 1.990581249999999969e+01 4.569470625000000155e+02
-1.507697184295124089e+02  0.000000000000000000e+00   2.273150800564557721e+04  4.544848033201731590e-10 1.986218750000000099e+01 4.547995625000000359e+02
-1.507697313944037205e+02  0.000000000000000000e+00   2.273151191522346562e+04  4.611579637408345183e-10 1.983112500000000011e+01 4.536362500000000182e+02
-1.507697142525993570e+02  0.000000000000000000e+00   2.273150674616676770e+04  4.555926340513600408e-10 1.988314062499999935e+01 4.557557812499999841e+02
-1.507697272463080651e+02  0.000000000000000000e+00   2.273151066420883581e+04  4.523547615038002417e-10 1.985500000000000043e+01 4.547254374999999982e+02
-1.507697318881648698e+02  0.000000000000000000e+00   2.273151206410295345e+04  4.607628189605566931e-10 1.986121874999999903e+01 4.546051874999999995e+02
-1.507697049717317839e+02  0.000000000000000000e+00   2.273150394739443436e+04  4.456981384926144575e-10 1.989967187499999923e+01 4.558641562500000077e+02
-1.507697372278974228e+02  0.000000000000000000e+00   2.273151367384065088e+04  4.430595085013782284e-10 1.992473437499999989e+01 4.581260312499999827e+02
-1.507697258193504695e+02  0.000000000000000000e+00   2.273151023363712375e+04  4.396983896855221698e-10 1.990357812499999923e+01 4.559524687500000368e+02
-1.507697264652388469e+02  0.000000000000000000e+00   2.273151042850121303e+04  4.442409960906324627e-10 1.986578125000000128e+01 4.550202500000000327e+02
-1.507697329168778140e+02  0.000000000000000000e+00   2.273151237376904101e+04  4.373827119799209220e-10 1.985189062499999935e+01 4.544030937499999823e+02
-1.507697301820871871e+02  0.000000000000000000e+00   2.273151154915559164e+04  4.388717513449148654e-10 1.979640625000000043e+01 4.518829375000000255e+02
-1.507697308459425471e+02  0.000000000000000000e+00   2.273151174944648665e+04  4.438123798956570020e-10 1.982803124999999866e+01 4.533629374999999868e+02
-1.507697299223151219e+02  0.000000000000000000e+00   2.273151147061493612e+04  4.296719434161919620e-10 1.986298437499999991e+01 4.548354687500000182e+02
-1.507697271873171587e+02  0.000000000000000000e+00   2.273151064596397191e+04  4.322603057359499099e-10 1.987284375000000125e+01 4.552418749999999932e+02
-1.507697446164625319e+02  0.000000000000000000e+00   2.273151590166568712e+04  4.378217971187022437e-10 1.991429687500000156e+01 4.572550937500000146e+02
-1.507697290073923853e+02  0.000000000000000000e+00   2.273151119463585201e+04  4.255465660751438156e-10 1.990351562500000071e+01 4.560150937500000055e+02
-1.507697216835900633e+02  0.000000000000000000e+00   2.273150898617913481e+04  4.237258182687652463e-10 1.983464062499999869e+01 4.536115937499999973e+02
-1.507697208253649421e+02  0.000000000000000000e+00   2.273150872719589825e+04  4.151688981963482722e-10 1.986832812500000145e+01 4.541156562500000291e+02
-1.507697334819867194e+02  0.000000000000000000e+00   2.273151254378281010e+04  4.202757435538450863e-10 1.986343749999999986e+01 4.545526250000000346e+02
-1.507697286341854124e+02  0.000000000000000000e+00   2.273151108202227260e+04  4.221612162155744314e-10 1.983967187500000051e+01 4.539570937500000127e+02
-1.507697412189059492e+02  0.000000000000000000e+00   2.273151487677680416e+04  4.206026645817060417e-10 1.988578125000000085e+01 4.561504375000000095e+02
-1.507697353416549504e+02  0.000000000000000000e+00   2.273151310456726424e+04  4.212031719843131392e-10 1.981742187500000085e+01 4.529842812500000377e+02
-1.507697401562156188e+02  0.000000000000000000e+00   2.273151455617706961e+04  4.137116166326472886e-10 1.986540624999999949e+01 4.556108125000000086e+02
-1.507697350535481178e+02  0.000000000000000000e+00   2.273151301751924257e+04  4.136172203231852427e-10 1.985295312499999909e+01 4.542197187500000268e+02
-1.507697353931955888e+02  0.000000000000000000e+00   2.273151311990062823e+04  4.120452937193121555e-10 1.989789062499999872e+01 4.562665312500000141e+02
-1.507697226715302179e+02  0.000000000000000000e+00   2.273150928362786726e+04  4.037449846666842846e-10 1.980518749999999883e+01 4.525285625000000209e+02
-1.507697373961054268e+02  0.000000000000000000e+00   2.273151372373203412e+04  4.065475473567841109e-10 1.989539062500000099e+01 4.560374687500000164e+02
-1.507697287287497545e+02  0.000000000000000000e+00   2.273151111022782425e+04  4.085533907307275333e-10 1.984262500000000173e+01 4.537826249999999959e+02
-1.507697280499592409e+02  0.000000000000000000e+00   2.273151090546360138e+04  4.049415840862169669e-10 1.980628125000000139e+01 4.522973749999999882e+02
-1.507697271029774413e+02  0.000000000000000000e+00   2.273151061985871638e+04  4.026317141708408986e-10 1.983026562499999912e+01 4.534575937500000009e+02
-1.507697276346719093e+02  0.000000000000000000e+00   2.273151078017222244e+04  4.020441999977604438e-10 1.985106250000000117e+01 4.546410625000000323e+02
-1.507697306058459787e+02  0.000000000000000000e+00   2.273151167612238351e+04  4.030974154054417984e-10 1.981431249999999977e+01 4.530286250000000337e+02
-1.507697348193302673e+02  0.000000000000000000e+00   2.273151294655374659e+04  3.986789751841303490e-10 1.982246874999999875e+01 4.534536875000000009e+02
-1.507697262325584973e+02  0.000000000000000000e+00   2.273151035723801033e+04  3.958106016849271887e-10 1.983375000000000199e+01 4.539318125000000350e+02
-1.507697218407500941e+02  0.000000000000000000e+00   2.273150903285704408e+04  3.924019064523628063e-10 1.983242187500000142e+01 4.542221562500000118e+02
-1.507697348070484225e+02  0.000000000000000000e+00   2.273151294268066704e+04  3.912172139313966659e-10 1.990092187500000165e+01 4.563297812499999964e+02
-1.507697242882614717e+02  0.000000000000000000e+00   2.273150977084145052e+04  3.907822764535531228e-10 1.983060937500000165e+01 4.534690312500000005e+02
-1.507697193061531493e+02  0.000000000000000000e+00   2.273150826845159099e+04  3.869246681905454743e-10 1.991026562500000097e+01 4.559874062499999923e+02
-1.507697361807001073e+02  0.000000000000000000e+00   2.273151335683326397e+04  3.886829543080032680e-10 1.984540624999999991e+01 4.543909375000000068e+02
-1.507697353648516696e+02  0.000000000000000000e+00   2.273151311082259781e+04  3.886760767425763005e-10 1.983846875000000054e+01 4.538746874999999932e+02
-1.507697426638378033e+02  0.000000000000000000e+00   2.273151531156490819e+04  3.803105259580730158e-10 1.990214062500000125e+01 4.567009687500000155e+02
-1.507697241362020293e+02  0.000000000000000000e+00   2.273150972487264153e+04  3.856399924349195922e-10 1.991485937499999892e+01 4.566715937499999995e+02
-1.507697277456538245e+02  0.000000000000000000e+00   2.273151081300244914e+04  3.741006816547252986e-10 1.990604687500000125e+01 4.564735312500000077e+02
-1.507697305483499974e+02  0.000000000000000000e+00   2.273151165812614636e+04  3.741099501368564617e-10 1.977848437500000145e+01 4.511209687500000314e+02
-1.507697296788624612e+02  0.000000000000000000e+00   2.273151139601175964e+04  3.772075522582938325e-10 1.983307812500000011e+01 4.533714062500000068e+02
-1.507697116706282259e+02  0.000000000000000000e+00   2.273150596568661422e+04  3.713896625191281304e-10 1.986654687500000094e+01 4.544997187499999995e+02
-1.507697336647236455e+02  0.000000000000000000e+00   2.273151259796250088e+04  3.796843300984677671e-10 1.986528124999999889e+01 4.546583125000000223e+02
-1.507697223554730783e+02  0.000000000000000000e+00   2.273150918753521182e+04  3.690371637631008918e-10 1.987865624999999881e+01 4.554863750000000095e+02
-1.507697361225405643e+02  0.000000000000000000e+00   2.273151333892635012e+04  3.724274092755715219e-10 1.989615625000000065e+01 4.564489374999999995e+02
-1.507697199663477932e+02  0.000000000000000000e+00   2.273150846711701888e+04  3.689190650234412911e-10 1.984659375000000026e+01 4.541899999999999977e+02
-1.507697339699104191e+02  0.000000000000000000e+00   2.273151268971901300e+04  3.678353574560831121e-10 1.990615624999999866e+01 4.568108124999999973e+02
-1.507697399471275048e+02  0.000000000000000000e+00   2.273151449215623143e+04  3.709289246452451366e-10 1.988962499999999878e+01 4.565971250000000055e+02
-1.507697194477183018e+02  0.000000000000000000e+00   2.273150831053498405e+04  3.603499793744352167e-10 1.989565625000000182e+01 4.565391250000000127e+02
-1.507697396158430649e+02  0.000000000000000000e+00   2.273151439205211500e+04  3.617443219311101076e-10 1.987929687500000142e+01 4.562159062499999891e+02
-1.507697217213167562e+02  0.000000000000000000e+00   2.273150899627739273e+04  3.675118138419687268e-10 1.986128125000000111e+01 4.547745625000000018e+02
-1.507697324809336692e+02  0.000000000000000000e+00   2.273151224055765852e+04  3.600884097306852894e-10 1.990245312500000097e+01 4.565084062500000073e+02
-1.507697325007521556e+02  0.000000000000000000e+00   2.273151224647768686e+04  3.576236149043469289e-10 1.988554687499999929e+01 4.560349687500000186e+02
-1.507697320506631513e+02  0.000000000000000000e+00   2.273151211085402247e+04  3.618439038691293183e-10 1.982529687499999937e+01 4.535473437499999818e+02
-1.507697210722940042e+02  0.000000000000000000e+00   2.273150880026355298e+04  3.539676870813851463e-10 1.992207812499999875e+01 4.573318437500000186e+02
-1.507697174285846700e+02  0.000000000000000000e+00   2.273150770145561546e+04  3.501900906276727088e-10 1.985267187500000219e+01 4.541934062500000095e+02
-1.507697300237446996e+02  0.000000000000000000e+00   2.273151149947444719e+04  3.537637525371705948e-10 1.980281250000000171e+01 4.526872500000000059e+02
-1.507697379828334192e+02  0.000000000000000000e+00   2.273151389947644930e+04  3.547588513812176758e-10 1.986648437499999886e+01 4.551550312500000359e+02
-1.507697294441756242e+02  0.000000000000000000e+00   2.273151132463807517e+04  3.505334832693416956e-10 1.984696875000000205e+01 4.543142500000000155e+02
-1.507697224315534186e+02  0.000000000000000000e+00   2.273150921017767905e+04  3.558944171276991174e-10 1.983081250000000040e+01 4.536176250000000323e+02
-1.507697396341228284e+02  0.000000000000000000e+00   2.273151439725861201e+04  3.483016613735314721e-10 1.982837500000000119e+01 4.535298750000000041e+02
-1.507697311770278645e+02  0.000000000000000000e+00   2.273151184705908599e+04  3.460323159983218174e-10 1.987201562499999952e+01 4.551018437500000005e+02
-1.507697214617876114e+02  0.000000000000000000e+00   2.273150891746574052e+04  3.431677824904291183e-10 1.981178124999999923e+01 4.528980000000000246e+02
-1.507697232511226559e+02  0.000000000000000000e+00   2.273150945705908816e+04  3.448504478719463959e-10 1.984154687499999881e+01 4.539359062500000164e+02
-1.507697424894925575e+02  0.000000000000000000e+00   2.273151525811108149e+04  3.415163817440983061e-10 1.985853125000000219e+01 4.553116249999999923e+02
-1.507697254294566562e+02  0.000000000000000000e+00   2.273151011395913520e+04  3.468922439025675912e-10 1.990689062499999906e+01 4.568277187500000309e+02
-1.507697386355345941e+02  0.000000000000000000e+00   2.273151409593537392e+04  3.390869737779536398e-10 1.984804687500000142e+01 4.543165937499999814e+02
-1.507697114291707692e+02  0.000000000000000000e+00   2.273150589217254310e+04  3.403696667991403636e-10 1.988117187499999972e+01 4.550992187500000341e+02
-1.507697215743563390e+02  0.000000000000000000e+00   2.273150895130384015e+04  3.385128225626027479e-10 1.984600000000000009e+01 4.540036249999999995e+02
-1.507697216139195859e+02  0.000000000000000000e+00   2.273150896321525579e+04  3.377006131082933413e-10 1.978165625000000105e+01 4.519194375000000150e+02
-1.507697431768424394e+02  0.000000000000000000e+00   2.273151546527296159e+04  3.370621122022570350e-10 1.977842187499999937e+01 4.516634687499999927e+02
-1.507697333442038996e+02  0.000000000000000000e+00   2.273151250029933362e+04  3.350848469933993130e-10 1.987314062500000134e+01 4.554021562500000186e+02
-1.507697336345373174e+02  0.000000000000000000e+00   2.273151258785093523e+04  3.352879379999585102e-10 1.990357812499999923e+01 4.572099062500000173e+02
-1.507697260230292216e+02  0.000000000000000000e+00   2.273151029249516796e+04  3.271173870701464420e-10 1.982132812500000085e+01 4.531529062500000009e+02
-1.507697520615290330e+02  0.000000000000000000e+00   2.273151814425094926e+04  3.324024737500776438e-10 1.985646875000000122e+01 4.552178749999999923e+02
-1.507697387392973383e+02  0.000000000000000000e+00   2.273151412700080255e+04  3.292708462833516247e-10 1.986115625000000051e+01 4.546146249999999895e+02
-1.507697330298536826e+02  0.000000000000000000e+00   2.273151240523902015e+04  3.231491348004490249e-10 1.990637500000000060e+01 4.560224375000000236e+02
-1.507697379479161555e+02  0.000000000000000000e+00   2.273151388837408740e+04  3.295328371878377256e-10 1.989792187500000153e+01 4.559170937499999923e+02
-1.507697288227928141e+02  0.000000000000000000e+00   2.273151113671124403e+04  3.261006330411113294e-10 1.989784374999999983e+01 4.561348750000000223e+02
-1.507697371890418765e+02  0.000000000000000000e+00   2.273151365939668176e+04  3.230724572348542750e-10 1.986321875000000148e+01 4.546233750000000100e+02
-1.507697320268649435e+02  0.000000000000000000e+00   2.273151210275274207e+04  3.211435025976468404e-10 1.993660937499999974e+01 4.575050937500000146e+02
-1.507697307523031043e+02  0.000000000000000000e+00   2.273151171834458000e+04  3.177354303032816273e-10 1.993345312499999977e+01 4.574825312500000223e+02
-1.507697363479008743e+02  0.000000000000000000e+00   2.273151340582604826e+04  3.260013749415136107e-10 1.977582812500000031e+01 4.515341562500000236e+02
-1.507697296442183017e+02  0.000000000000000000e+00   2.273151138443309901e+04  3.274054455522433393e-10 1.979190625000000026e+01 4.524925000000000068e+02
-1.507697338383434555e+02  0.000000000000000000e+00   2.273151264896181965e+04  3.201235522440561862e-10 1.985656249999999901e+01 4.544150625000000332e+02
-1.507697169069621737e+02  0.000000000000000000e+00   2.273150754342021173e+04  3.173875589887572924e-10 1.986903124999999903e+01 4.550579375000000368e+02
-1.507697211538293800e+02  0.000000000000000000e+00   2.273150882396537418e+04  3.150651827074018627e-10 1.983609374999999986e+01 4.537538749999999936e+02
-1.507697274005739985e+02  0.000000000000000000e+00   2.273151070761984374e+04  3.157048413739199670e-10 1.983392187500000148e+01 4.535207812500000273e+02
-1.507697299814066980e+02  0.000000000000000000e+00   2.273151148573188402e+04  3.108283746222544798e-10 1.994532812499999963e+01 4.583290312500000141e+02
-1.507697215204911458e+02  0.000000000000000000e+00   2.273150893451393495e+04  3.144306176703532245e-10 1.984224999999999994e+01 4.534706249999999841e+02
-1.507697398079679942e+02  0.000000000000000000e+00   2.273151444889008781e+04  3.135610375636477955e-10 1.985773437499999972e+01 4.545757812500000341e+02
-1.507697373424725811e+02  0.000000000000000000e+00   2.273151370536394825e+04  3.099562797537065135e-10 1.984192187500000060e+01 4.541445937500000127e+02
-1.507697141901546729e+02  0.000000000000000000e+00   2.273150672403199860e+04  3.101893950116796191e-10 1.989526562500000040e+01 4.561478437499999927e+02
-1.507697299497845904e+02  0.000000000000000000e+00   2.273151147629729530e+04  3.152594359853572645e-10 1.983695312500000085e+01 4.539173437499999864e+02
-1.507697257220873155e+02  0.000000000000000000e+00   2.273151020133592101e+04  3.089317435906602243e-10 1.976667187500000011e+01 4.513540312499999914e+02
-1.507697280734406888e+02  0.000000000000000000e+00   2.273151091036669459e+04  3.091498701417095348e-10 1.983589062500000111e+01 4.530422187500000177e+02
-1.507697353952723631e+02  0.000000000000000000e+00   2.273151311823858487e+04  3.113801743832298555e-10 1.979884374999999963e+01 4.528656875000000355e+02
-1.507697310770120964e+02  0.000000000000000000e+00   2.273151181596714741e+04  3.049775833051266334e-10 1.985585937500000142e+01 4.543161562500000059e+02
-1.507697312128431406e+02  0.000000000000000000e+00   2.273151185687013640e+04  3.025390347413154597e-10 1.984834375000000151e+01 4.539184374999999818e+02
-1.507697229248722692e+02  0.000000000000000000e+00   2.273150935776916231e+04  3.047050660639933890e-10 1.980864062499999889e+01 4.529212187500000368e+02
-1.507697259496043216e+02  0.000000000000000000e+00   2.273151026978057052e+04  3.018620814714216415e-10 1.985065625000000011e+01 4.542035000000000196e+02
-1.507697308508740264e+02  0.000000000000000000e+00   2.273151174771686783e+04  3.023060161817937113e-10 1.988445312500000028e+01 4.557934062500000323e+02
-1.507697359738041314e+02  0.000000000000000000e+00   2.273151329229935436e+04  2.942500014368170070e-10 1.986882812500000028e+01 4.552427187499999945e+02
-1.507697501056369731e+02  0.000000000000000000e+00   2.273151755371271793e+04  2.989900458353871358e-10 1.991142187500000205e+01 4.566403437499999995e+02
-1.507697195048975800e+02  0.000000000000000000e+00   2.273150832657874707e+04  3.076458376955892694e-10 1.983723437500000131e+01 4.538413437500000214e+02
-1.507697276248684091e+02  0.000000000000000000e+00   2.273151077478466686e+04  2.950819283076910821e-10 1.980574999999999974e+01 4.529055625000000305e+02
-1.507697325298143483e+02  0.000000000000000000e+00   2.273151225390135005e+04  2.986863573208688028e-10 1.990270312500000216e+01 4.568529062499999895e+02
-1.507697263487416421e+02  0.000000000000000000e+00   2.273151038999063894e+04  2.954577101032386702e-10 1.981501562500000091e+01 4.533316562500000373e+02
-1.507697188139106004e+02  0.000000000000000000e+00   2.273150811780869481e+04  2.895992699035624429e-10 1.984340625000000102e+01 4.540463124999999991e+02
-1.507697231261709589e+02  0.000000000000000000e+00   2.273150941821313245e+04  2.934640890869781598e-10 1.989124999999999943e+01 4.561761875000000259e+02
-1.507697292241055322e+02  0.000000000000000000e+00   2.273151125695207884e+04  2.921925378506175978e-10 1.986679687500000213e+01 4.551070937499999900e+02
-1.507697351714047329e+02  0.000000000000000000e+00   2.273151305022833913e+04  2.891501314348130556e-10 1.984625000000000128e+01 4.542178125000000364e+02
-1.507697428014658385e+02  0.000000000000000000e+00   2.273151535101762784e+04  2.902343812429851366e-10 1.980828125000000028e+01 4.531443750000000250e+02
-1.507697286815570976e+02  0.000000000000000000e+00   2.273151109333331260e+04  2.913564846109925412e-10 1.980739062500000003e+01 4.525560312499999895e+02
-1.507697319818630604e+02  0.000000000000000000e+00   2.273151208846660302e+04  2.896323478488810789e-10 1.983031250000000156e+01 4.534358124999999973e+02
-1.507697305969494437e+02  0.000000000000000000e+00   2.273151167079529114e+04  2.867639344248087977e-10 1.983967187500000051e+01 4.537310937500000136e+02
-1.507697346603536346e+02  0.000000000000000000e+00   2.273151289613886911e+04  2.897048362257032275e-10 1.990548437500000034e+01 4.565920937500000036e+02
-1.507697237790828240e+02  0.000000000000000000e+00   2.273150961480043770e+04  2.806459041361080936e-10 1.986646874999999923e+01 4.554392500000000155e+02
-1.507697428905471213e+02  0.000000000000000000e+00   2.273151537768739217e+04  2.817986096903238036e-10 1.989267187500000134e+01 4.559846562500000005e+02
-1.507697214010870539e+02  0.000000000000000000e+00   2.273150889768196794e+04  2.780527648221627328e-10 1.984118750000000020e+01 4.538795625000000200e+02
-1.507697152521667761e+02  0.000000000000000000e+00   2.273150704368589504e+04  2.844706016797725092e-10 1.987389062500000136e+01 4.549807187499999941e+02
-1.507697370117317348e+02  0.000000000000000000e+00   2.273151360496751659e+04  2.807013891708770237e-10 1.990420312499999866e+01 4.565610937499999977e+02
-1.507697382524159195e+02  0.000000000000000000e+00   2.273151397914241898e+04  2.833252600489550523e-10 1.990846875000000082e+01 4.562945624999999836e+02
-1.507697288768943622e+02  0.000000000000000000e+00   2.273151115199483684e+04  2.807822402783622374e-10 1.983523437499999886e+01 4.537140312500000050e+02
-1.507697442021127188e+02  0.000000000000000000e+00   2.273151577314883980e+04  2.805944548828044856e-10 1.986360937499999935e+01 4.551061562500000264e+02
-1.507697498452880325e+02  0.000000000000000000e+00   2.273151747477949539e+04  2.801733655417355476e-10 1.980424999999999969e+01 4.529593750000000227e+02
-1.507697165084929338e+02  0.000000000000000000e+00   2.273150742230835749e+04  2.752581426023212451e-10 1.986760937500000068e+01 4.551645937499999945e+02
-1.507697346187647724e+02  0.000000000000000000e+00   2.273151288320243111e+04  2.722949134872226511e-10 1.988270312499999903e+01 4.551962812500000268e+02
-1.507697289540271584e+02  0.000000000000000000e+00   2.273151117519321269e+04  2.781335577802793216e-10 1.985559375000000060e+01 4.548843750000000341e+02
-1.507697185878273842e+02  0.000000000000000000e+00   2.273150804923874966e+04  2.721371707261943819e-10 1.991732812500000094e+01 4.569765312499999936e+02
-1.507697386786874176e+02  0.000000000000000000e+00   2.273151410742869120e+04  2.722651311592232150e-10 1.984129687500000117e+01 4.544187812499999950e+02
-1.507697410303528329e+02  0.000000000000000000e+00   2.273151481659207639e+04  2.741752143347716973e-10 1.985075000000000145e+01 4.541444999999999936e+02
-1.507697328934887935e+02  0.000000000000000000e+00   2.273151236289661756e+04  2.693468005374440272e-10 1.991915625000000034e+01 4.569678125000000364e+02
-1.507697292466940837e+02  0.000000000000000000e+00   2.273151126322377604e+04  2.684526632679315877e-10 1.994590625000000017e+01 4.578949999999999818e+02
-1.507697324792669633e+02  0.000000000000000000e+00   2.273151223806899361e+04  2.727167898545685019e-10 1.987292187499999940e+01 4.549079062499999964e+02
-1.507697238422701957e+02  0.000000000000000000e+00   2.273150963353641055e+04  2.666779852914192682e-10 1.992957812499999903e+01 4.573752187499999877e+02
-1.507697218488063982e+02  0.000000000000000000e+00   2.273150903249244948e+04  2.694937578545162261e-10 1.984239062500000017e+01 4.538336562499999900e+02
-1.507697226982956806e+02  0.000000000000000000e+00   2.273150928858764382e+04  2.668836423245928931e-10 1.987803124999999937e+01 4.554404999999999859e+02
-1.507697216317968980e+02  0.000000000000000000e+00   2.273150896696926065e+04  2.656988608247068888e-10 1.984371875000000074e+01 4.538748125000000186e+02
-1.507697354244780570e+02  0.000000000000000000e+00   2.273151312602643884e+04  2.665606341136760186e-10 1.984682812500000182e+01 4.539997187499999995e+02
-1.507697259099677751e+02  0.000000000000000000e+00   2.273151025692312760e+04  2.620292604370382253e-10 1.987345312500000105e+01 4.556062812499999950e+02
-1.507697315844431216e+02  0.000000000000000000e+00   2.273151196806613734e+04  2.648795747632443530e-10 1.982840625000000045e+01 4.538993750000000205e+02
-1.507697393031921251e+02  0.000000000000000000e+00   2.273151429561827536e+04  2.668435732387859956e-10 1.985985937499999920e+01 4.549284687500000359e+02
-1.507697302447884908e+02  0.000000000000000000e+00   2.273151156409865871e+04  2.644948403812177512e-10 1.986812499999999915e+01 4.546678125000000250e+02
-1.507697230824719270e+02  0.000000000000000000e+00   2.273150940432394054e+04  2.621326569020393582e-10 1.985024999999999906e+01 4.538651250000000346e+02
-1.507697362646679835e+02  0.000000000000000000e+00   2.273151337926484121e+04  2.616324822964054677e-10 1.986412500000000136e+01 4.548473124999999868e+02
-1.507697377459626580e+02  0.000000000000000000e+00   2.273151382593671951e+04  2.617670718067178576e-10 1.988001562500000219e+01 4.555577812500000050e+02
-1.507697191642471068e+02  0.000000000000000000e+00   2.273150822268185948e+04  2.558526521914498734e-10 1.985887500000000117e+01 4.546246874999999932e+02
-1.507697228757982373e+02  0.000000000000000000e+00   2.273150934192406567e+04  2.586307953773595787e-10 1.982537500000000108e+01 4.533886249999999905e+02
-1.507697359103907786e+02  0.000000000000000000e+00   2.273151327236032739e+04  2.582911432181747169e-10 1.982798437499999977e+01 4.538787187500000186e+02
-1.507697380135770402e+02  0.000000000000000000e+00   2.273151390655358045e+04  2.582724111913990531e-10 1.986003124999999869e+01 4.547649999999999864e+02
-1.507697327761854069e+02  0.000000000000000000e+00   2.273151232725067894e+04  2.572782531193095932e-10 1.986381250000000165e+01 4.551488750000000323e+02
-1.507697246651023875e+02  0.000000000000000000e+00   2.273150988149367549e+04  2.596788992558472667e-10 1.987406250000000085e+01 4.554503750000000082e+02
-1.507697266254136252e+02  0.000000000000000000e+00   2.273151047253686556e+04  2.566880420690527936e-10 1.982031250000000000e+01 4.530785625000000323e+02
-1.507697343835458241e+02  0.000000000000000000e+00   2.273151281184591062e+04  2.534345379009882319e-10 1.985776562499999898e+01 4.548716562500000009e+02
-1.507697255321444629e+02  0.000000000000000000e+00   2.273151014279241281e+04  2.531392915917908100e-10 1.988770312500000159e+01 4.560300937499999918e+02
-1.507697235696784333e+02  0.000000000000000000e+00   2.273150955096867983e+04  2.503763463416044123e-10 1.979006250000000122e+01 4.523647500000000150e+02
-1.507697283649569329e+02  0.000000000000000000e+00   2.273151099696799793e+04  2.518573518875269787e-10 1.987007812499999915e+01 4.547047187499999836e+02
-1.507697305039302762e+02  0.000000000000000000e+00   2.273151164190858981e+04  2.499098031606256429e-10 1.988257812500000199e+01 4.553427187500000173e+02
-1.507697347011395550e+02  0.000000000000000000e+00   2.273151290752501518e+04  2.495658606882480405e-10 1.982743750000000205e+01 4.530783749999999941e+02
-1.507697253543004194e+02  0.000000000000000000e+00   2.273151008899430599e+04  2.456117529905901641e-10 1.986393749999999869e+01 4.554196249999999964e+02
-1.507697194307860400e+02  0.000000000000000000e+00   2.273150830289398436e+04  2.488194788916707627e-10 1.983343749999999872e+01 4.538239374999999995e+02
-1.507697419354903161e+02  0.000000000000000000e+00   2.273151508899516557e+04  2.507891916226787908e-10 1.981475000000000009e+01 4.529426250000000209e+02
-1.507697306328651052e+02  0.000000000000000000e+00   2.273151168070226049e+04  2.461585966331234691e-10 1.982554687500000057e+01 4.535904062500000009e+02
-1.507697346997888417e+02  0.000000000000000000e+00   2.273151290705741485e+04  2.469128575711664730e-10 1.988740625000000151e+01 4.562986250000000155e+02
-1.507697294384005886e+02  0.000000000000000000e+00   2.273151132048902218e+04  2.446166033771646467e-10 1.984939062500000162e+01 4.537684687500000109e+02
-1.507697305053482921e+02  0.000000000000000000e+00   2.273151164222205261e+04  2.448891501091101449e-10 1.984853125000000063e+01 4.539685625000000186e+02
-1.507697240501836120e+02  0.000000000000000000e+00   2.273150969576635543e+04  2.462591240213876041e-10 1.985162500000000207e+01 4.543053750000000264e+02
-1.507697224431381642e+02  0.000000000000000000e+00   2.273150921116324389e+04  2.455765534037569518e-10 1.988173437500000063e+01 4.555385937500000182e+02
-1.507697376673618805e+02  0.000000000000000000e+00   2.273151380182326830e+04  2.436331234844064691e-10 1.986664062499999872e+01 4.553082187500000373e+02
-1.507697171405798429e+02  0.000000000000000000e+00   2.273150761209978737e+04  2.397259428374736400e-10 1.990337500000000048e+01 4.559857499999999959e+02
-1.507697327758023391e+02  0.000000000000000000e+00   2.273151232677166990e+04  2.412872551918697387e-10 1.989910937500000188e+01 4.566546562500000164e+02
-1.507697250118983732e+02  0.000000000000000000e+00   2.273150998565131522e+04  2.414209144687858222e-10 1.984176562500000074e+01 4.537630937499999959e+02
-1.507697238762300742e+02  0.000000000000000000e+00   2.273150964311259668e+04  2.374648588925649228e-10 1.983068749999999980e+01 4.535315625000000068e+02
-1.507697300350003786e+02  0.000000000000000000e+00   2.273151150021305148e+04  2.369466260254307864e-10 1.988559375000000173e+01 4.557176249999999982e+02
-1.507697221011865452e+02  0.000000000000000000e+00   2.273150910786542590e+04  2.373976471649994432e-10 1.984321875000000190e+01 4.542361875000000282e+02
-1.507697328794421594e+02  0.000000000000000000e+00   2.273151235812817686e+04  2.459068444694123777e-10 1.990200000000000102e+01 4.561094375000000127e+02
-1.507697371314295935e+02  0.000000000000000000e+00   2.273151364016030857e+04  2.410718257902835891e-10 1.985337499999999977e+01 4.546321874999999864e+02
-1.507697302633092704e+02  0.000000000000000000e+00   2.273151156907895711e+04  2.379041519176037053e-10 1.984681250000000219e+01 4.539445000000000050e+02
-1.507697228598824495e+02  0.000000000000000000e+00   2.273150933662627722e+04  2.366985846650627033e-10 1.990023437500000014e+01 4.560836562499999900e+02
-1.507697358682077606e+02  0.000000000000000000e+00   2.273151325915792040e+04  2.370623174830446490e-10 1.989000000000000057e+01 4.566366250000000377e+02
-1.507697359110358093e+02  0.000000000000000000e+00   2.273151327203986148e+04  2.356368303227260336e-10 1.987553125000000165e+01 4.553558750000000259e+02
-1.507697188761986240e+02  0.000000000000000000e+00   2.273150813532623579e+04  2.339604515538204981e-10 1.990512500000000173e+01 4.560968124999999986e+02
-1.507697292144434584e+02  0.000000000000000000e+00   2.273151125273089929e+04  2.346652410043068855e-10 1.981340624999999989e+01 4.530146250000000236e+02
-1.507697372414051529e+02  0.000000000000000000e+00   2.273151367317564291e+04  2.346210446450180919e-10 1.979442187500000117e+01 4.521476562500000114e+02
-1.507697241265653361e+02  0.000000000000000000e+00   2.273150971849335474e+04  2.328371058555532403e-10 1.982767187500000006e+01 4.534172812500000305e+02
-1.507697278053109642e+02  0.000000000000000000e+00   2.273151082777497140e+04  2.326027941418120257e-10 1.989573437499999997e+01 4.559355937500000095e+02
-1.507697274589676226e+02  0.000000000000000000e+00   2.273151072325323912e+04  2.288392657781875229e-10 1.984346874999999955e+01 4.542624999999999886e+02
-1.507697257710515828e+02  0.000000000000000000e+00   2.273151021433521601e+04  2.312701371134286034e-10 1.987848437499999932e+01 4.549984687500000291e+02
-1.507697175221450152e+02  0.000000000000000000e+00   2.273150772688943107e+04  2.279667510722593778e-10 1.984028125000000031e+01 4.537551250000000209e+02
-1.507697413054417268e+02  0.000000000000000000e+00   2.273151489859131470e+04  2.323423654624408637e-10 1.981479687499999898e+01 4.527898437499999886e+02
-1.507697370428807631e+02  0.000000000000000000e+00   2.273151361316601469e+04  2.281680238754663517e-10 1.987837500000000190e+01 4.556825000000000045e+02
-1.507697128771144719e+02  0.000000000000000000e+00   2.273150632620157194e+04  2.267352476592729647e-10 1.985709375000000065e+01 4.544565625000000182e+02
-1.507697360618016944e+02  0.000000000000000000e+00   2.273151331732141989e+04  2.277047075532296988e-10 1.986018750000000210e+01 4.543425624999999854e+02
-1.507697329376148900e+02  0.000000000000000000e+00   2.273151237527942067e+04  2.287443447079820285e-10 1.985426562500000003e+01 4.553595312500000318e+02
-1.507697273926891910e+02  0.000000000000000000e+00   2.273151070317839185e+04  2.249115342474468107e-10 1.982735937500000034e+01 4.528900312499999927e+02
-1.507697270237840428e+02  0.000000000000000000e+00   2.273151059199024530e+04  2.271687567896211149e-10 1.990609375000000014e+01 4.564309375000000273e+02
-1.507697244332385083e+02  0.000000000000000000e+00   2.273150981076669632e+04  2.240071500817859902e-10 1.982406250000000014e+01 4.528490625000000023e+02
-1.507697357248060825e+02  0.000000000000000000e+00   2.273151321556153198e+04  2.214398955301184808e-10 1.986290625000000176e+01 4.548466250000000173e+02
-1.507697309357272957e+02  0.000000000000000000e+00   2.273151177153888420e+04  2.246783436236031918e-10 1.985454687500000048e+01 4.545796562500000277e+02
-1.507697380309698758e+02  0.000000000000000000e+00   2.273151391099900866e+04  2.231142398104039584e-10 1.982126562499999878e+01 4.533547812500000305e+02
-1.507697444604904717e+02  0.000000000000000000e+00   2.273151584978629762e+04  2.245648341116854190e-10 1.987314062500000134e+01 4.552024062500000241e+02
-1.507697342279990380e+02  0.000000000000000000e+00   2.273151276428236088e+04  2.243976215289218875e-10 1.985825000000000173e+01 4.547769999999999868e+02
-1.507697395433426948e+02  0.000000000000000000e+00   2.273151436702923456e+04  2.226794033973734027e-10 1.987692187500000074e+01 4.553158437499999991e+02
-1.507697217507398193e+02  0.000000000000000000e+00   2.273150900176846699e+04  2.187694885063157015e-10 1.990642187499999949e+01 4.567890312499999936e+02
-1.507697263465647950e+02  0.000000000000000000e+00   2.273151038756846538e+04  2.177783398519248165e-10 1.984379687499999889e+01 4.540664687500000127e+02
-1.507697308586349720e+02  0.000000000000000000e+00   2.273151174819223161e+04  2.202671277850009749e-10 1.983937500000000043e+01 4.539486875000000055e+02
-1.507697312749297964e+02  0.000000000000000000e+00   2.273151187365446094e+04  2.173158064994206100e-10 1.985531250000000014e+01 4.553066875000000095e+02
-1.507697144373172762e+02  0.000000000000000000e+00   2.273150679641006718e+04  2.155541209358985066e-10 1.985909374999999955e+01 4.545751250000000141e+02
-1.507697258483777887e+02  0.000000000000000000e+00   2.273151023727838765e+04  2.148291015454341985e-10 1.983459374999999980e+01 4.535646874999999909e+02
-1.507697219007858962e+02  0.000000000000000000e+00   2.273150904698181330e+04  2.173852914192446939e-10 1.989398437499999872e+01 4.556913437499999873e+02
-1.507697252779946666e+02  0.000000000000000000e+00   2.273151006527226127e+04  2.142523145815758913e-10 1.990417187499999940e+01 4.563662187500000300e+02
-1.507697303951165679e+02  0.000000000000000000e+00   2.273151160826784690e+04  2.134354496607688223e-10 1.987418750000000145e+01 4.553068749999999909e+02
-1.507697281204642650e+02  0.000000000000000000e+00   2.273151092239622085e+04  2.145703084129880013e-10 1.986751562499999935e+01 4.545576562500000364e+02
-1.507697239198089108e+02  0.000000000000000000e+00   2.273150965569223990e+04  2.127813794794535436e-10 1.982842187500000009e+01 4.531264687500000150e+02
-1.507697414519381311e+02  0.000000000000000000e+00   2.273151494235507926e+04  2.142756346278255699e-10 1.987523437500000156e+01 4.554504687500000273e+02
-1.507697341332080612e+02  0.000000000000000000e+00   2.273151273542901254e+04  2.125142418712822740e-10 1.990559375000000131e+01 4.567017500000000041e+02
-1.507697211424056434e+02  0.000000000000000000e+00   2.273150881826730983e+04  2.159359601568317901e-10 1.988718749999999957e+01 4.558835624999999823e+02
-1.507697251049268630e+02  0.000000000000000000e+00   2.273151001299943891e+04  2.104666998339981435e-10 1.985539062500000185e+01 4.550898437500000000e+02
-1.507697347170073670e+02  0.000000000000000000e+00   2.273151291143985873e+04  2.112961665841162069e-10 1.984096875000000182e+01 4.540039375000000064e+02
-1.507697277850702449e+02  0.000000000000000000e+00   2.273151082117142141e+04  2.105992064845215565e-10 1.986725000000000207e+01 4.550560624999999959e+02
-1.507697328767945919e+02  0.000000000000000000e+00   2.273151235651400566e+04  2.100172824100202564e-10 1.984820312500000128e+01 4.541853437500000155e+02
-1.507697268737280183e+02  0.000000000000000000e+00   2.273151054632825617e+04  2.089483837883059834e-10 1.987732812500000179e+01 4.552620937500000196e+02
-1.507697408622410649e+02  0.000000000000000000e+00   2.273151476444392756e+04  2.101313695357802996e-10 1.982834375000000193e+01 4.535724999999999909e+02
-1.507697402374433011e+02  0.000000000000000000e+00   2.273151457601575021e+04  2.089443457174331569e-10 1.987946875000000091e+01 4.555794374999999832e+02
-1.507697334240478995e+02  0.000000000000000000e+00   2.273151252145560647e+04  2.066356100820611076e-10 1.985420312500000151e+01 4.547247812500000350e+02
-1.507697368575742871e+02  0.000000000000000000e+00   2.273151355687640898e+04  2.100262336272774644e-10 1.987790624999999878e+01 4.553017500000000268e+02
-1.507697218264736705e+02  0.000000000000000000e+00   2.273150902429916096e+04  2.053056991980096341e-10 1.981850000000000023e+01 4.530459999999999923e+02
-1.507697362968717130e+02  0.000000000000000000e+00   2.273151338773757016e+04  2.071720603286291061e-10 1.984292187500000182e+01 4.542814062500000318e+02
-1.507697279964434074e+02  0.000000000000000000e+00   2.273151088475787401e+04  2.039610160369370824e-10 1.984454687499999892e+01 4.539079062499999964e+02
-1.507697186950535411e+02  0.000000000000000000e+00   2.273150808008039166e+04  2.065333841010910594e-10 1.984896875000000094e+01 4.537205625000000282e+02
-1.507697269871909498e+02  0.000000000000000000e+00   2.273151058036478207e+04  2.011607774472443136e-10 1.987568750000000151e+01 4.555681875000000218e+02
-1.507697347727520878e+02  0.000000000000000000e+00   2.273151292811185340e+04  2.052587718654874424e-10 1.989139062499999966e+01 4.563012812499999882e+02
-1.507697231233931632e+02  0.000000000000000000e+00   2.273150941531030549e+04  2.026117215811811732e-10 1.987557812500000054e+01 4.552417187500000182e+02
-1.507697325739730161e+02  0.000000000000000000e+00   2.273151226498351025e+04  2.004341754298551967e-10 1.992624999999999957e+01 4.570384999999999991e+02
-1.507697258840170207e+02  0.000000000000000000e+00   2.273151024768426942e+04  1.998388398500968373e-10 1.992343750000000213e+01 4.568818125000000236e+02
-1.507697252687602827e+02  0.000000000000000000e+00   2.273151006218616021e+04  2.009856969282441882e-10 1.986518750000000111e+01 4.550902500000000259e+02
-1.507697336366292689e+02  0.000000000000000000e+00   2.273151258545818564e+04  2.022762469459934651e-10 1.987467187500000065e+01 4.550403437500000337e+02
-1.507697318631647931e+02  0.000000000000000000e+00   2.273151205067518822e+04  2.016839391678495262e-10 1.984748437500000051e+01 4.544600312499999859e+02
-1.507697244918904005e+02  0.000000000000000000e+00   2.273150982788470355e+04  1.990263142124000399e-10 1.989585937500000057e+01 4.561066562500000146e+02
-1.507697360229236097e+02  0.000000000000000000e+00   2.273151330493841306e+04  1.986820351343920319e-10 1.985907812499999991e+01 4.549660312500000146e+02
-1.507697368139904768e+02  0.000000000000000000e+00   2.273151354345300933e+04  1.976574492582128679e-10 1.978773437499999943e+01 4.521549062500000105e+02
-1.507697317161005230e+02  0.000000000000000000e+00   2.273151200627186336e+04  1.991480865043693448e-10 1.983789062500000000e+01 4.540807187500000168e+02
-1.507697333380430962e+02  0.000000000000000000e+00   2.273151249534662202e+04  1.989307462538554058e-10 1.984137499999999932e+01 4.537365000000000350e+02
-1.507697290960130090e+02  0.000000000000000000e+00   2.273151121622414939e+04  1.996786300732545461e-10 1.984628125000000054e+01 4.541316874999999982e+02
-1.507697210541588504e+02  0.000000000000000000e+00   2.273150879122801780e+04  1.970458129686372538e-10 1.984231250000000202e+01 4.539681874999999991e+02
-1.507697238812479554e+02  0.000000000000000000e+00   2.273150964370798465e+04  1.970936579073671384e-10 1.984629687500000017e+01 4.542524687499999914e+02
-1.507697312448888738e+02  0.000000000000000000e+00   2.273151186414117183e+04  1.973098543384005140e-10 1.987996874999999974e+01 4.552319375000000150e+02
-1.507697388615195848e+02  0.000000000000000000e+00   2.273151416084742232e+04  1.969342177061037662e-10 1.984060937499999966e+01 4.536035312500000032e+02
-1.507697252829944148e+02  0.000000000000000000e+00   2.273151006632723511e+04  1.943395047328245554e-10 1.989134375000000077e+01 4.561061250000000200e+02
-1.507697320937062102e+02  0.000000000000000000e+00   2.273151212005332127e+04  1.955601215182745428e-10 1.987264062499999895e+01 4.550469062500000064e+02
-1.507697357429880469e+02  0.000000000000000000e+00   2.273151322043887194e+04  1.948143200278592716e-10 1.981985937500000006e+01 4.535945937500000014e+02
-1.507697277440402104e+02  0.000000000000000000e+00   2.273151080839082715e+04  1.926321786132153949e-10 1.986510937499999940e+01 4.550172187499999836e+02
-1.507697127989439139e+02  0.000000000000000000e+00   2.273150630186478156e+04  1.930689693889106534e-10 1.982751562500000020e+01 4.534220937499999877e+02
-1.507697384127993132e+02  0.000000000000000000e+00   2.273151402539814080e+04  1.906695661018909647e-10 1.991512499999999974e+01 4.571292500000000132e+02
-1.507697215876763721e+02  0.000000000000000000e+00   2.273150895201028470e+04  1.928969025503980011e-10 1.985107812500000080e+01 4.544034687500000018e+02
-1.507697352398168391e+02  0.000000000000000000e+00   2.273151306864789512e+04  1.919550251087177884e-10 1.989709374999999980e+01 4.562857500000000073e+02
-1.507697298723087442e+02  0.000000000000000000e+00   2.273151145013241694e+04  1.919567992295966928e-10 1.986384375000000091e+01 4.547829375000000027e+02
-1.507697273886405469e+02  0.000000000000000000e+00   2.273151070116724804e+04  1.901440186037757841e-10 1.985818749999999966e+01 4.544829374999999914e+02
-1.507697239008004715e+02  0.000000000000000000e+00   2.273150964942480641e+04  1.892175487095845843e-10 1.983856250000000188e+01 4.541312500000000227e+02
-1.507697338913772285e+02  0.000000000000000000e+00   2.273151266198541271e+04  1.895478486919480135e-10 1.990040624999999963e+01 4.565239374999999882e+02
-1.507697278508269960e+02  0.000000000000000000e+00   2.273151084052054648e+04  1.895214570784358405e-10 1.983043750000000216e+01 4.534220000000000255e+02
-1.507697331197872472e+02  0.000000000000000000e+00   2.273151242932289824e+04  1.896497968843034803e-10 1.987135937500000082e+01 4.553819062499999859e+02
-1.507697231468212067e+02  0.000000000000000000e+00   2.273150942205933825e+04  1.887347062005448405e-10 1.982671875000000128e+01 4.535063749999999914e+02
-1.507697161875907454e+02  0.000000000000000000e+00   2.273150732351882107e+04  1.861803052596861788e-10 1.992403124999999875e+01 4.574735625000000141e+02
-1.507697276538314668e+02  0.000000000000000000e+00   2.273151078104156477e+04  1.861316244090789811e-10 1.993426562500000188e+01 4.572184687499999995e+02
-1.507697411352298502e+02  0.000000000000000000e+00   2.273151484620221163e+04  1.855570432311136000e-10 1.991543749999999946e+01 4.566853750000000218e+02
-1.507697232940433594e+02  0.000000000000000000e+00   2.273150946635548462e+04  1.844612848227338900e-10 1.988882812499999986e+01 4.557464687500000196e+02
-1.507697311226569070e+02  0.000000000000000000e+00   2.273151182701040307e+04  1.852997216004107373e-10 1.990146874999999937e+01 4.558249375000000327e+02
-1.507697292473306447e+02  0.000000000000000000e+00   2.273151126149173069e+04  1.838127832297106608e-10 1.984312500000000057e+01 4.546469999999999914e+02
-1.507697336441221410e+02  0.000000000000000000e+00   2.273151258728491666e+04  1.832425456732617338e-10 1.990085937499999957e+01 4.567179687500000114e+02
-1.507697241823476588e+02  0.000000000000000000e+00   2.273150973418605281e+04  1.832198428177219195e-10 1.989496875000000031e+01 4.562080624999999827e+02
-1.507697241825088099e+02  0.000000000000000000e+00   2.273150973424215772e+04  1.835503279600177444e-10 1.986010937500000040e+01 4.547703437499999950e+02
-1.507697331879818137e+02  0.000000000000000000e+00   2.273151244976847374e+04  1.844686225087485467e-10 1.985260937500000011e+01 4.545352812500000255e+02
-1.507697255495679087e+02  0.000000000000000000e+00   2.273151014649165882e+04  1.847491934735628665e-10 1.988260937500000125e+01 4.555246562500000209e+02
-1.507697181491541585e+02  0.000000000000000000e+00   2.273150791494106670e+04  1.832558667610845911e-10 1.986104687499999955e+01 4.540437812499999950e+02
-1.507697284970357146e+02  0.000000000000000000e+00   2.273151103519228491e+04  1.813527914332602361e-10 1.989357812500000122e+01 4.557108437500000377e+02
-1.507697434305945308e+02  0.000000000000000000e+00   2.273151553823003633e+04  1.804866125849358822e-10 1.991810937500000023e+01 4.571417812500000082e+02
-1.507697299498340442e+02  0.000000000000000000e+00   2.273151147322134420e+04  1.792868158411487838e-10 1.989128124999999869e+01 4.559776875000000018e+02
