-8.181748394187235363e+01  0.000000000000000000e+00   6.711518274727768585e+03  2.601932206512144134e-03 4.798240625000000392e+01 2.353385187500000029e+03
-8.310451044251050234e+01  0.000000000000000000e+00   6.922716375438977593e+03  2.368356176714991011e-03 4.726346875000000125e+01 2.288404312499999833e+03
-8.438071700400895736e+01  0.000000000000000000e+00   7.135734354178538524e+03  2.195045042908918675e-03 4.645493749999999977e+01 2.213631374999999935e+03
-8.555345274040449510e+01  0.000000000000000000e+00   7.333608166609536966e+03  1.942085944732699267e-03 4.550021875000000193e+01 2.127632312499999898e+03
-8.664911446837768949e+01  0.000000000000000000e+00   7.520635896424586463e+03  1.673780329763242467e-03 4.439939062500000233e+01 2.031456156250000049e+03
-8.757028548061467177e+01  0.000000000000000000e+00   7.679279293700064045e+03  1.398489635236369521e-03 4.333010937499999926e+01 1.938769468749999987e+03
-8.838229873387965085e+01  0.000000000000000000e+00   7.820463066041917955e+03  1.156297337833376215e-03 4.218985937499999750e+01 1.843664906250000058e+03
-8.901663083390313602e+01  0.000000000000000000e+00   7.931347911160960393e+03  9.322795186762684351e-04 4.117459374999999966e+01 1.759103499999999940e+03
-8.956337503884995499e+01  0.000000000000000000e+00   8.027669806280950979e+03  7.569137494763902461e-04 4.019985937500000261e+01 1.681465593749999925e+03
-8.999981075055792701e+01  0.000000000000000000e+00   8.104849924462974741e+03  6.029641810648075657e-04 3.938248437500000421e+01 1.615727781250000135e+03
-9.034619305793917476e+01  0.000000000000000000e+00   8.166336174980689975e+03  4.779915686238695458e-04 3.864184374999999960e+01 1.557620312499999955e+03
-9.063749382436847668e+01  0.000000000000000000e+00   8.218302911134938768e+03  3.831484935624534247e-04 3.788923437500000091e+01 1.500096531249999998e+03
-9.089239436044678655e+01  0.000000000000000000e+00   8.263938004597077452e+03  3.039005143966304486e-04 3.709345312500000347e+01 1.441207593750000115e+03
-9.106384853895023923e+01  0.000000000000000000e+00   8.294617251726440372e+03  2.403028135416494836e-04 3.657412500000000222e+01 1.402001874999999927e+03
-9.122095861641994929e+01  0.000000000000000000e+00   8.322844876954772189e+03  1.900656187505205777e-04 3.599953125000000398e+01 1.359839187499999980e+03
-9.134044540252459399e+01  0.000000000000000000e+00   8.344350013481576752e+03  1.525872475032033515e-04 3.555798437500000375e+01 1.328054406250000056e+03
-9.143924401463127083e+01  0.000000000000000000e+00   8.362150082553656830e+03  1.213634924430807079e-04 3.509887499999999960e+01 1.294979312500000106e+03
-9.151832129663618787e+01  0.000000000000000000e+00   8.376428515456324021e+03  9.854603768694875088e-05 3.473428125000000222e+01 1.269004062499999918e+03
-9.158002068653070182e+01  0.000000000000000000e+00   8.387577805642416934e+03  8.079465377661377787e-05 3.438257812500000199e+01 1.245035906249999925e+03
-9.162598304688187056e+01  0.000000000000000000e+00   8.395871989123746971e+03  6.565798156021202816e-05 3.411082812499999761e+01 1.225841468750000104e+03
-9.167417125094704033e+01  0.000000000000000000e+00   8.404600305766158272e+03  5.314410415251788673e-05 3.376414062500000313e+01 1.201612593750000087e+03
-9.170770293535576911e+01  0.000000000000000000e+00   8.410673256694133670e+03  4.405061559213670045e-05 3.353673437500000176e+01 1.186286531250000053e+03
-9.173108995799505294e+01  0.000000000000000000e+00   8.414894504162091835e+03  3.584716279856549228e-05 3.336196875000000261e+01 1.174620812500000056e+03
-9.175310438959468229e+01  0.000000000000000000e+00   8.418880856603413122e+03  2.954060358923696331e-05 3.318895312499999761e+01 1.163260843750000049e+03
-9.177233244200991180e+01  0.000000000000000000e+00   8.422364537004712474e+03  2.416661921832234097e-05 3.299221874999999926e+01 1.149560249999999996e+03
-9.179271713796892129e+01  0.000000000000000000e+00   8.426069928800532580e+03  1.982092969181539421e-05 3.270674999999999955e+01 1.130988937500000020e+03
-9.180304326910589907e+01  0.000000000000000000e+00   8.427935872066702359e+03  1.626979966940963194e-05 3.267015624999999801e+01 1.128697499999999991e+03
-9.181208932299929870e+01  0.000000000000000000e+00   8.429573630923148812e+03  1.351036391194088284e-05 3.254048437499999835e+01 1.119539718750000020e+03
-9.182107760368577942e+01  0.000000000000000000e+00   8.431203991968674018e+03  1.111356195557453900e-05 3.241179687500000028e+01 1.111637593749999951e+03
-9.183063859915597504e+01  0.000000000000000000e+00   8.432943228712178097e+03  9.136061415840642907e-06 3.223092187499999994e+01 1.099210906250000107e+03
-9.183475020062961391e+01  0.000000000000000000e+00   8.433684712898440921e+03  7.513793163427239855e-06 3.214296875000000142e+01 1.093539500000000089e+03
-9.184096416192828372e+01  0.000000000000000000e+00   8.434814845616989260e+03  6.182441197234959877e-06 3.197903125000000202e+01 1.083152812499999982e+03
-9.184276528039747234e+01  0.000000000000000000e+00   8.435136670223024339e+03  5.113858271337149820e-06 3.204056250000000006e+01 1.087095749999999953e+03
-9.184665593713147302e+01  0.000000000000000000e+00   8.435844002246076343e+03  4.243270044863470322e-06 3.192342187499999895e+01 1.080041593749999947e+03
-9.184906203430682581e+01  0.000000000000000000e+00   8.436279616174055263e+03  3.487283025853100447e-06 3.185457812499999974e+01 1.075016031249999969e+03
-9.185170887331746314e+01  0.000000000000000000e+00   8.436760655357393262e+03  2.872249115281226135e-06 3.177634375000000233e+01 1.070016437499999938e+03
-9.185299751578729399e+01  0.000000000000000000e+00   8.436993323537146352e+03  2.390774695532797962e-06 3.174362500000000153e+01 1.067618187499999976e+03
-9.185513243352691859e+01  0.000000000000000000e+00   8.437381946304589292e+03  1.966481611710113073e-06 3.163842187500000236e+01 1.060231406249999964e+03
-9.185651609735509737e+01  0.000000000000000000e+00   8.437633277601931695e+03  1.627006076092507077e-06 3.158567187499999918e+01 1.058066656250000051e+03
-9.185634281749153729e+01  0.000000000000000000e+00   8.437599078829867722e+03  1.346714928587634298e-06 3.164707812500000017e+01 1.061104093749999947e+03
-9.185823110508773937e+01  0.000000000000000000e+00   8.437944044694364493e+03  1.116735205748217398e-06 3.147506249999999994e+01 1.050356874999999945e+03
-9.185911309115584800e+01  0.000000000000000000e+00   8.438104444914431951e+03  9.228408949514914698e-07 3.141314062500000048e+01 1.046990468749999991e+03
-9.185922251979663145e+01  0.000000000000000000e+00   8.438123229017854101e+03  7.664122842434760923e-07 3.144982812499999980e+01 1.049064343750000035e+03
-9.186014098476482559e+01  0.000000000000000000e+00   8.438290866196892239e+03  6.357281962184282073e-07 3.135628125000000210e+01 1.043204875000000129e+03
-9.185989216807186608e+01  0.000000000000000000e+00   8.438244269727578285e+03  5.309872554932106760e-07 3.144253125000000182e+01 1.048476187499999924e+03
-9.186016127807859277e+01  0.000000000000000000e+00   8.438292941001172949e+03  4.397771232482481820e-07 3.142073437500000210e+01 1.046661718750000091e+03
-9.186072336997408172e+01  0.000000000000000000e+00   8.438395583237406754e+03  3.656125862429209628e-07 3.136506250000000051e+01 1.043662687499999947e+03
-9.186076313775625124e+01  0.000000000000000000e+00   8.438402375877041777e+03  3.047528138004052253e-07 3.136464062499999983e+01 1.043425656249999975e+03
-9.186110132491114655e+01  0.000000000000000000e+00   8.438464072674440104e+03  2.531324860095531114e-07 3.129568749999999966e+01 1.039124250000000075e+03
-9.186117262438331466e+01  0.000000000000000000e+00   8.438476823274879280e+03  2.118093755964541827e-07 3.132390625000000028e+01 1.040976562500000000e+03
-9.186137820136403320e+01  0.000000000000000000e+00   8.438514304948739664e+03  1.777439621741977530e-07 3.128332812500000060e+01 1.038151968749999924e+03
-9.186149207308592679e+01  0.000000000000000000e+00   8.438534973777332198e+03  1.478792102910528996e-07 3.125081250000000210e+01 1.036053374999999960e+03
-9.186137588015519384e+01  0.000000000000000000e+00   8.438513438165271509e+03  1.255636142659397858e-07 3.131426562500000088e+01 1.040034156250000024e+03
-9.186164689283614848e+01  0.000000000000000000e+00   8.438563060144128031e+03  1.055013871619908694e-07 3.124085937499999943e+01 1.035598156250000102e+03
-9.186157867781356856e+01  0.000000000000000000e+00   8.438550400327869284e+03  9.043588878641355935e-08 3.123612500000000125e+01 1.035616187500000024e+03
-9.186177446814684799e+01  0.000000000000000000e+00   8.438586252279788823e+03  7.629751498385523466e-08 3.113460937500000014e+01 1.028516093749999982e+03
-9.186163415757910400e+01  0.000000000000000000e+00   8.438560383646203263e+03  6.559712928279602453e-08 3.123349999999999937e+01 1.035339562500000056e+03
-9.186194417997216988e+01  0.000000000000000000e+00   8.438617264081925896e+03  5.635492341432512985e-08 3.113064062500000162e+01 1.028590093750000051e+03
-9.186160194093810105e+01  0.000000000000000000e+00   8.438554317565482052e+03  4.816110956285145646e-08 3.134298437500000034e+01 1.041536343750000015e+03
-9.186181234584901745e+01  0.000000000000000000e+00   8.438592921966086578e+03  4.200962486720470227e-08 3.122737500000000210e+01 1.034878687500000069e+03
-9.186175629392845110e+01  0.000000000000000000e+00   8.438582577993487575e+03  3.656874742465101157e-08 3.122940625000000026e+01 1.034581374999999980e+03
-9.186178407507000543e+01  0.000000000000000000e+00   8.438587648053429803e+03  3.254083080525575244e-08 3.123004687499999932e+01 1.035538781250000056e+03
-9.186187607936541610e+01  0.000000000000000000e+00   8.438604517550502351e+03  2.852720739421209273e-08 3.113342187499999980e+01 1.029114656250000053e+03
-9.186190804824073552e+01  0.000000000000000000e+00   8.438610365337028270e+03  2.548685018849767349e-08 3.121082812499999903e+01 1.033923781250000047e+03
-9.186187374321035293e+01  0.000000000000000000e+00   8.438604040208223523e+03  2.282305308161698358e-08 3.118949999999999889e+01 1.032161125000000084e+03
-9.186189168225722312e+01  0.000000000000000000e+00   8.438607318197713539e+03  2.070898088855837412e-08 3.118832812500000173e+01 1.032067031250000127e+03
-9.186196344211643350e+01  0.000000000000000000e+00   8.438620487746558865e+03  1.899668623853061940e-08 3.116126562500000219e+01 1.030598906250000027e+03
-9.186187116434624045e+01  0.000000000000000000e+00   8.438603519578657142e+03  1.727344010554080470e-08 3.125759375000000162e+01 1.036397500000000036e+03
-9.186195592045082492e+01  0.000000000000000000e+00   8.438619080840077004e+03  1.603452264885903192e-08 3.113792187499999997e+01 1.029020531249999976e+03
-9.186188039172533593e+01  0.000000000000000000e+00   8.438605194263785961e+03  1.483185104272920457e-08 3.119296875000000213e+01 1.032470500000000129e+03
-9.186189737987955084e+01  0.000000000000000000e+00   8.438608308402099283e+03  1.400356253256937837e-08 3.116667187500000225e+01 1.030831531250000126e+03
-9.186196668950204014e+01  0.000000000000000000e+00   8.438621034302570479e+03  1.306367354945938921e-08 3.113103124999999949e+01 1.028498874999999998e+03
-9.186193624346566367e+01  0.000000000000000000e+00   8.438615434762390578e+03  1.236741293188634529e-08 3.113635937500000139e+01 1.028633031249999931e+03
-9.186193837333119916e+01  0.000000000000000000e+00   8.438615821466559282e+03  1.182194612053111343e-08 3.117171875000000014e+01 1.031446187499999951e+03
-9.186191144170176415e+01  0.000000000000000000e+00   8.438610868997646321e+03  1.129031675440626017e-08 3.121340625000000202e+01 1.033837125000000015e+03
-9.186192137593909024e+01  0.000000000000000000e+00   8.438612690371523058e+03  1.084210306788652277e-08 3.115650000000000119e+01 1.029907750000000078e+03
-9.186190504703685633e+01  0.000000000000000000e+00   8.438609686668709401e+03  1.040430814638301035e-08 3.120749999999999957e+01 1.033542124999999942e+03
-9.186192490842452685e+01  0.000000000000000000e+00   8.438613333046838306e+03  1.009239420839246719e-08 3.113950000000000173e+01 1.029366312500000049e+03
-9.186195687924832498e+01  0.000000000000000000e+00   8.438619204716706008e+03  9.839504126670686731e-09 3.116478125000000077e+01 1.030780874999999924e+03
-9.186190301931675606e+01  0.000000000000000000e+00   8.438609306501261017e+03  9.500487890382189752e-09 3.117040624999999920e+01 1.031050500000000056e+03
-9.186189387540768791e+01  0.000000000000000000e+00   8.438607623959878765e+03  9.193840767275141831e-09 3.122409375000000153e+01 1.035122687499999984e+03
-9.186191954860123587e+01  0.000000000000000000e+00   8.438612339509021695e+03  9.048328543102666000e-09 3.113204687500000034e+01 1.029042718749999949e+03
-9.186193371225002124e+01  0.000000000000000000e+00   8.438614939783921727e+03  8.820180358368587234e-09 3.106781250000000227e+01 1.024750999999999976e+03
-9.186188760033252265e+01  0.000000000000000000e+00   8.438606466102603008e+03  8.604083882460247980e-09 3.120495312499999940e+01 1.033860281250000071e+03
-9.186196166595040324e+01  0.000000000000000000e+00   8.438620072229272409e+03  8.427056844491470826e-09 3.108031250000000156e+01 1.025455750000000080e+03
-9.186188270880860784e+01  0.000000000000000000e+00   8.438605564419158327e+03  8.249259660416089056e-09 3.113409375000000168e+01 1.028957687500000020e+03
-9.186190113237417165e+01  0.000000000000000000e+00   8.438608948626108031e+03  8.173387462404448498e-09 3.115454687500000119e+01 1.030478343750000022e+03
-9.186192075877205809e+01  0.000000000000000000e+00   8.438612552667860655e+03  7.960662154323904625e-09 3.114979687499999983e+01 1.029710406250000005e+03
-9.186194223965681260e+01  0.000000000000000000e+00   8.438616497839462681e+03  7.797180779160327630e-09 3.113084375000000037e+01 1.028801249999999982e+03
-9.186198508824088549e+01  0.000000000000000000e+00   8.438624369164630480e+03  7.680451007653710087e-09 3.116424999999999912e+01 1.030327874999999949e+03
-9.186194007181167365e+01  0.000000000000000000e+00   8.438616097332564095e+03  7.533870935628229084e-09 3.122415625000000006e+01 1.034078062499999987e+03
-9.186187883312572922e+01  0.000000000000000000e+00   8.438604845106081484e+03  7.389160975562724819e-09 3.109050000000000225e+01 1.026371687500000007e+03
-9.186190117554870938e+01  0.000000000000000000e+00   8.438608949184663288e+03  7.299590149336062721e-09 3.117498437500000108e+01 1.031414781250000033e+03
-9.186191211608822016e+01  0.000000000000000000e+00   8.438610958116867550e+03  7.168591208017925293e-09 3.117059375000000188e+01 1.031428187499999922e+03
-9.186193035121739570e+01  0.000000000000000000e+00   8.438614308368420097e+03  7.171379374142251663e-09 3.109799999999999898e+01 1.026461062500000025e+03
-9.186188775850462207e+01  0.000000000000000000e+00   8.438606481820255794e+03  7.022978752451122367e-09 3.114837500000000148e+01 1.029225875000000087e+03
-9.186191744527354786e+01  0.000000000000000000e+00   8.438611935007207649e+03  6.906936363665474335e-09 3.109343750000000028e+01 1.026388625000000047e+03
-9.186193440121824949e+01  0.000000000000000000e+00   8.438615049521515175e+03  6.824317878768268853e-09 3.114668750000000230e+01 1.029347937499999944e+03
-9.186192752920911175e+01  0.000000000000000000e+00   8.438613785855461174e+03  6.692307121536816807e-09 3.117984374999999986e+01 1.031389499999999998e+03
-9.186192637189360255e+01  0.000000000000000000e+00   8.438613572744226985e+03  6.634860676446298198e-09 3.114393749999999983e+01 1.029330750000000080e+03
-9.186190803483572154e+01  0.000000000000000000e+00   8.438610202686362754e+03  6.504121759962034536e-09 3.119345312500000134e+01 1.032448343750000049e+03
-9.186194611180241054e+01  0.000000000000000000e+00   8.438617197300316548e+03  6.381688666888473462e-09 3.116492187500000099e+01 1.029961531250000007e+03
-9.186192746238340590e+01  0.000000000000000000e+00   8.438613770740694235e+03  6.356080034076331340e-09 3.122510937500000239e+01 1.034740531250000004e+03
-9.186191815878754596e+01  0.000000000000000000e+00   8.438612060543131520e+03  6.248817876766716011e-09 3.114632812500000014e+01 1.029640218750000031e+03
-9.186193214528218220e+01  0.000000000000000000e+00   8.438614629742469333e+03  6.195097614584074216e-09 3.113065625000000125e+01 1.028616125000000011e+03
-9.186192755694257528e+01  0.000000000000000000e+00   8.438613785712070239e+03  6.071507345513407759e-09 3.107735937500000034e+01 1.025443281249999927e+03
-9.186191777712167550e+01  0.000000000000000000e+00   8.438611988689466671e+03  6.043506251497076960e-09 3.113510937499999898e+01 1.028682593750000024e+03
-9.186193622745237519e+01  0.000000000000000000e+00   8.438615377643389365e+03  5.947286344009400549e-09 3.116837500000000105e+01 1.030624749999999949e+03
-9.186189744087346298e+01  0.000000000000000000e+00   8.438608251128787742e+03  5.888557849283053114e-09 3.113740625000000151e+01 1.029032187499999964e+03
-9.186193813929106966e+01  0.000000000000000000e+00   8.438615727920514473e+03  5.831948854283692066e-09 3.117731249999999932e+01 1.031002999999999929e+03
-9.186193553295655079e+01  0.000000000000000000e+00   8.438615248047872228e+03  5.710274175479687473e-09 3.120018750000000196e+01 1.033093062500000087e+03
-9.186192918307783373e+01  0.000000000000000000e+00   8.438614081084358986e+03  5.670072361105126752e-09 3.102140625000000185e+01 1.021678812500000049e+03
-9.186191423938399225e+01  0.000000000000000000e+00   8.438611334911347512e+03  5.591845220810164355e-09 3.111407812499999892e+01 1.027529718750000029e+03
-9.186192731142268997e+01  0.000000000000000000e+00   8.438613736178343970e+03  5.547029430025587765e-09 3.114896875000000165e+01 1.029322499999999991e+03
-9.186188460069394068e+01  0.000000000000000000e+00   8.438605889050104452e+03  5.529218264702647683e-09 3.108403124999999889e+01 1.025374687499999936e+03
-9.186189917877383948e+01  0.000000000000000000e+00   8.438608566787041127e+03  5.457751849649948195e-09 3.112529687500000009e+01 1.028982031250000091e+03
-9.186192990269451286e+01  0.000000000000000000e+00   8.438614210791221922e+03  5.373354138629563656e-09 3.121262499999999918e+01 1.033788187500000049e+03
-9.186192728582381051e+01  0.000000000000000000e+00   8.438613728980646556e+03  5.251415357727931785e-09 3.113346875000000225e+01 1.028224812500000098e+03
-9.186194113293426255e+01  0.000000000000000000e+00   8.438616272856328578e+03  5.231384796714979647e-09 3.114990625000000080e+01 1.030067000000000007e+03
-9.186192753032558755e+01  0.000000000000000000e+00   8.438613773311164550e+03  5.181464128758974730e-09 3.110259375000000048e+01 1.026965562500000033e+03
-9.186190886124353483e+01  0.000000000000000000e+00   8.438610342901103650e+03  5.127584888229707609e-09 3.111618750000000233e+01 1.027762999999999920e+03
-9.186191194226734069e+01  0.000000000000000000e+00   8.438610908114942504e+03  5.027612251451418320e-09 3.115946875000000205e+01 1.030036562499999945e+03
-9.186191341695686674e+01  0.000000000000000000e+00   8.438611179017640097e+03  5.023712905818927243e-09 3.111990624999999966e+01 1.027794624999999996e+03
-9.186190255864435983e+01  0.000000000000000000e+00   8.438609183485408721e+03  4.952420158611966981e-09 3.117318750000000094e+01 1.031495875000000069e+03
-9.186195738635933594e+01  0.000000000000000000e+00   8.438619256079651677e+03  4.885438186128097045e-09 3.112170312499999980e+01 1.028020531249999976e+03
-9.186192975296633279e+01  0.000000000000000000e+00   8.438614178761454241e+03  4.837587380769050033e-09 3.115417187499999940e+01 1.029868593749999945e+03
-9.186189743330861290e+01  0.000000000000000000e+00   8.438608241011434075e+03  4.854322211824485771e-09 3.108145312499999946e+01 1.025578718750000007e+03
-9.186192929869658030e+01  0.000000000000000000e+00   8.438614094935248431e+03  4.794213788412084808e-09 3.108843750000000128e+01 1.025667687500000056e+03
-9.186192574223773022e+01  0.000000000000000000e+00   8.438613440804896527e+03  4.708415532198720828e-09 3.110051562499999989e+01 1.026062281250000069e+03
-9.186192409158007877e+01  0.000000000000000000e+00   8.438613137365677176e+03  4.687791351872451547e-09 3.117568750000000222e+01 1.031909625000000005e+03
-9.186194906672616867e+01  0.000000000000000000e+00   8.438617725256808626e+03  4.612013112853099043e-09 3.116162500000000080e+01 1.030126562500000091e+03
-9.186191497825814167e+01  0.000000000000000000e+00   8.438611461875847453e+03  4.550881321452593254e-09 3.116607812500000207e+01 1.030762531249999938e+03
-9.186193623614082071e+01  0.000000000000000000e+00   8.438615367566835630e+03  4.564022923447106358e-09 3.109112500000000168e+01 1.026478687499999978e+03
-9.186192919060269446e+01  0.000000000000000000e+00   8.438614072479907918e+03  4.486590279180791257e-09 3.112199999999999989e+01 1.028262625000000071e+03
-9.186191771715471077e+01  0.000000000000000000e+00   8.438611964562554931e+03  4.489986399401144203e-09 3.111078125000000227e+01 1.027179374999999936e+03
-9.186191216363732792e+01  0.000000000000000000e+00   8.438610943594945638e+03  4.412471011445232922e-09 3.116795312500000037e+01 1.031058656250000013e+03
-9.186190382767750862e+01  0.000000000000000000e+00   8.438609411872397686e+03  4.387799535242247476e-09 3.106701562499999980e+01 1.024805531250000058e+03
-9.186191800275040009e+01  0.000000000000000000e+00   8.438612015754115419e+03  4.338400400072400590e-09 3.110484375000000057e+01 1.027013187499999958e+03
-9.186191497046540633e+01  0.000000000000000000e+00   8.438611458114683046e+03  4.274834436859350456e-09 3.117193750000000207e+01 1.031415500000000065e+03
-9.186194330943928321e+01  0.000000000000000000e+00   8.438616664182163731e+03  4.218170906237902176e-09 3.115614062499999903e+01 1.030275343750000047e+03
-9.186192524683399085e+01  0.000000000000000000e+00   8.438613345779916926e+03  4.233515589082257666e-09 3.109737499999999955e+01 1.026746750000000020e+03
-9.186190145944307517e+01  0.000000000000000000e+00   8.438608975034267132e+03  4.181949553459862699e-09 3.113196875000000219e+01 1.028195999999999913e+03
-9.186189329661824843e+01  0.000000000000000000e+00   8.438607474664342590e+03  4.103172902403289002e-09 3.113214062500000168e+01 1.028818906250000055e+03
-9.186192962526456540e+01  0.000000000000000000e+00   8.438614149082102813e+03  4.100797038017847562e-09 3.116521875000000108e+01 1.029876812499999915e+03
-9.186191031651264893e+01  0.000000000000000000e+00   8.438610601365766342e+03  4.072560552821139201e-09 3.110807812500000225e+01 1.026903031249999913e+03
-9.186189286592387759e+01  0.000000000000000000e+00   8.438607394843988004e+03  4.021221704638031080e-09 3.111629687499999974e+01 1.028179843749999918e+03
-9.186190396009868664e+01  0.000000000000000000e+00   8.438609433003372033e+03  4.008833184870271323e-09 3.110092187500000094e+01 1.026702093750000131e+03
-9.186188093719250958e+01  0.000000000000000000e+00   8.438605202671822553e+03  3.952417371091612837e-09 3.119306249999999991e+01 1.032770312500000045e+03
-9.186191384268194327e+01  0.000000000000000000e+00   8.438611247902799732e+03  3.918000019675291492e-09 3.110582812500000216e+01 1.026154218749999927e+03
-9.186191273698355531e+01  0.000000000000000000e+00   8.438611044758376011e+03  3.917847931778088990e-09 3.115739062500000145e+01 1.030342031249999991e+03
-9.186191208192056479e+01  0.000000000000000000e+00   8.438610923905373056e+03  3.858321029462321650e-09 3.112521875000000193e+01 1.028072750000000042e+03
-9.186192175334389276e+01  0.000000000000000000e+00   8.438612700387948280e+03  3.812293943682662732e-09 3.114378124999999997e+01 1.028874437500000113e+03
-9.186190946440217431e+01  0.000000000000000000e+00   8.438610442528148269e+03  3.801825861170686031e-09 3.114146875000000136e+01 1.029229499999999916e+03
-9.186192282191896652e+01  0.000000000000000000e+00   8.438612896226422890e+03  3.754909316818390480e-09 3.114804687500000213e+01 1.029266281250000020e+03
-9.186193304496458722e+01  0.000000000000000000e+00   8.438614774142997703e+03  3.719264662867864459e-09 3.111253124999999997e+01 1.027333250000000135e+03
-9.186188904071207162e+01  0.000000000000000000e+00   8.438606689320051373e+03  3.696339355313497521e-09 3.117310937499999923e+01 1.031338218750000124e+03
-9.186193760820157195e+01  0.000000000000000000e+00   8.438615612179679374e+03  3.679105885786268980e-09 3.113171875000000099e+01 1.028563687500000015e+03
-9.186192631820976828e+01  0.000000000000000000e+00   8.438613537639317656e+03  3.643621831088824831e-09 3.112045312500000094e+01 1.028448093749999998e+03
-9.186193028060928611e+01  0.000000000000000000e+00   8.438614265537318715e+03  3.633036881274077612e-09 3.110906250000000028e+01 1.027444562500000075e+03
-9.186192187680236998e+01  0.000000000000000000e+00   8.438612721391338710e+03  3.613342455239296042e-09 3.115820312500000000e+01 1.029832968749999964e+03
-9.186191348861609640e+01  0.000000000000000000e+00   8.438611180072788557e+03  3.588600141083404355e-09 3.115646875000000193e+01 1.029809625000000096e+03
-9.186192676988520134e+01  0.000000000000000000e+00   8.438613619805588314e+03  3.546771855837916835e-09 3.112545312499999994e+01 1.028337968750000073e+03
-9.186193696016808019e+01  0.000000000000000000e+00   8.438615491697333709e+03  3.510462049717748321e-09 3.118392187499999935e+01 1.030696843749999971e+03
-9.186189962087877348e+01  0.000000000000000000e+00   8.438608631631188473e+03  3.516548960548671940e-09 3.111257812500000242e+01 1.027600781249999955e+03
-9.186194746392710897e+01  0.000000000000000000e+00   8.438617421117429330e+03  3.466459495491024302e-09 3.122290625000000119e+01 1.034138312499999984e+03
-9.186193123743586852e+01  0.000000000000000000e+00   8.438614439708837381e+03  3.441020002615903032e-09 3.111151562499999912e+01 1.027704718749999984e+03
-9.186191602577868309e+01  0.000000000000000000e+00   8.438611644703030834e+03  3.410017790279505214e-09 3.115210937500000199e+01 1.030007906250000133e+03
-9.186190790911328463e+01  0.000000000000000000e+00   8.438610153399766205e+03  3.400720834539084536e-09 3.112273437500000028e+01 1.028239843750000091e+03
-9.186191488671748573e+01  0.000000000000000000e+00   8.438611435102358882e+03  3.371150840622299044e-09 3.114115625000000165e+01 1.029227499999999964e+03
-9.186194499441882044e+01  0.000000000000000000e+00   8.438616966437324663e+03  3.351223983497367897e-09 3.117031250000000142e+01 1.031236687500000016e+03
-9.186194981287627570e+01  0.000000000000000000e+00   8.438617851516086375e+03  3.329062599698953490e-09 3.110943750000000207e+01 1.027535062500000095e+03
-9.186191442559662335e+01  0.000000000000000000e+00   8.438611349751556190e+03  3.296267311673613898e-09 3.121090625000000074e+01 1.033047562499999913e+03
-9.186192660479348149e+01  0.000000000000000000e+00   8.438613587316460325e+03  3.291061419429079656e-09 3.118418750000000017e+01 1.032043937500000084e+03
-9.186191622030059989e+01  0.000000000000000000e+00   8.438611679101000846e+03  3.251183528306976502e-09 3.115873437500000165e+01 1.030150531250000085e+03
-9.186193117098683558e+01  0.000000000000000000e+00   8.438614425619038229e+03  3.218053751477147316e-09 3.113248437500000065e+01 1.028797781250000071e+03
-9.186191657352591733e+01  0.000000000000000000e+00   8.438611743854287852e+03  3.234282225470417623e-09 3.113148437499999943e+01 1.029018281249999973e+03
-9.186194921537982339e+01  0.000000000000000000e+00   8.438617740716303160e+03  3.207549120491243087e-09 3.118882812500000057e+01 1.032076343749999978e+03
-9.186190304474833113e+01  0.000000000000000000e+00   8.438609257994721702e+03  3.198628774405441775e-09 3.116851562500000128e+01 1.031432906250000087e+03
-9.186192001189090206e+01  0.000000000000000000e+00   8.438612374904536409e+03  3.156146128106498824e-09 3.117681250000000048e+01 1.031288125000000036e+03
-9.186193070329387922e+01  0.000000000000000000e+00   8.438614339054123775e+03  3.142382823888967945e-09 3.118337500000000162e+01 1.031645625000000109e+03
-9.186194277382936946e+01  0.000000000000000000e+00   8.438616556417162428e+03  3.108905381465900391e-09 3.110818749999999966e+01 1.026859500000000025e+03
-9.186190852808375951e+01  0.000000000000000000e+00   8.438610264561963049e+03  3.097658716689993267e-09 3.112704687500000134e+01 1.027976656250000133e+03
-9.186191686394883504e+01  0.000000000000000000e+00   8.438611795798553430e+03  3.066796638656267555e-09 3.116731250000000131e+01 1.030809250000000020e+03
-9.186190876930471916e+01  0.000000000000000000e+00   8.438610308557752433e+03  3.059471738827557798e-09 3.112509375000000134e+01 1.028736875000000055e+03
-9.186193468410543517e+01  0.000000000000000000e+00   8.438615069569863408e+03  3.041140039991874478e-09 3.110579687499999935e+01 1.027498031249999940e+03
-9.186189594329873387e+01  0.000000000000000000e+00   8.438607951814956323e+03  3.023900741752823696e-09 3.107670312500000165e+01 1.025424281249999922e+03
-9.186191183435251162e+01  0.000000000000000000e+00   8.438610871361308455e+03  3.021700382274464260e-09 3.108409375000000097e+01 1.025789250000000038e+03
-9.186195525532927775e+01  0.000000000000000000e+00   8.438618848553633143e+03  2.988820162049005283e-09 3.112956250000000225e+01 1.028404250000000047e+03
-9.186190959393380240e+01  0.000000000000000000e+00   8.438610459370051103e+03  2.977502586393142492e-09 3.112373437500000151e+01 1.027897281250000106e+03
-9.186195020570158931e+01  0.000000000000000000e+00   8.438617920579203201e+03  2.960722417036190476e-09 3.111026562500000026e+01 1.027208718750000116e+03
-9.186190306970260622e+01  0.000000000000000000e+00   8.438609260433750023e+03  2.944361121612199395e-09 3.125539062500000043e+01 1.036285531250000076e+03
-9.186191708663959332e+01  0.000000000000000000e+00   8.438611835662490193e+03  2.942408583341576677e-09 3.116159375000000153e+01 1.030356812499999933e+03
-9.186191814786945997e+01  0.000000000000000000e+00   8.438612030320295162e+03  2.905030756984881091e-09 3.118564062500000134e+01 1.031626156250000122e+03
-9.186195113300651371e+01  0.000000000000000000e+00   8.438618090407833733e+03  2.896796180221298636e-09 3.117415624999999935e+01 1.031271500000000060e+03
-9.186190855571230429e+01  0.000000000000000000e+00   8.438610267937596291e+03  2.896157803255842218e-09 3.114193750000000094e+01 1.029376312500000040e+03
-9.186191383222663376e+01  0.000000000000000000e+00   8.438611237225391960e+03  2.880327071631521627e-09 3.117478125000000233e+01 1.031239874999999984e+03
-9.186193456545757385e+01  0.000000000000000000e+00   8.438615046027091012e+03  2.834432293089591727e-09 3.118818750000000151e+01 1.031914937499999951e+03
-9.186192724823074229e+01  0.000000000000000000e+00   8.438613701735706854e+03  2.841280511060613806e-09 3.111190625000000054e+01 1.028103062500000078e+03
-9.186193209023115003e+01  0.000000000000000000e+00   8.438614591153127549e+03  2.820710401120842961e-09 3.118262500000000159e+01 1.032072875000000067e+03
-9.186192573111341630e+01  0.000000000000000000e+00   8.438613422866756082e+03  2.824890412499942593e-09 3.111907812500000148e+01 1.028413031250000131e+03
-9.186190832127074657e+01  0.000000000000000000e+00   8.438610223904572194e+03  2.782332623287673945e-09 3.118260937500000196e+01 1.031869343750000098e+03
-9.186190754954968440e+01  0.000000000000000000e+00   8.438610082249260813e+03  2.797528044406962614e-09 3.112939062499999920e+01 1.028749468750000005e+03
-9.186190873706787841e+01  0.000000000000000000e+00   8.438610300129483221e+03  2.762551495038314054e-09 3.115548437500000034e+01 1.030572843749999947e+03
-9.186192560836825294e+01  0.000000000000000000e+00   8.438613399823912914e+03  2.766631161198176273e-09 3.121671875000000185e+01 1.034141062500000089e+03
-9.186191547010824365e+01  0.000000000000000000e+00   8.438611536792055631e+03  2.720203912262608658e-09 3.118276562500000182e+01 1.031437906249999969e+03
-9.186192456761224889e+01  0.000000000000000000e+00   8.438613208053924609e+03  2.700472286103975952e-09 3.117243750000000091e+01 1.030798687499999915e+03
-9.186193142540807344e+01  0.000000000000000000e+00   8.438614468128289445e+03  2.716312622419944788e-09 3.107579687500000176e+01 1.024954156250000096e+03
-9.186190407793907298e+01  0.000000000000000000e+00   8.438609443723031291e+03  2.713545643769462484e-09 3.115907812500000063e+01 1.030392906250000124e+03
-9.186192069544377148e+01  0.000000000000000000e+00   8.438612496536619801e+03  2.687718956543993719e-09 3.117587500000000134e+01 1.031026624999999967e+03
-9.186194096526034514e+01  0.000000000000000000e+00   8.438616220312231235e+03  2.655323240669703463e-09 3.114993750000000006e+01 1.029729437500000131e+03
-9.186192755841615565e+01  0.000000000000000000e+00   8.438613756991728224e+03  2.635981576173610797e-09 3.118498437499999909e+01 1.031784718749999911e+03
-9.186192486895987486e+01  0.000000000000000000e+00   8.438613262836408467e+03  2.631472525247380967e-09 3.108490624999999952e+01 1.025656812500000115e+03
-9.186192923318095893e+01  0.000000000000000000e+00   8.438614064786183008e+03  2.647856215263819524e-09 3.118482812499999923e+01 1.031958406250000053e+03
-9.186188955447605053e+01  0.000000000000000000e+00   8.438606774626086917e+03  2.619784534215443035e-09 3.118599999999999994e+01 1.031546437499999911e+03
-9.186192177003809434e+01  0.000000000000000000e+00   8.438612693297971418e+03  2.608648392742597709e-09 3.115698437500000040e+01 1.030103093749999971e+03
-9.186191626992219028e+01  0.000000000000000000e+00   8.438611682613098310e+03  2.587025467750109465e-09 3.112653124999999932e+01 1.028470437500000116e+03
-9.186189125912304121e+01  0.000000000000000000e+00   8.438607087466954908e+03  2.579099602000346673e-09 3.113495312499999912e+01 1.028816156249999949e+03
-9.186191399445073102e+01  0.000000000000000000e+00   8.438611264551627755e+03  2.586653762607718061e-09 3.119445312499999901e+01 1.032440906250000126e+03
-9.186191484947897834e+01  0.000000000000000000e+00   8.438611421403027634e+03  2.558489874786153012e-09 3.111615624999999952e+01 1.027667437500000005e+03
-9.186193266987815775e+01  0.000000000000000000e+00   8.438614695397023752e+03  2.553949499865786328e-09 3.109217187500000179e+01 1.026842781249999916e+03
-9.186193528184506363e+01  0.000000000000000000e+00   8.438615175168428323e+03  2.541002017118369218e-09 3.111023437500000099e+01 1.027740343749999965e+03
-9.186191776313941659e+01  0.000000000000000000e+00   8.438611956630717032e+03  2.548870331746486946e-09 3.114707812500000017e+01 1.029718968749999931e+03
-9.186194771851789653e+01  0.000000000000000000e+00   8.438617459936474916e+03  2.523726074133742466e-09 3.120731250000000045e+01 1.033378687500000069e+03
-9.186190748950923535e+01  0.000000000000000000e+00   8.438610068792628226e+03  2.510066803609793871e-09 3.116679687499999929e+01 1.030519468749999987e+03
-9.186191329248752879e+01  0.000000000000000000e+00   8.438611134894515999e+03  2.504916864554550485e-09 3.114946875000000048e+01 1.029681749999999965e+03
-9.186191791667231143e+01  0.000000000000000000e+00   8.438611984353738080e+03  2.491440081155398617e-09 3.116951562499999895e+01 1.030862093749999985e+03
-9.186192111660456305e+01  0.000000000000000000e+00   8.438612572190348146e+03  2.483473191612281152e-09 3.116056250000000105e+01 1.030560062499999958e+03
-9.186192581270297808e+01  0.000000000000000000e+00   8.438613434751307068e+03  2.456891928671582984e-09 3.106418749999999918e+01 1.024804374999999936e+03
-9.186191223461291600e+01  0.000000000000000000e+00   8.438610940180304169e+03  2.462559179230477072e-09 3.118856249999999974e+01 1.032322437499999978e+03
-9.186190810822965602e+01  0.000000000000000000e+00   8.438610182053469543e+03  2.461144709273393936e-09 3.116581250000000125e+01 1.031150624999999991e+03
-9.186192731206021733e+01  0.000000000000000000e+00   8.438613710086241554e+03  2.441159963052782949e-09 3.111089062499999969e+01 1.027248843750000106e+03
-9.186191341715317549e+01  0.000000000000000000e+00   8.438611157208742952e+03  2.435021033021954205e-09 3.117779687500000207e+01 1.031546406250000018e+03
-9.186190584770895384e+01  0.000000000000000000e+00   8.438609766479410609e+03  2.430028951566470607e-09 3.113210937500000242e+01 1.028376593749999984e+03
-9.186191735782161061e+01  0.000000000000000000e+00   8.438611881026972696e+03  2.414108489367762847e-09 3.114254687500000074e+01 1.029522031250000055e+03
-9.186192382572181714e+01  0.000000000000000000e+00   8.438613069301190990e+03  2.410167794989785934e-09 3.111503125000000125e+01 1.027597437500000069e+03
-9.186193625366095716e+01  0.000000000000000000e+00   8.438615352307264402e+03  2.374275222828758345e-09 3.110712499999999991e+01 1.026852812500000027e+03
-9.186191079387566560e+01  0.000000000000000000e+00   8.438610674898507568e+03  2.393348678858453247e-09 3.113028124999999946e+01 1.028219687499999964e+03
-9.186192064533223345e+01  0.000000000000000000e+00   8.438612484842156846e+03  2.392909941174028096e-09 3.116578125000000199e+01 1.030788999999999987e+03
-9.186191636038134334e+01  0.000000000000000000e+00   8.438611697519672816e+03  2.384038545507184140e-09 3.114306249999999920e+01 1.029499312500000087e+03
-9.186194076747665349e+01  0.000000000000000000e+00   8.438616181622990553e+03  2.376645667946882715e-09 3.112371875000000188e+01 1.028348312500000020e+03
-9.186190420811354329e+01  0.000000000000000000e+00   8.438609464489005404e+03  2.340240652313136112e-09 3.108887500000000159e+01 1.025737000000000080e+03
-9.186193414369490995e+01  0.000000000000000000e+00   8.438614964419633907e+03  2.346249243988413208e-09 3.114807812500000139e+01 1.029998218749999978e+03
-9.186191465420881741e+01  0.000000000000000000e+00   8.438611383622626818e+03  2.332786856270706912e-09 3.119643750000000182e+01 1.032700624999999945e+03
-9.186192513597009679e+01  0.000000000000000000e+00   8.438613309424925319e+03  2.339051444164041583e-09 3.113745312500000040e+01 1.029130156250000027e+03
-9.186194508805205317e+01  0.000000000000000000e+00   8.438616974760154335e+03  2.298938802584402940e-09 3.111621875000000159e+01 1.027082812500000045e+03
-9.186191580653169808e+01  0.000000000000000000e+00   8.438611595127436885e+03  2.308569133778236445e-09 3.116178125000000065e+01 1.030547000000000025e+03
-9.186190356905892429e+01  0.000000000000000000e+00   8.438609346703851770e+03  2.295730395754099302e-09 3.120364062500000202e+01 1.033058031250000113e+03
-9.186192796542961503e+01  0.000000000000000000e+00   8.438613828957977603e+03  2.302771373720902416e-09 3.112792187500000196e+01 1.028836406249999982e+03
-9.186192462575431250e+01  0.000000000000000000e+00   8.438613215301462333e+03  2.293468812869240372e-09 3.110307812499999969e+01 1.026611531250000098e+03
-9.186192510416822188e+01  0.000000000000000000e+00   8.438613303072621420e+03  2.278669395848295891e-09 3.112104687500000111e+01 1.027879468750000115e+03
-9.186191313953715110e+01  0.000000000000000000e+00   8.438611104863201035e+03  2.276124925114175443e-09 3.120098437500000088e+01 1.032511093750000100e+03
-9.186192629903725049e+01  0.000000000000000000e+00   8.438613522491948970e+03  2.266035414197673384e-09 3.113092187500000207e+01 1.028250656250000020e+03
-9.186191478273369171e+01  0.000000000000000000e+00   8.438611406459525824e+03  2.240806931279034653e-09 3.114846874999999926e+01 1.030235062499999913e+03
-9.186191561509933479e+01  0.000000000000000000e+00   8.438611559525650591e+03  2.257482697770458712e-09 3.116209375000000037e+01 1.030867437500000051e+03
-9.186193197016224588e+01  0.000000000000000000e+00   8.438614564270461415e+03  2.249154124453423355e-09 3.110732812500000222e+01 1.027498031249999940e+03
-9.186193242838096751e+01  0.000000000000000000e+00   8.438614648420598314e+03  2.244938052899885644e-09 3.114012500000000117e+01 1.029116874999999936e+03
-9.186192998734867388e+01  0.000000000000000000e+00   8.438614199767538594e+03  2.223941992142572371e-09 3.115903125000000173e+01 1.030694937499999924e+03
-9.186192649762232065e+01  0.000000000000000000e+00   8.438613558556031421e+03  2.216177421563104775e-09 3.105571875000000048e+01 1.024170749999999998e+03
-9.186191398038350542e+01  0.000000000000000000e+00   8.438611258795264803e+03  2.210776850354065479e-09 3.121568750000000136e+01 1.033783374999999978e+03
-9.186192824508506760e+01  0.000000000000000000e+00   8.438613879554986852e+03  2.210058364031304266e-09 3.120082812500000102e+01 1.032380093750000015e+03
-9.186191798243730489e+01  0.000000000000000000e+00   8.438611994014107040e+03  2.204399016515596936e-09 3.111765624999999957e+01 1.028341499999999996e+03
-9.186191813369852355e+01  0.000000000000000000e+00   8.438612021771868967e+03  2.200544229880999271e-09 3.110537500000000222e+01 1.027467687500000011e+03
-9.186193294283729927e+01  0.000000000000000000e+00   8.438614742461595597e+03  2.188423052917641711e-09 3.121553125000000151e+01 1.033365437500000098e+03
-9.186191249828384287e+01  0.000000000000000000e+00   8.438610986250116184e+03  2.181372989517809297e-09 3.119073437500000168e+01 1.032043406250000089e+03
-9.186191923244416557e+01  0.000000000000000000e+00   8.438612223568819900e+03  2.192389496535300611e-09 3.115826562500000207e+01 1.030254156250000051e+03
-9.186192770996996160e+01  0.000000000000000000e+00   8.438613780901265272e+03  2.169730546948265901e-09 3.115626562499999963e+01 1.030348281250000127e+03
-9.186191895393240259e+01  0.000000000000000000e+00   8.438612172054989060e+03  2.151555750512434101e-09 3.120856249999999932e+01 1.032926500000000033e+03
-9.186191183526392479e+01  0.000000000000000000e+00   8.438610864416979894e+03  2.178934225511672156e-09 3.109178125000000037e+01 1.026603499999999940e+03
-9.186192401457823564e+01  0.000000000000000000e+00   8.438613101793540409e+03  2.148859560904276809e-09 3.120126562500000134e+01 1.032696531250000135e+03
-9.186193076434256000e+01  0.000000000000000000e+00   8.438614341758735463e+03  2.133747082836648219e-09 3.119948437500000082e+01 1.032475468750000118e+03
-9.186193346325404718e+01  0.000000000000000000e+00   8.438614837619021273e+03  2.134438890447518092e-09 3.116634374999999935e+01 1.030273562500000025e+03
-9.186191263161390452e+01  0.000000000000000000e+00   8.438611010235976210e+03  2.120930776856167522e-09 3.115101562499999943e+01 1.030297468750000007e+03
-9.186192188855427787e+01  0.000000000000000000e+00   8.438612711053589010e+03  2.132428942154349389e-09 3.109503125000000168e+01 1.026277125000000069e+03
-9.186193923509158310e+01  0.000000000000000000e+00   8.438615897963181851e+03  2.124936508132923355e-09 3.115256250000000193e+01 1.029803187499999922e+03
-9.186192992072435004e+01  0.000000000000000000e+00   8.438614186595994397e+03  2.113607990460840150e-09 3.114445312500000185e+01 1.029349781249999978e+03
-9.186193565331258526e+01  0.000000000000000000e+00   8.438615239636268598e+03  2.093107326696275705e-09 3.106373437499999923e+01 1.024481468749999976e+03
-9.186191849276508492e+01  0.000000000000000000e+00   8.438612086939276196e+03  2.105543075490552326e-09 3.116598437500000074e+01 1.030904843750000055e+03
-9.186191093934215246e+01  0.000000000000000000e+00   8.438610699055459918e+03  2.088949308508620172e-09 3.117171875000000014e+01 1.031406312500000013e+03
-9.186192594875140571e+01  0.000000000000000000e+00   8.438613456705110366e+03  2.096460950048213782e-09 3.113804687500000057e+01 1.028976968749999969e+03
-9.186192430680235077e+01  0.000000000000000000e+00   8.438613154848440900e+03  2.073771653943323912e-09 3.116518750000000182e+01 1.030374312500000087e+03
-9.186190976994794255e+01  0.000000000000000000e+00   8.438610484164653826e+03  2.083589141585927056e-09 3.115564062500000020e+01 1.030256218750000016e+03
-9.186192423709999844e+01  0.000000000000000000e+00   8.438613141999863728e+03  2.068724209690563112e-09 3.117535937499999932e+01 1.031483593749999955e+03
-9.186191827302651802e+01  0.000000000000000000e+00   8.438612046241169082e+03  2.066804956406460350e-09 3.118042187500000040e+01 1.032018406249999998e+03
-9.186192365032501073e+01  0.000000000000000000e+00   8.438613034049043563e+03  2.051391849899646920e-09 3.105687500000000156e+01 1.023387687499999970e+03
-9.186192525222682548e+01  0.000000000000000000e+00   8.438613328418769015e+03  2.058757740463261567e-09 3.115660937500000216e+01 1.030614406250000002e+03
-9.186191109555196022e+01  0.000000000000000000e+00   8.438610727644023427e+03  2.075807525965598666e-09 3.123209375000000065e+01 1.035438187499999913e+03
-9.186193321443428772e+01  0.000000000000000000e+00   8.438614791293221060e+03  2.061954070895297316e-09 3.114509375000000091e+01 1.029304187500000126e+03
-9.186191658839467777e+01  0.000000000000000000e+00   8.438611736548135013e+03  2.044762108377313557e-09 3.108950000000000102e+01 1.026398687500000051e+03
-9.186192054354067693e+01  0.000000000000000000e+00   8.438612463049288635e+03  2.026578100648199469e-09 3.106481250000000216e+01 1.024965249999999969e+03
-9.186192987282068145e+01  0.000000000000000000e+00   8.438614176879189472e+03  2.005088102440291131e-09 3.107181250000000006e+01 1.025370187499999929e+03
-9.186191741022595636e+01  0.000000000000000000e+00   8.438611887399316402e+03  2.028312383087749683e-09 3.106026562499999955e+01 1.023881968750000055e+03
-9.186192693767969786e+01  0.000000000000000000e+00   8.438613637680182364e+03  2.011773468206746798e-09 3.114946875000000048e+01 1.029515374999999949e+03
-9.186193740225871807e+01  0.000000000000000000e+00   8.438615560272834045e+03  2.011744125431242749e-09 3.108604687500000097e+01 1.025895218749999913e+03
-9.186192775675657174e+01  0.000000000000000000e+00   8.438613788178201503e+03  2.013439460600944338e-09 3.113767187500000233e+01 1.029448031249999985e+03
-9.186192188576681872e+01  0.000000000000000000e+00   8.438612709517195981e+03  2.011049854101182107e-09 3.104179687499999929e+01 1.023371031249999987e+03
-9.186194076980895318e+01  0.000000000000000000e+00   8.438616178800322814e+03  1.991373344610291878e-09 3.116773437500000199e+01 1.030785218750000013e+03
-9.186192337253588391e+01  0.000000000000000000e+00   8.438612982561055105e+03  1.997887539306209929e-09 3.105392187500000034e+01 1.023724468750000028e+03
-9.186192266318863631e+01  0.000000000000000000e+00   8.438612852203748844e+03  1.993941395634538884e-09 3.108790624999999963e+01 1.026112000000000080e+03
-9.186193007933876231e+01  0.000000000000000000e+00   8.438614214518953304e+03  1.969236908561722962e-09 3.115237499999999926e+01 1.029832562499999995e+03
-9.186189750353001671e+01  0.000000000000000000e+00   8.438608229686627965e+03  1.983451827069877180e-09 3.115990625000000236e+01 1.030565624999999955e+03
-9.186193848162390907e+01  0.000000000000000000e+00   8.438615758278067005e+03  1.976202221886056815e-09 3.110018750000000054e+01 1.025971749999999929e+03
-9.186190230453873085e+01  0.000000000000000000e+00   8.438609111716708867e+03  1.979957894664267745e-09 3.113224999999999909e+01 1.028951312500000085e+03
-9.186193197797999233e+01  0.000000000000000000e+00   8.438614563255481698e+03  1.958669652058099512e-09 3.102342187500000037e+01 1.021603843750000010e+03
-9.186191264525758982e+01  0.000000000000000000e+00   8.438611011383220102e+03  1.959834907540028135e-09 3.110260937500000011e+01 1.026815906250000126e+03
-9.186192199070951858e+01  0.000000000000000000e+00   8.438612728471496666e+03  1.972397083463601424e-09 3.110962500000000119e+01 1.027376437500000065e+03
-9.186192906482219200e+01  0.000000000000000000e+00   8.438614027944853660e+03  1.947527067411292542e-09 3.118517187500000176e+01 1.031429406250000056e+03
-9.186191847157850532e+01  0.000000000000000000e+00   8.438612081694733206e+03  1.945319581396066892e-09 3.114659375000000097e+01 1.029554312499999924e+03
-9.186192687536900792e+01  0.000000000000000000e+00   8.438613625581963788e+03  1.934716051428727547e-09 3.118875000000000242e+01 1.032236625000000004e+03
-9.186191574838674967e+01  0.000000000000000000e+00   8.438611581243512774e+03  1.929204549618791457e-09 3.116456250000000239e+01 1.030563374999999951e+03
-9.186193193404191959e+01  0.000000000000000000e+00   8.438614554899497307e+03  1.925072749473500677e-09 3.110821874999999892e+01 1.026971999999999980e+03
-9.186194621394140825e+01  0.000000000000000000e+00   8.438617178313690601e+03  1.907969770865346300e-09 3.113446874999999991e+01 1.028415625000000091e+03
-9.186192345411775761e+01  0.000000000000000000e+00   8.438612996932004535e+03  1.924701918323247465e-09 3.115223437499999903e+01 1.029941406250000000e+03
-9.186189647327773855e+01  0.000000000000000000e+00   8.438608040008417447e+03  1.936482948136128842e-09 3.106634375000000148e+01 1.025740687499999922e+03
-9.186191117524214178e+01  0.000000000000000000e+00   8.438610740986812743e+03  1.921967464000470838e-09 3.115870312500000239e+01 1.030451093749999927e+03
-9.186193023850552208e+01  0.000000000000000000e+00   8.438614243141386396e+03  1.895729686361427795e-09 3.109481249999999974e+01 1.026968812500000013e+03
-9.186192274670719371e+01  0.000000000000000000e+00   8.438612866865012620e+03  1.912993619929877856e-09 3.115385937499999969e+01 1.030324343750000025e+03
-9.186191468371255553e+01  0.000000000000000000e+00   8.438611385549565966e+03  1.918785070799817384e-09 3.113229687500000153e+01 1.028766468750000058e+03
-9.186189870105566513e+01  0.000000000000000000e+00   8.438608448997321830e+03  1.900113018054033391e-09 3.112414062499999901e+01 1.028747718750000104e+03
-9.186193650056344495e+01  0.000000000000000000e+00   8.438615393629654136e+03  1.895583927986452670e-09 3.117154687500000065e+01 1.030918593750000127e+03
-9.186190171911387381e+01  0.000000000000000000e+00   8.438609003463347108e+03  1.897375552665841551e-09 3.120076562499999895e+01 1.033154156249999915e+03
-9.186193476052432061e+01  0.000000000000000000e+00   8.438615074086654204e+03  1.912615681982629657e-09 3.119726562500000000e+01 1.032873656250000067e+03
-9.186192735299448486e+01  0.000000000000000000e+00   8.438613712914673670e+03  1.885124475971320949e-09 3.113931249999999906e+01 1.029051124999999956e+03
-9.186193625250041350e+01  0.000000000000000000e+00   8.438615347906710667e+03  1.878064239086910780e-09 3.115734374999999901e+01 1.030091937500000085e+03
-9.186193005691637836e+01  0.000000000000000000e+00   8.438614209531830056e+03  1.866424066215162716e-09 3.111945312499999972e+01 1.027571531250000135e+03
-9.186191229142183090e+01  0.000000000000000000e+00   8.438610945533620907e+03  1.860109872788785400e-09 3.120610937500000048e+01 1.033230031249999911e+03
-9.186191680244543534e+01  0.000000000000000000e+00   8.438611774342616627e+03  1.863246023017286667e-09 3.106946875000000219e+01 1.024982187500000009e+03
-9.186192993309235533e+01  0.000000000000000000e+00   8.438614186733580937e+03  1.860638562559990917e-09 3.123379687499999946e+01 1.035311968750000005e+03
-9.186191794795506382e+01  0.000000000000000000e+00   8.438611984619599752e+03  1.841863515484210572e-09 3.109618749999999920e+01 1.026320625000000064e+03
-9.186193952583278133e+01  0.000000000000000000e+00   8.438615949113915121e+03  1.856483989904987940e-09 3.115762499999999946e+01 1.029702125000000024e+03
-9.186191036040739277e+01  0.000000000000000000e+00   8.438610590740652697e+03  1.857785615418860750e-09 3.107876562499999906e+01 1.025836281249999956e+03
-9.186193622995190822e+01  0.000000000000000000e+00   8.438615343478248178e+03  1.844200265508109694e-09 3.118953125000000171e+01 1.032208312499999920e+03
-9.186190514228034942e+01  0.000000000000000000e+00   8.438609631989667832e+03  1.851057905666174549e-09 3.119782812500000091e+01 1.032925156250000100e+03
-9.186192648474890632e+01  0.000000000000000000e+00   8.438613552973682090e+03  1.834930477759607635e-09 3.113915624999999920e+01 1.029045624999999973e+03
-9.186192213061318057e+01  0.000000000000000000e+00   8.438612752998567885e+03  1.832970605527941032e-09 3.118790625000000105e+01 1.032484625000000051e+03
-9.186192815546216650e+01  0.000000000000000000e+00   8.438613859687662625e+03  1.806975668313647610e-09 3.108706250000000182e+01 1.026250312500000064e+03
-9.186191375696478190e+01  0.000000000000000000e+00   8.438611214451333581e+03  1.820121458332566640e-09 3.105993750000000020e+01 1.024390062500000113e+03
-9.186191931747499950e+01  0.000000000000000000e+00   8.438612236161034161e+03  1.833328324391549929e-09 3.117482812500000122e+01 1.030931781250000085e+03
-9.186194272474610045e+01  0.000000000000000000e+00   8.438616536390432884e+03  1.804312339221371197e-09 3.112701562500000207e+01 1.028245031250000011e+03
-9.186192120944224371e+01  0.000000000000000000e+00   8.438612583633428585e+03  1.818267385657696891e-09 3.114679687499999972e+01 1.029710593750000044e+03
-9.186190904834086268e+01  0.000000000000000000e+00   8.438610349418528131e+03  1.826471265149290747e-09 3.113284374999999926e+01 1.028711937499999976e+03
-9.186193984304547655e+01  0.000000000000000000e+00   8.438616007069820625e+03  1.818131710317978747e-09 3.117782812500000134e+01 1.031455343750000111e+03
-9.186192718820639413e+01  0.000000000000000000e+00   8.438613682004335715e+03  1.809894758651186213e-09 3.119328125000000185e+01 1.032372062500000084e+03
-9.186193523863857990e+01  0.000000000000000000e+00   8.438615161046733192e+03  1.808223886763976537e-09 3.122385937499999997e+01 1.034228968749999922e+03
-9.186191495273985197e+01  0.000000000000000000e+00   8.438611433981703158e+03  1.800923388285854323e-09 3.110353124999999963e+01 1.026913125000000036e+03
-9.186191736182968270e+01  0.000000000000000000e+00   8.438611876461754946e+03  1.785854022683678010e-09 3.109121874999999946e+01 1.026395625000000109e+03
-9.186193827432994397e+01  0.000000000000000000e+00   8.438615718641854983e+03  1.792361474559187238e-09 3.118678124999999923e+01 1.032147312499999998e+03
-9.186192107150229447e+01  0.000000000000000000e+00   8.438612557912971170e+03  1.773520654568734927e-09 3.114721875000000040e+01 1.028638562500000035e+03
-9.186192465933231688e+01  0.000000000000000000e+00   8.438613217100650218e+03  1.775623906504001338e-09 3.112860937499999991e+01 1.028634843750000073e+03
-9.186193500059482631e+01  0.000000000000000000e+00   8.438615117062998252e+03  1.778667365114675945e-09 3.117735937500000176e+01 1.031592343750000055e+03
-9.186192387724861419e+01  0.000000000000000000e+00   8.438613073466645801e+03  1.781954801586767038e-09 3.113599999999999923e+01 1.028286562499999945e+03
-9.186192918554338860e+01  0.000000000000000000e+00   8.438614048677163737e+03  1.776047082467911249e-09 3.111804687500000099e+01 1.028044656250000116e+03
-9.186192524050100872e+01  0.000000000000000000e+00   8.438613323848299842e+03  1.772436249491357518e-09 3.111090624999999932e+01 1.027575749999999971e+03
-9.186191768627557508e+01  0.000000000000000000e+00   8.438611935940039984e+03  1.770429934641568244e-09 3.113682812500000097e+01 1.028974281250000104e+03
-9.186193462485900341e+01  0.000000000000000000e+00   8.438615048067180396e+03  1.782912313008160327e-09 3.118937500000000185e+01 1.032220312500000091e+03
-9.186194464529641834e+01  0.000000000000000000e+00   8.438616888969248976e+03  1.772061296509489080e-09 3.118864062500000145e+01 1.032184968750000053e+03
-9.186192981412212077e+01  0.000000000000000000e+00   8.438614163867781826e+03  1.741172554907517696e-09 3.113814062500000190e+01 1.029170656250000093e+03
-9.186191574699688545e+01  0.000000000000000000e+00   8.438611579635919043e+03  1.768959705109501848e-09 3.128154687500000009e+01 1.038492093750000095e+03
-9.186189569023534318e+01  0.000000000000000000e+00   8.438607894557644613e+03  1.748388710848188974e-09 3.106192187499999946e+01 1.024538031250000131e+03
-9.186193284044219354e+01  0.000000000000000000e+00   8.438614719853176211e+03  1.738586852542574655e-09 3.114281250000000156e+01 1.029583374999999933e+03
-9.186191926453639667e+01  0.000000000000000000e+00   8.438612225710830899e+03  1.747518046974580684e-09 3.114359375000000085e+01 1.029613687499999969e+03
-9.186190698770712970e+01  0.000000000000000000e+00   8.438609970035431616e+03  1.732189926165480080e-09 3.121151562500000054e+01 1.033070781249999982e+03
-9.186192741153884356e+01  0.000000000000000000e+00   8.438613722362017143e+03  1.730045456704191367e-09 3.116554687500000043e+01 1.030608531249999942e+03
-9.186192460578857322e+01  0.000000000000000000e+00   8.438613207036174572e+03  1.748698441177978448e-09 3.117465625000000173e+01 1.031221687499999916e+03
-9.186192730608851775e+01  0.000000000000000000e+00   8.438613703050590630e+03  1.737429960226359726e-09 3.104448437499999969e+01 1.023604906249999999e+03
-9.186193129308257710e+01  0.000000000000000000e+00   8.438614435540954219e+03  1.735584654682649752e-09 3.115725000000000122e+01 1.030965625000000045e+03
-9.186191942595472426e+01  0.000000000000000000e+00   8.438612255172514779e+03  1.724444331890058428e-09 3.114146875000000136e+01 1.029263062499999933e+03
-9.186192506938665758e+01  0.000000000000000000e+00   8.438613291954581655e+03  1.718407057457535480e-09 3.114828125000000014e+01 1.029537312500000098e+03
-9.186192590848611417e+01  0.000000000000000000e+00   8.438613446101429872e+03  1.716542471126825125e-09 3.109654687500000136e+01 1.026250031250000120e+03
-9.186191761945768519e+01  0.000000000000000000e+00   8.438611923144109824e+03  1.708821366516245513e-09 3.103257812500000057e+01 1.022599968750000016e+03
-9.186192867896066616e+01  0.000000000000000000e+00   8.438613955061833622e+03  1.711581789531200671e-09 3.119232812499999952e+01 1.032463593749999973e+03
-9.186190792664179128e+01  0.000000000000000000e+00   8.438610142392924899e+03  1.714750583040911764e-09 3.115143750000000011e+01 1.029646062499999971e+03
-9.186191352194421711e+01  0.000000000000000000e+00   8.438611170237330953e+03  1.697456137440030293e-09 3.115185937500000080e+01 1.029711906250000084e+03
-9.186194867819880017e+01  0.000000000000000000e+00   8.438617629307938842e+03  1.700741626574431345e-09 3.111170312500000179e+01 1.027933656250000013e+03
-9.186192634235862897e+01  0.000000000000000000e+00   8.438613525611746809e+03  1.692555871976820011e-09 3.116959375000000065e+01 1.030565562499999942e+03
-9.186191047630813955e+01  0.000000000000000000e+00   8.438610610718609678e+03  1.701862852239069591e-09 3.110370312499999912e+01 1.027523531250000133e+03
-9.186193031545884935e+01  0.000000000000000000e+00   8.438614255636482994e+03  1.701021666394586041e-09 3.113510937499999898e+01 1.029222156250000126e+03
-9.186193953230049658e+01  0.000000000000000000e+00   8.438615948828752153e+03  1.681877632633460977e-09 3.116825000000000045e+01 1.030818500000000085e+03
-9.186191580633526144e+01  0.000000000000000000e+00   8.438611589759530034e+03  1.676733406437447615e-09 3.117689062500000219e+01 1.030376531249999971e+03
-9.186192876518292394e+01  0.000000000000000000e+00   8.438613970677037287e+03  1.684814107965114810e-09 3.121103125000000134e+01 1.033694812500000126e+03
-9.186191998753209020e+01  0.000000000000000000e+00   8.438612357977513966e+03  1.680580273021694256e-09 3.112670312500000236e+01 1.029002656249999973e+03
-9.186191764478628841e+01  0.000000000000000000e+00   8.438611927552361522e+03  1.679762325531646056e-09 3.109695312500000242e+01 1.026595593750000035e+03
-9.186194280356629349e+01  0.000000000000000000e+00   8.438616549808009950e+03  1.678275582033158739e-09 3.121179687500000099e+01 1.033583468750000065e+03
-9.186192033127188949e+01  0.000000000000000000e+00   8.438612421138639547e+03  1.681520082469384500e-09 3.117754687500000088e+01 1.031654281249999940e+03
-9.186191246614328065e+01  0.000000000000000000e+00   8.438610975994690307e+03  1.665833315461857957e-09 3.114032812499999991e+01 1.029324093749999975e+03
-9.186193673245325897e+01  0.000000000000000000e+00   8.438615434288713004e+03  1.665138993537716597e-09 3.114042187500000125e+01 1.028681843750000098e+03
-9.186193455033860289e+01  0.000000000000000000e+00   8.438615033337342538e+03  1.659828002072154052e-09 3.119085937500000227e+01 1.032524906249999958e+03
-9.186191420063785529e+01  0.000000000000000000e+00   8.438611294539226947e+03  1.651204791451788914e-09 3.110487499999999983e+01 1.027018250000000080e+03
-9.186192541486936136e+01  0.000000000000000000e+00   8.438613354947408880e+03  1.661456207238321703e-09 3.118565625000000097e+01 1.032096812499999942e+03
-9.186193316559761968e+01  0.000000000000000000e+00   8.438614778906263382e+03  1.657326531115201752e-09 3.113409375000000168e+01 1.028602875000000040e+03
-9.186191246068862881e+01  0.000000000000000000e+00   8.438610974962797627e+03  1.662308766906930072e-09 3.117482812500000122e+01 1.031213718749999998e+03
-9.186191593134056177e+01  0.000000000000000000e+00   8.438611612405857159e+03  1.638797568428022963e-09 3.120726562500000156e+01 1.032433906250000064e+03
-9.186192630979920182e+01  0.000000000000000000e+00   8.438613519265885770e+03  1.649430550067664956e-09 3.111707812499999903e+01 1.027777468750000025e+03
-9.186191955166103185e+01  0.000000000000000000e+00   8.438612277598347646e+03  1.645116880259021641e-09 3.112559375000000017e+01 1.028074812500000007e+03
-9.186194019253808563e+01  0.000000000000000000e+00   8.438616069794978102e+03  1.642157211751213759e-09 3.115542187500000182e+01 1.030027218749999975e+03
-9.186191444537273298e+01  0.000000000000000000e+00   8.438611339482627955e+03  1.648807805072015647e-09 3.109742187500000199e+01 1.026333156250000002e+03
-9.186191963213381939e+01  0.000000000000000000e+00   8.438612292391981100e+03  1.646167279394361511e-09 3.113048437500000176e+01 1.028631781250000131e+03
-9.186193106179450751e+01  0.000000000000000000e+00   8.438614392305551519e+03  1.647624240219598059e-09 3.118112500000000153e+01 1.031630374999999958e+03
-9.186190966905184041e+01  0.000000000000000000e+00   8.438610461885966288e+03  1.640190280783655512e-09 3.115512500000000173e+01 1.030351812500000051e+03
-9.186192320013883261e+01  0.000000000000000000e+00   8.438612947708103093e+03  1.621107316122037756e-09 3.113231250000000117e+01 1.028515437499999962e+03
-9.186193245259988771e+01  0.000000000000000000e+00   8.438614647650230836e+03  1.626357704851256143e-09 3.109576562500000207e+01 1.026837843750000047e+03
-9.186192135057289931e+01  0.000000000000000000e+00   8.438612607867322367e+03  1.617384522265768596e-09 3.107612500000000111e+01 1.025435999999999922e+03
-9.186191820052184198e+01  0.000000000000000000e+00   8.438612029194417119e+03  1.625273318565885556e-09 3.121854687500000125e+01 1.033777656250000064e+03
-9.186192747128693270e+01  0.000000000000000000e+00   8.438613732380365036e+03  1.616424869307571937e-09 3.111096875000000139e+01 1.027090312499999982e+03
-9.186192751525875622e+01  0.000000000000000000e+00   8.438613740576562122e+03  1.630351691546351022e-09 3.108059375000000202e+01 1.025607687500000111e+03
-9.186192860598009702e+01  0.000000000000000000e+00   8.438613940814917441e+03  1.612199942134288126e-09 3.109195312499999986e+01 1.025700468750000027e+03
-9.186192230533386294e+01  0.000000000000000000e+00   8.438612783378068343e+03  1.629044101251553896e-09 3.119028125000000173e+01 1.032027375000000120e+03
-9.186192312391222003e+01  0.000000000000000000e+00   8.438612933668498954e+03  1.616964773267469628e-09 3.117142187500000006e+01 1.031310031250000065e+03
-9.186192825964162978e+01  0.000000000000000000e+00   8.438613877128278546e+03  1.605563863496546646e-09 3.126828125000000114e+01 1.036787812499999973e+03
-9.186192529229293768e+01  0.000000000000000000e+00   8.438613331939675845e+03  1.603683676710066174e-09 3.110200000000000031e+01 1.027088750000000118e+03
-9.186192851940671744e+01  0.000000000000000000e+00   8.438613924854118522e+03  1.605658267712869555e-09 3.121818749999999909e+01 1.033405999999999949e+03
-9.186192349651243205e+01  0.000000000000000000e+00   8.438613001961686678e+03  1.597725138849497321e-09 3.118435937499999966e+01 1.032125031250000120e+03
-9.186191194435386365e+01  0.000000000000000000e+00   8.438610879512321844e+03  1.592690809722342039e-09 3.112448437500000153e+01 1.027699218750000000e+03
-9.186190617247139301e+01  0.000000000000000000e+00   8.438609819112924015e+03  1.596588254694247728e-09 3.107762500000000117e+01 1.025317874999999958e+03
-9.186192191214536251e+01  0.000000000000000000e+00   8.438612710884033731e+03  1.598715455942484167e-09 3.112745312500000239e+01 1.028826093749999927e+03
-9.186192177523281543e+01  0.000000000000000000e+00   8.438612685653750304e+03  1.589687565109707649e-09 3.110998437499999980e+01 1.027812406250000095e+03
-9.186192752515526649e+01  0.000000000000000000e+00   8.438613742059644210e+03  1.590636241310474741e-09 3.111456250000000168e+01 1.027461999999999989e+03
-9.186192518744533686e+01  0.000000000000000000e+00   8.438613312608151318e+03  1.595563920712080610e-09 3.114173437500000219e+01 1.029519843750000064e+03
-9.186192251971688449e+01  0.000000000000000000e+00   8.438612822299874097e+03  1.573884950080675001e-09 3.110484375000000057e+01 1.027103437499999927e+03
-9.186191040332263924e+01  0.000000000000000000e+00   8.438610596383185111e+03  1.592099594266236066e-09 3.116660937500000017e+01 1.030731968750000078e+03
-9.186191390619954689e+01  0.000000000000000000e+00   8.438611239798414317e+03  1.574713625176180321e-09 3.110035937500000003e+01 1.027043656249999913e+03
-9.186190674129944966e+01  0.000000000000000000e+00   8.438609923409767362e+03  1.571653412779583840e-09 3.111496874999999918e+01 1.027298000000000002e+03
-9.186193242863268438e+01  0.000000000000000000e+00   8.438614642735270536e+03  1.565730147732009495e-09 3.110228125000000077e+01 1.026720250000000078e+03
-9.186191394880289351e+01  0.000000000000000000e+00   8.438611247514922070e+03  1.561590386869818345e-09 3.115657812499999935e+01 1.030508468750000020e+03
-9.186191301274568843e+01  0.000000000000000000e+00   8.438611075624216028e+03  1.571699542626987568e-09 3.115707812500000173e+01 1.030030156250000118e+03
-9.186192778438604023e+01  0.000000000000000000e+00   8.438613789481727508e+03  1.566367703589185410e-09 3.110621875000000003e+01 1.026666062499999953e+03
-9.186192843288401377e+01  0.000000000000000000e+00   8.438613908703258858e+03  1.575490420171180597e-09 3.116550000000000153e+01 1.030350687500000049e+03
-9.186193644019118665e+01  0.000000000000000000e+00   8.438615379738706906e+03  1.563879898686948747e-09 3.116287499999999966e+01 1.030631875000000036e+03
-9.186192826466178474e+01  0.000000000000000000e+00   8.438613877746505750e+03  1.569527730445589868e-09 3.113745312500000040e+01 1.028787156249999953e+03
-9.186191558880746300e+01  0.000000000000000000e+00   8.438611548779930672e+03  1.556505160543503966e-09 3.114323437500000225e+01 1.029076406249999991e+03
-9.186191655904785591e+01  0.000000000000000000e+00   8.438611726992230615e+03  1.551292994997113687e-09 3.110198437500000068e+01 1.026737093749999985e+03
-9.186191573885770367e+01  0.000000000000000000e+00   8.438611576419631092e+03  1.565024987854804624e-09 3.118509375000000006e+01 1.032887812500000109e+03
-9.186191139881655943e+01  0.000000000000000000e+00   8.438610779002910931e+03  1.559366586933720746e-09 3.118046874999999929e+01 1.031826874999999973e+03
-9.186189439849840710e+01  0.000000000000000000e+00   8.438607655639567383e+03  1.559344315201629208e-09 3.111146875000000023e+01 1.027526437499999929e+03
-9.186191610081603187e+01  0.000000000000000000e+00   8.438611642652225783e+03  1.533292830373204225e-09 3.119668749999999946e+01 1.032308500000000095e+03
-9.186190990254945632e+01  0.000000000000000000e+00   8.438610504075084464e+03  1.556058291009190471e-09 3.117048437500000091e+01 1.031378281250000100e+03
-9.186193733123663208e+01  0.000000000000000000e+00   8.438615543324820464e+03  1.549635103278262482e-09 3.112881250000000222e+01 1.028371687500000007e+03
-9.186192970182233353e+01  0.000000000000000000e+00   8.438614141518899487e+03  1.537734974497725341e-09 3.103776562500000225e+01 1.022879906249999976e+03
-9.186191932593588660e+01  0.000000000000000000e+00   8.438612235169541236e+03  1.531624754135305006e-09 3.114724999999999966e+01 1.029837687500000129e+03
-9.186194038245015747e+01  0.000000000000000000e+00   8.438616103786078384e+03  1.535471069492775622e-09 3.107442187500000230e+01 1.025242968750000045e+03
-9.186192266221139846e+01  0.000000000000000000e+00   8.438612848165235846e+03  1.536642128241533087e-09 3.114446875000000148e+01 1.029375625000000127e+03
-9.186192337470987468e+01  0.000000000000000000e+00   8.438612979033687225e+03  1.532552585534253090e-09 3.114379687499999960e+01 1.029219093749999956e+03
-9.186192763188242338e+01  0.000000000000000000e+00   8.438613761134121887e+03  1.527373938731407321e-09 3.112512500000000060e+01 1.027948000000000093e+03
-9.186192915869960984e+01  0.000000000000000000e+00   8.438614041706563512e+03  1.534448418447279630e-09 3.113267187499999977e+01 1.028685906250000016e+03
-9.186193607973788744e+01  0.000000000000000000e+00   8.438615313210040767e+03  1.527761442039153145e-09 3.120687500000000014e+01 1.032534374999999955e+03
-9.186191780357789582e+01  0.000000000000000000e+00   8.438611955435249911e+03  1.526785152316780036e-09 3.118187500000000156e+01 1.032040750000000116e+03
-9.186191643903885051e+01  0.000000000000000000e+00   8.438611704795745027e+03  1.533757987913092825e-09 3.116840625000000031e+01 1.031288187500000049e+03
-9.186191448490913558e+01  0.000000000000000000e+00   8.438611345758941752e+03  1.531790246662791743e-09 3.118307812500000153e+01 1.032009656250000035e+03
-9.186192464598869378e+01  0.000000000000000000e+00   8.438613212464159005e+03  1.516701023489350509e-09 3.115423437500000148e+01 1.030252468749999935e+03
-9.186192209750964821e+01  0.000000000000000000e+00   8.438612744231062607e+03  1.514719505913573304e-09 3.119828125000000085e+01 1.032785250000000133e+03
-9.186191376252229190e+01  0.000000000000000000e+00   8.438611212938903918e+03  1.519897209328498164e-09 3.107714062500000196e+01 1.025071906249999984e+03
-9.186191555972237666e+01  0.000000000000000000e+00   8.438611542967662899e+03  1.500969434087871148e-09 3.113646875000000236e+01 1.029315562499999942e+03
-9.186192207926886510e+01  0.000000000000000000e+00   8.438612740804448549e+03  1.505790550952058206e-09 3.116482812499999966e+01 1.030537218749999965e+03
-9.186191307328775224e+01  0.000000000000000000e+00   8.438611086228072963e+03  1.510177185974292847e-09 3.112223437500000145e+01 1.028354718750000075e+03
-9.186192952359256481e+01  0.000000000000000000e+00   8.438614108570718599e+03  1.513664548114122011e-09 3.111326562500000037e+01 1.027997843750000129e+03
-9.186191692642042028e+01  0.000000000000000000e+00   8.438611794066384391e+03  1.501410200477021566e-09 3.111920312500000207e+01 1.028138843749999978e+03
-9.186191777676427250e+01  0.000000000000000000e+00   8.438611950283117039e+03  1.500023719561315291e-09 3.111540624999999949e+01 1.027956000000000131e+03
-9.186192178176774803e+01  0.000000000000000000e+00   8.438612686085944006e+03  1.498626357991411852e-09 3.112173437499999906e+01 1.028320468749999918e+03
-9.186192178021335053e+01  0.000000000000000000e+00   8.438612685904077807e+03  1.510916901740304292e-09 3.117889062500000108e+01 1.031693656250000004e+03
-9.186193103619100953e+01  0.000000000000000000e+00   8.438614386382965677e+03  1.503215016229057968e-09 3.109901562499999983e+01 1.026635843750000049e+03
-9.186193372760700981e+01  0.000000000000000000e+00   8.438614880751189048e+03  1.490283325743354514e-09 3.117629687500000202e+01 1.031049406249999947e+03
-9.186192545713335278e+01  0.000000000000000000e+00   8.438613361339430412e+03  1.498765918027395104e-09 3.112378125000000040e+01 1.027717750000000024e+03
-9.186192199125099478e+01  0.000000000000000000e+00   8.438612724477517986e+03  1.487310118386041815e-09 3.109726562500000213e+01 1.026745031250000011e+03
-9.186193406892418523e+01  0.000000000000000000e+00   8.438614943446154939e+03  1.488725495461969389e-09 3.114668750000000230e+01 1.029503937500000120e+03
-9.186191430018330095e+01  0.000000000000000000e+00   8.438611311403137734e+03  1.482343105602395469e-09 3.115446874999999949e+01 1.030300437500000044e+03
-9.186192272325958186e+01  0.000000000000000000e+00   8.438612858931106530e+03  1.483299684622408779e-09 3.111218750000000099e+01 1.027419187500000135e+03
-9.186193580982261153e+01  0.000000000000000000e+00   8.438615263163255804e+03  1.473616942855101918e-09 3.110190624999999898e+01 1.026615812499999947e+03
-9.186191372841375369e+01  0.000000000000000000e+00   8.438611206375908296e+03  1.484767692783603878e-09 3.112620312499999997e+01 1.028542843749999975e+03
-9.186193665728174551e+01  0.000000000000000000e+00   8.438615419011193808e+03  1.491328890095430872e-09 3.116499999999999915e+01 1.031191312500000095e+03
-9.186193526986956215e+01  0.000000000000000000e+00   8.438615164031018139e+03  1.481915197959410266e-09 3.116289062499999929e+01 1.030055656250000084e+03
-9.186192568792088764e+01  0.000000000000000000e+00   8.438613403526534967e+03  1.473397832115260421e-09 3.114010937500000153e+01 1.029431843750000098e+03
-9.186191524712390333e+01  0.000000000000000000e+00   8.438611485288160111e+03  1.471614660551167528e-09 3.113056249999999991e+01 1.028836250000000064e+03
-9.186192829389861458e+01  0.000000000000000000e+00   8.438613882345338425e+03  1.477964075657753745e-09 3.117946875000000162e+01 1.031644187500000044e+03
-9.186191281038711054e+01  0.000000000000000000e+00   8.438611037606216996e+03  1.472168069709042920e-09 3.121615625000000094e+01 1.034056125000000065e+03
-9.186192160797156703e+01  0.000000000000000000e+00   8.438612654063534137e+03  1.487735206251660043e-09 3.115668750000000031e+01 1.030695999999999913e+03
-9.186192871065121324e+01  0.000000000000000000e+00   8.438613958868554619e+03  1.472728650968629660e-09 3.112675000000000125e+01 1.028242812500000127e+03
-9.186192927590228408e+01  0.000000000000000000e+00   8.438614062562275649e+03  1.454196467011468200e-09 3.101742187500000014e+01 1.021737718749999999e+03
-9.186192562710661491e+01  0.000000000000000000e+00   8.438613392267714516e+03  1.463231806261790404e-09 3.109826562499999980e+01 1.026882906250000133e+03
-9.186192772546172591e+01  0.000000000000000000e+00   8.438613777790653330e+03  1.463830336969795843e-09 3.114842187500000037e+01 1.029659156250000024e+03
-9.186192638998595328e+01  0.000000000000000000e+00   8.438613532296287303e+03  1.447760287248134114e-09 3.112282812500000162e+01 1.027971156249999922e+03
-9.186191604582417369e+01  0.000000000000000000e+00   8.438611631897720144e+03  1.456124814546146240e-09 3.112078125000000028e+01 1.027791999999999916e+03
-9.186193808177070252e+01  0.000000000000000000e+00   8.438615680384278676e+03  1.451091543398542307e-09 3.115004687500000102e+01 1.029956031250000024e+03
-9.186192930304801507e+01  0.000000000000000000e+00   8.438614067463959145e+03  1.444048545820652528e-09 3.111951562500000179e+01 1.028447656249999909e+03
-9.186192844844973138e+01  0.000000000000000000e+00   8.438613910470425253e+03  1.446010774152259495e-09 3.113142187500000091e+01 1.028443468749999965e+03
-9.186190993024490581e+01  0.000000000000000000e+00   8.438610508325638875e+03  1.456781375102609514e-09 3.117345312500000176e+01 1.031110843749999958e+03
-9.186191698613309597e+01  0.000000000000000000e+00   8.438611804651003695e+03  1.455665435910142518e-09 3.113782812500000219e+01 1.029176656249999951e+03
-9.186191986174154067e+01  0.000000000000000000e+00   8.438612333022176244e+03  1.461988234623082467e-09 3.111737499999999912e+01 1.028591000000000122e+03
-9.186190737740686529e+01  0.000000000000000000e+00   8.438610039175562633e+03  1.441029301602124687e-09 3.105864062499999889e+01 1.024133781250000084e+03
-9.186192424201038875e+01  0.000000000000000000e+00   8.438613137725353226e+03  1.455274403846623152e-09 3.115792187499999955e+01 1.030230468750000000e+03
-9.186191663962897280e+01  0.000000000000000000e+00   8.438611740899104916e+03  1.444901466064574062e-09 3.110214062500000054e+01 1.026793218750000051e+03
-9.186192418077716582e+01  0.000000000000000000e+00   8.438613126461079446e+03  1.453583372950210770e-09 3.117232812499999994e+01 1.031207718749999913e+03
-9.186191378862943679e+01  0.000000000000000000e+00   8.438611217037228926e+03  1.437160956274418395e-09 3.113204687500000034e+01 1.028435781249999991e+03
-9.186192021858958867e+01  0.000000000000000000e+00   8.438612398391996976e+03  1.439274276867211187e-09 3.112442187499999946e+01 1.027864093749999938e+03
-9.186192283671090308e+01  0.000000000000000000e+00   8.438612879421814796e+03  1.441467472024401596e-09 3.108667187500000040e+01 1.026231906250000065e+03
-9.186193669085211866e+01  0.000000000000000000e+00   8.438615424540590539e+03  1.415690487384284514e-09 3.108675000000000210e+01 1.025128937500000120e+03
-9.186192626276422857e+01  0.000000000000000000e+00   8.438613508859731155e+03  1.440307460452276323e-09 3.119476562500000227e+01 1.032879093750000038e+03
-9.186191305596599932e+01  0.000000000000000000e+00   8.438611082388000796e+03  1.432243295008387719e-09 3.111320312500000185e+01 1.027278031249999913e+03
-9.186191980768685994e+01  0.000000000000000000e+00   8.438612322876886537e+03  1.436610023605501569e-09 3.122362500000000196e+01 1.033842562499999985e+03
-9.186190741543084926e+01  0.000000000000000000e+00   8.438610046105859510e+03  1.434438904384237905e-09 3.112010937500000196e+01 1.028494281250000085e+03
-9.186190798977368388e+01  0.000000000000000000e+00   8.438610151585025960e+03  1.429545775048903939e-09 3.113492187499999986e+01 1.028170968749999929e+03
-9.186190819617388570e+01  0.000000000000000000e+00   8.438610189504477603e+03  1.429405873061804628e-09 3.117767187500000148e+01 1.031679281250000031e+03
