-9.984506614204512687e+01  0.000000000000000000e+00   1.012997455142557192e+04  1.614371726739331075e-02 5.217535937499999932e+01 2.760361093750000236e+03
-1.120957524569772232e+02  0.000000000000000000e+00   1.269481928343347317e+04  1.029501411182370645e-02 4.835206250000000239e+01 2.384126999999999953e+03
-1.213484376793924469e+02  0.000000000000000000e+00   1.481476170606308915e+04  6.065581649995912573e-03 4.398178124999999739e+01 1.986783437499999991e+03
-1.278204850029945447e+02  0.000000000000000000e+00   1.639656812043965692e+04  3.580086948766520762e-03 3.966135937500000352e+01 1.631134593750000022e+03
-1.320036687933629480e+02  0.000000000000000000e+00   1.746093912172360797e+04  2.064310570266532103e-03 3.587309375000000244e+01 1.346866999999999962e+03
-1.345581571369349945e+02  0.000000000000000000e+00   1.812829543127534271e+04  1.237043289299162704e-03 3.285968749999999972e+01 1.141548375000000078e+03
-1.361352299136921999e+02  0.000000000000000000e+00   1.854658604121467215e+04  7.438280749901881933e-04 3.039714062500000225e+01 9.855145937500000173e+02
-1.370988979936602448e+02  0.000000000000000000e+00   1.880464108619062245e+04  4.539905384271873115e-04 2.846531249999999957e+01 8.719445000000000618e+02
-1.376887209821638294e+02  0.000000000000000000e+00   1.896345598757152402e+04  2.780910818856161849e-04 2.698103125000000091e+01 7.896129375000000437e+02
-1.380645835149755669e+02  0.000000000000000000e+00   1.906510024314979091e+04  1.716006343450764365e-04 2.574587500000000162e+01 7.234275625000000218e+02
-1.382849283381103760e+02  0.000000000000000000e+00   1.912480806914105415e+04  1.091195975974307113e-04 2.480370312500000196e+01 6.771472812499999918e+02
-1.384240163072156804e+02  0.000000000000000000e+00   1.916249292362323831e+04  6.704342353780916905e-05 2.406989062499999932e+01 6.399179062499999873e+02
-1.385224572448077254e+02  0.000000000000000000e+00   1.918928545680719617e+04  4.243671425277509383e-05 2.338514062500000179e+01 6.076260937499999955e+02
-1.385659715317417806e+02  0.000000000000000000e+00   1.920104668665102872e+04  2.698988814073904503e-05 2.302240624999999952e+01 5.902568125000000236e+02
-1.385986468564283882e+02  0.000000000000000000e+00   1.920992064420595852e+04  1.747740904228695880e-05 2.263532812500000091e+01 5.724955312499999991e+02
-1.386204189206050330e+02  0.000000000000000000e+00   1.921583684553768035e+04  1.125666554334078443e-05 2.233796875000000171e+01 5.587736250000000382e+02
-1.386321917860575752e+02  0.000000000000000000e+00   1.921902902628342417e+04  7.514841791510101143e-06 2.213010937499999997e+01 5.501522812499999873e+02
-1.386417411680862415e+02  0.000000000000000000e+00   1.922162974167703578e+04  5.064505598295038243e-06 2.192195312500000171e+01 5.401435312500000236e+02
-1.386453181650180397e+02  0.000000000000000000e+00   1.922259175534374663e+04  3.511831421892584196e-06 2.178623437499999937e+01 5.343784687500000246e+02
-1.386496034291797059e+02  0.000000000000000000e+00   1.922376072088024375e+04  2.506790057507288996e-06 2.165746874999999960e+01 5.288059375000000273e+02
-1.386512950438387577e+02  0.000000000000000000e+00   1.922421705584812298e+04  1.843434233087843021e-06 2.155670312500000207e+01 5.244421562500000391e+02
-1.386519847037201316e+02  0.000000000000000000e+00   1.922439978246725150e+04  1.400315464292078287e-06 2.149537499999999923e+01 5.225646874999999909e+02
-1.386532677244088632e+02  0.000000000000000000e+00   1.922474942609722348e+04  1.080662359374154806e-06 2.147620312500000139e+01 5.206044687500000236e+02
-1.386535719269037372e+02  0.000000000000000000e+00   1.922482953159239332e+04  8.594883766486740973e-07 2.136659374999999983e+01 5.159371875000000500e+02
-1.386539860279680738e+02  0.000000000000000000e+00   1.922494155880096878e+04  7.135192972843952729e-07 2.136809374999999989e+01 5.167357500000000528e+02
-1.386541224304303057e+02  0.000000000000000000e+00   1.922497704321491983e+04  5.917442121514677645e-07 2.134637500000000188e+01 5.153753749999999627e+02
-1.386540048235905260e+02  0.000000000000000000e+00   1.922494273158493525e+04  5.034069373934947530e-07 2.142699999999999960e+01 5.190471250000000509e+02
-1.386541887275625413e+02  0.000000000000000000e+00   1.922499228573501023e+04  4.282987417145694643e-07 2.133948437500000139e+01 5.155462812499999927e+02
-1.386544222443856427e+02  0.000000000000000000e+00   1.922505587883724365e+04  3.677968742828546229e-07 2.128576562499999980e+01 5.126594062499999609e+02
-1.386539735460458189e+02  0.000000000000000000e+00   1.922493058310381821e+04  3.226538695366615993e-07 2.136067187500000131e+01 5.162157812499999636e+02
-1.386543818505319052e+02  0.000000000000000000e+00   1.922504308752548604e+04  2.851059377405750624e-07 2.124417187499999926e+01 5.112785937500000273e+02
-1.386547030775014946e+02  0.000000000000000000e+00   1.922513150969389608e+04  2.509311835956473734e-07 2.139073437500000097e+01 5.180790937499999700e+02
-1.386544877470041115e+02  0.000000000000000000e+00   1.922507112950059673e+04  2.162341743625789101e-07 2.133443749999999994e+01 5.152911249999999654e+02
-1.386548438001715056e+02  0.000000000000000000e+00   1.922516946911339619e+04  1.955698844949037483e-07 2.121950000000000003e+01 5.100947500000000332e+02
-1.386551270172952286e+02  0.000000000000000000e+00   1.922524763919534598e+04  1.763833545880643090e-07 2.126481250000000145e+01 5.119218750000000000e+02
-1.386546683818108932e+02  0.000000000000000000e+00   1.922511999391730205e+04  1.523968537109409916e-07 2.127282812500000020e+01 5.121539687499999900e+02
-1.386549019665569062e+02  0.000000000000000000e+00   1.922518447790762002e+04  1.372445854805329736e-07 2.123440624999999926e+01 5.108742500000000177e+02
-1.386550323932934248e+02  0.000000000000000000e+00   1.922522032581473832e+04  1.205619353461184877e-07 2.125829687499999920e+01 5.114725312500000314e+02
-1.386548117139204237e+02  0.000000000000000000e+00   1.922515888690464999e+04  1.079565668764366033e-07 2.124089062499999869e+01 5.110697187499999927e+02
-1.386549612201235675e+02  0.000000000000000000e+00   1.922520016990666772e+04  9.877415416961908656e-08 2.118664062499999901e+01 5.093295937500000150e+02
-1.386548334619640741e+02  0.000000000000000000e+00   1.922516451783841694e+04  8.715002509964019885e-08 2.134840625000000003e+01 5.155450624999999718e+02
-1.386548204762865737e+02  0.000000000000000000e+00   1.922516073113848688e+04  7.749362222635510023e-08 2.123012500000000102e+01 5.106495625000000018e+02
-1.386547336105961108e+02  0.000000000000000000e+00   1.922513646651802264e+04  6.834244030500377817e-08 2.125615625000000009e+01 5.117369375000000105e+02
-1.386547188886160313e+02  0.000000000000000000e+00   1.922513224452998111e+04  6.108925047997565878e-08 2.129048437500000190e+01 5.132859062500000391e+02
-1.386548808952628917e+02  0.000000000000000000e+00   1.922517705316050342e+04  5.498420221194781611e-08 2.132076562499999994e+01 5.148467187500000364e+02
-1.386547443236132438e+02  0.000000000000000000e+00   1.922513908387643824e+04  4.995698200839730877e-08 2.133195312500000185e+01 5.145157187500000191e+02
-1.386547684080236138e+02  0.000000000000000000e+00   1.922514564856350262e+04  4.401947807178092581e-08 2.124529687500000108e+01 5.109728437500000382e+02
-1.386548515697326991e+02  0.000000000000000000e+00   1.922516865585290361e+04  4.119747116681160757e-08 2.128196875000000077e+01 5.129420000000000073e+02
-1.386548577086479099e+02  0.000000000000000000e+00   1.922517028189459597e+04  3.722667809909123098e-08 2.128442187499999960e+01 5.127228437500000382e+02
-1.386548960301705904e+02  0.000000000000000000e+00   1.922518083084238242e+04  3.317029845730237550e-08 2.123454687499999949e+01 5.106896562499999845e+02
-1.386549431284226159e+02  0.000000000000000000e+00   1.922519383322060094e+04  3.013101011192173580e-08 2.122626562499999991e+01 5.107300937500000373e+02
-1.386549373189300240e+02  0.000000000000000000e+00   1.922519216850703378e+04  2.733864147904702278e-08 2.121698437499999912e+01 5.099523437500000114e+02
-1.386548108962672075e+02  0.000000000000000000e+00   1.922515705772253932e+04  2.460541316512737264e-08 2.122559375000000159e+01 5.104821875000000091e+02
-1.386547431028016888e+02  0.000000000000000000e+00   1.922513820631077033e+04  2.191957447406463079e-08 2.125176562500000088e+01 5.112412812499999859e+02
-1.386548204369733241e+02  0.000000000000000000e+00   1.922515962647584820e+04  2.060146965247860234e-08 2.121315625000000082e+01 5.098460000000000036e+02
-1.386548510905428486e+02  0.000000000000000000e+00   1.922516809306444338e+04  1.883592575561687999e-08 2.126184375000000060e+01 5.121490625000000136e+02
-1.386549047410133824e+02  0.000000000000000000e+00   1.922518294719000914e+04  1.760454094399304704e-08 2.128857812500000080e+01 5.138399062500000127e+02
-1.386548286563111105e+02  0.000000000000000000e+00   1.922516181578447140e+04  1.592046328619387588e-08 2.123273437499999972e+01 5.111240312500000300e+02
-1.386549080478201006e+02  0.000000000000000000e+00   1.922518381671148381e+04  1.513442186858305719e-08 2.124824999999999875e+01 5.114484375000000114e+02
-1.386548129518388635e+02  0.000000000000000000e+00   1.922515740896749412e+04  1.322527931548811722e-08 2.128004687500000003e+01 5.127864062500000273e+02
-1.386548569287994042e+02  0.000000000000000000e+00   1.922516958890879687e+04  1.242969369478812961e-08 2.129815625000000168e+01 5.129233125000000655e+02
-1.386548331705011776e+02  0.000000000000000000e+00   1.922516298313581865e+04  1.152636830957732549e-08 2.116892187499999878e+01 5.076728437500000268e+02
-1.386548839273089300e+02  0.000000000000000000e+00   1.922517704218137806e+04  1.067797020118780339e-08 2.130685937500000193e+01 5.138313437499999736e+02
-1.386547953478399791e+02  0.000000000000000000e+00   1.922515246775671767e+04  1.013283689611996352e-08 2.118771875000000193e+01 5.080347500000000309e+02
-1.386549227684832886e+02  0.000000000000000000e+00   1.922518778715856388e+04  9.322379686452673460e-09 2.126678125000000108e+01 5.123073124999999663e+02
-1.386548381325470132e+02  0.000000000000000000e+00   1.922516430098306228e+04  8.500330496019464105e-09 2.133915625000000205e+01 5.147313125000000582e+02
-1.386549004395647557e+02  0.000000000000000000e+00   1.922518156319325863e+04  7.661183513282079303e-09 2.129532812500000105e+01 5.133171562500000391e+02
-1.386548220431569121e+02  0.000000000000000000e+00   1.922515981229630052e+04  7.098863724043391655e-09 2.127978124999999920e+01 5.128342499999999973e+02
-1.386548441406263805e+02  0.000000000000000000e+00   1.922516593362010462e+04  6.759822548302376728e-09 2.128803124999999952e+01 5.126939999999999600e+02
-1.386549091470483859e+02  0.000000000000000000e+00   1.922518395174153920e+04  6.302425881485414104e-09 2.130775000000000219e+01 5.141268125000000282e+02
-1.386548689306162316e+02  0.000000000000000000e+00   1.922517279036140462e+04  5.835840285869638873e-09 2.128785937500000003e+01 5.133194062500000427e+02
-1.386548444905535575e+02  0.000000000000000000e+00   1.922516600406406360e+04  5.376519171176604227e-09 2.128271875000000080e+01 5.128841250000000400e+02
-1.386548771718873638e+02  0.000000000000000000e+00   1.922517506421622966e+04  5.236106124930559874e-09 2.124918750000000145e+01 5.111692500000000337e+02
-1.386549073655756388e+02  0.000000000000000000e+00   1.922518343112154980e+04  4.918818537987611316e-09 2.120079687500000176e+01 5.095932187500000055e+02
-1.386548980632190933e+02  0.000000000000000000e+00   1.922518084616428678e+04  4.641964706855043240e-09 2.127524999999999977e+01 5.127753750000000537e+02
-1.386548809333423833e+02  0.000000000000000000e+00   1.922517608852784542e+04  4.259440378564306827e-09 2.134687500000000071e+01 5.156238124999999854e+02
-1.386548762007795119e+02  0.000000000000000000e+00   1.922517476970950520e+04  3.924854493748531581e-09 2.129437499999999872e+01 5.127330000000000609e+02
-1.386549188600746731e+02  0.000000000000000000e+00   1.922518659978217693e+04  3.936933835720225945e-09 2.118660937499999974e+01 5.091995937500000196e+02
-1.386548832862182223e+02  0.000000000000000000e+00   1.922517672714696891e+04  3.538702038760986613e-09 2.124195312500000199e+01 5.108825312499999995e+02
-1.386548541903723901e+02  0.000000000000000000e+00   1.922516865379804949e+04  3.289678347160170720e-09 2.128123437500000037e+01 5.120733437500000491e+02
-1.386548758759452085e+02  0.000000000000000000e+00   1.922517466567157317e+04  3.198816287448725326e-09 2.134203125000000156e+01 5.156998750000000200e+02
-1.386548892211980331e+02  0.000000000000000000e+00   1.922517836220307072e+04  2.978405211209210896e-09 2.129524999999999935e+01 5.135624374999999873e+02
-1.386548773734188842e+02  0.000000000000000000e+00   1.922517507401971307e+04  2.839083848761275597e-09 2.132300000000000040e+01 5.143229374999999663e+02
-1.386548928592898164e+02  0.000000000000000000e+00   1.922517936558464862e+04  2.692485106051429779e-09 2.128284375000000139e+01 5.134368124999999736e+02
-1.386548868657580158e+02  0.000000000000000000e+00   1.922517769955902622e+04  2.486472240001097718e-09 2.129226562499999886e+01 5.132001562499999636e+02
-1.386548946620535787e+02  0.000000000000000000e+00   1.922517985974436669e+04  2.392653480231530952e-09 2.128864062499999932e+01 5.136532812499999636e+02
-1.386549023005738661e+02  0.000000000000000000e+00   1.922518197636754121e+04  2.308735443174983047e-09 2.126540625000000162e+01 5.128181250000000091e+02
-1.386548761776430752e+02  0.000000000000000000e+00   1.922517472951696254e+04  2.167960964039039968e-09 2.126707812500000117e+01 5.123013437500000009e+02
-1.386548806114299737e+02  0.000000000000000000e+00   1.922517595644869289e+04  2.032688481079356745e-09 2.127114062500000102e+01 5.129566562500000373e+02
-1.386549192661839811e+02  0.000000000000000000e+00   1.922518667499143703e+04  1.991108823228599543e-09 2.128693750000000051e+01 5.133503749999999854e+02
-1.386548678239522587e+02  0.000000000000000000e+00   1.922517240666182261e+04  1.840511439150207465e-09 2.132020312499999903e+01 5.142453437499999609e+02
-1.386549052436051568e+02  0.000000000000000000e+00   1.922518278241475855e+04  1.784203206000704090e-09 2.122676562499999875e+01 5.107736562499999877e+02
-1.386548988410070251e+02  0.000000000000000000e+00   1.922518100547979338e+04  1.709731759844178024e-09 2.126345312500000162e+01 5.119692812499999945e+02
-1.386548894355295829e+02  0.000000000000000000e+00   1.922517839558179912e+04  1.623020790834668923e-09 2.122662500000000207e+01 5.106948750000000246e+02
-1.386549283856805914e+02  0.000000000000000000e+00   1.922518919581756563e+04  1.569781776257701526e-09 2.127021875000000151e+01 5.127856874999999945e+02
-1.386548985033601582e+02  0.000000000000000000e+00   1.922518090757409664e+04  1.487475778112420304e-09 2.127471875000000168e+01 5.126810625000000528e+02
-1.386548745336898492e+02  0.000000000000000000e+00   1.922517425907313009e+04  1.410642876319569061e-09 2.127837500000000048e+01 5.128023124999999709e+02
-1.386548924315045497e+02  0.000000000000000000e+00   1.922517922217027080e+04  1.403272953544799346e-09 2.119031250000000099e+01 5.091948125000000118e+02
-1.386548954461149776e+02  0.000000000000000000e+00   1.922518005670818457e+04  1.328211637591333366e-09 2.126182812500000097e+01 5.117289687500000355e+02
-1.386548868121313092e+02  0.000000000000000000e+00   1.922517766094008766e+04  1.251231179655163410e-09 2.131515625000000114e+01 5.137079999999999700e+02
-1.386548615605929058e+02  0.000000000000000000e+00   1.922517065718975573e+04  1.186078993634355283e-09 2.128276562499999969e+01 5.123063437499999964e+02
-1.386548742180512193e+02  0.000000000000000000e+00   1.922517416695351130e+04  1.171896181310011725e-09 2.129287500000000222e+01 5.131148749999999836e+02
-1.386549024086068016e+02  0.000000000000000000e+00   1.922518198433443831e+04  1.164834781173747154e-09 2.130923437499999906e+01 5.141424062500000218e+02
-1.386548799491490342e+02  0.000000000000000000e+00   1.922517575500324892e+04  1.107418632367685581e-09 2.128699999999999903e+01 5.123701875000000427e+02
-1.386548703815567478e+02  0.000000000000000000e+00   1.922517310165588424e+04  1.099058037705043104e-09 2.130295312500000193e+01 5.132715312500000664e+02
-1.386548865056858233e+02  0.000000000000000000e+00   1.922517757244162203e+04  1.068234877363540433e-09 2.130693750000000009e+01 5.143983749999999873e+02
-1.386548861053866801e+02  0.000000000000000000e+00   1.922517746068343331e+04  1.029154741800344054e-09 2.131484375000000142e+01 5.144953124999999545e+02
-1.386548971817327640e+02  0.000000000000000000e+00   1.922518053150039850e+04  9.895103475821609297e-10 2.128792187500000210e+01 5.136734062499999709e+02
-1.386548738471348088e+02  0.000000000000000000e+00   1.922517405996692105e+04  9.571852844476340848e-10 2.120446875000000020e+01 5.094818124999999895e+02
-1.386549041113493956e+02  0.000000000000000000e+00   1.922518245248026869e+04  9.546215587546691227e-10 2.127718750000000014e+01 5.127130624999999782e+02
-1.386549080798435511e+02  0.000000000000000000e+00   1.922518355219595105e+04  9.137018712870214975e-10 2.125506250000000108e+01 5.119035000000000082e+02
-1.386548711403677601e+02  0.000000000000000000e+00   1.922517330817914262e+04  8.960727487420213837e-10 2.125523437500000057e+01 5.117232812500000136e+02
-1.386548825210332723e+02  0.000000000000000000e+00   1.922517646357166450e+04  8.660584638733310907e-10 2.127270312499999960e+01 5.122174062500000673e+02
-1.386549016859267169e+02  0.000000000000000000e+00   1.922518177792158531e+04  8.524018825950922009e-10 2.132914062500000085e+01 5.151672812499999736e+02
-1.386548843160062461e+02  0.000000000000000000e+00   1.922517696081451140e+04  8.389747190873003729e-10 2.135498437500000080e+01 5.156144687500000146e+02
-1.386548791617780125e+02  0.000000000000000000e+00   1.922517553074938405e+04  8.001029779802958423e-10 2.124470312500000091e+01 5.111067812499999832e+02
-1.386549041697855671e+02  0.000000000000000000e+00   1.922518246599868507e+04  8.148824884882292134e-10 2.125710937499999886e+01 5.124766562500000191e+02
-1.386548819744188279e+02  0.000000000000000000e+00   1.922517631016379892e+04  7.710610709038208947e-10 2.130340625000000188e+01 5.142226875000000064e+02
-1.386548938100263229e+02  0.000000000000000000e+00   1.922517959212102869e+04  7.620918204723176926e-10 2.128979687500000040e+01 5.132562187500000164e+02
-1.386548944747942755e+02  0.000000000000000000e+00   1.922517977622031322e+04  7.492245585544331922e-10 2.125309375000000145e+01 5.118810000000000286e+02
-1.386548967536250814e+02  0.000000000000000000e+00   1.922518040758100324e+04  7.189827587578156608e-10 2.125631249999999994e+01 5.114960000000000377e+02
-1.386549050903977047e+02  0.000000000000000000e+00   1.922518271941275816e+04  7.170576368401190185e-10 2.120964062499999869e+01 5.097537187500000186e+02
-1.386548968334259655e+02  0.000000000000000000e+00   1.922518042951681491e+04  7.089045631307124051e-10 2.126560937500000037e+01 5.126601562500000000e+02
-1.386548905222717565e+02  0.000000000000000000e+00   1.922517867887582179e+04  6.830966957726401587e-10 2.124570312500000213e+01 5.116745312500000296e+02
-1.386548950180112456e+02  0.000000000000000000e+00   1.922517992566277826e+04  6.869667813206672436e-10 2.124548437500000020e+01 5.114582812500000273e+02
-1.386549032489338060e+02  0.000000000000000000e+00   1.922518220747181476e+04  6.502210966502664453e-10 2.122453125000000185e+01 5.105201250000000073e+02
-1.386548771055758777e+02  0.000000000000000000e+00   1.922517495776749274e+04  6.556581074126320306e-10 2.124629687499999875e+01 5.107023437500000114e+02
-1.386548924040685904e+02  0.000000000000000000e+00   1.922517920020526071e+04  6.565047665477626524e-10 2.125260937499999869e+01 5.113867812500000127e+02
-1.386548996162209164e+02  0.000000000000000000e+00   1.922518119991549247e+04  6.414085057910307724e-10 2.119481250000000117e+01 5.093140625000000341e+02
-1.386548892489017248e+02  0.000000000000000000e+00   1.922517832442499275e+04  6.137674099507227650e-10 2.126054687499999929e+01 5.119924062499999877e+02
-1.386548840409892875e+02  0.000000000000000000e+00   1.922517688050423021e+04  6.285531255996551027e-10 2.121228125000000020e+01 5.096726249999999823e+02
-1.386548704923440596e+02  0.000000000000000000e+00   1.922517312280302576e+04  6.009996626750482598e-10 2.130274999999999963e+01 5.134700625000000400e+02
-1.386549021574111009e+02  0.000000000000000000e+00   1.922518190365904593e+04  5.918175760729873424e-10 2.128853125000000190e+01 5.134116249999999582e+02
-1.386549000163598748e+02  0.000000000000000000e+00   1.922518130976611064e+04  5.835760652574438479e-10 2.122701562499999994e+01 5.107288437500000100e+02
-1.386548982201281035e+02  0.000000000000000000e+00   1.922518081153014646e+04  5.771630794777251612e-10 2.125439062499999920e+01 5.114976562500000341e+02
-1.386549026975434913e+02  0.000000000000000000e+00   1.922518205297364693e+04  5.674012406075142885e-10 2.128632812500000071e+01 5.127647187500000427e+02
-1.386549037965347964e+02  0.000000000000000000e+00   1.922518235786460355e+04  5.741574949859305037e-10 2.123762500000000131e+01 5.108790625000000318e+02
-1.386548705817994573e+02  0.000000000000000000e+00   1.922517314660967168e+04  5.489737219379608678e-10 2.126575000000000060e+01 5.122174999999999727e+02
-1.386548783779798555e+02  0.000000000000000000e+00   1.922517530829974930e+04  5.350985639342646972e-10 2.122321875000000091e+01 5.106087499999999864e+02
-1.386548881800605670e+02  0.000000000000000000e+00   1.922517802655634296e+04  5.373809795156646390e-10 2.118476562500000071e+01 5.087704687500000205e+02
-1.386548937350364383e+02  0.000000000000000000e+00   1.922517956683906959e+04  5.287244254467319948e-10 2.129790625000000048e+01 5.136813124999999900e+02
-1.386549018385265413e+02  0.000000000000000000e+00   1.922518181421806730e+04  5.392217018972834390e-10 2.122162499999999952e+01 5.104387500000000273e+02
-1.386548940745564664e+02  0.000000000000000000e+00   1.922517966095399970e+04  5.267844379309698701e-10 2.121164062500000114e+01 5.100676562500000273e+02
-1.386548822509739409e+02  0.000000000000000000e+00   1.922517638190211073e+04  5.134237592321257253e-10 2.127414062500000114e+01 5.124586562499999900e+02
-1.386548793908195591e+02  0.000000000000000000e+00   1.922517558857094627e+04  5.039344666496323085e-10 2.130367187499999915e+01 5.136880937500000073e+02
-1.386548941949426137e+02  0.000000000000000000e+00   1.922517969372592779e+04  4.949340173607189403e-10 2.126765625000000171e+01 5.129297500000000127e+02
-1.386548836998819070e+02  0.000000000000000000e+00   1.922517678355063617e+04  5.057357150073508355e-10 2.127057812500000011e+01 5.124712812500000609e+02
-1.386548922404057294e+02  0.000000000000000000e+00   1.922517915139534671e+04  4.783737654791264759e-10 2.130949999999999989e+01 5.143794374999999945e+02
-1.386548794566638207e+02  0.000000000000000000e+00   1.922517560623583995e+04  4.730186464135847154e-10 2.126907812500000006e+01 5.122557187500000282e+02
-1.386549144621051539e+02  0.000000000000000000e+00   1.922518531380183776e+04  4.841638561271388635e-10 2.126432812499999869e+01 5.121355312499999854e+02
-1.386549035449422718e+02  0.000000000000000000e+00   1.922518228613630345e+04  4.722483164756982140e-10 2.128310937500000222e+01 5.130684687499999654e+02
-1.386548754235988667e+02  0.000000000000000000e+00   1.922517448757426973e+04  4.598424032762933266e-10 2.127645312499999974e+01 5.126157187500000418e+02
-1.386548893281755284e+02  0.000000000000000000e+00   1.922517834350226258e+04  4.626046893059397771e-10 2.125499999999999901e+01 5.120551874999999882e+02
-1.386548894458438212e+02  0.000000000000000000e+00   1.922517837610579227e+04  4.611983318161474906e-10 2.131590625000000117e+01 5.146469375000000355e+02
-1.386548905223418444e+02  0.000000000000000000e+00   1.922517867458612091e+04  4.589563286943928281e-10 2.128881249999999881e+01 5.134016874999999800e+02
-1.386548854124635568e+02  0.000000000000000000e+00   1.922517725736419015e+04  4.484115250729591142e-10 2.123135937500000026e+01 5.110804687500000227e+02
-1.386548896471883552e+02  0.000000000000000000e+00   1.922517843172508583e+04  4.499883505332495355e-10 2.128837500000000205e+01 5.131568125000000009e+02
-1.386548873888250171e+02  0.000000000000000000e+00   1.922517780525589842e+04  4.394316065581054393e-10 2.119409375000000040e+01 5.090844999999999914e+02
-1.386548839364707817e+02  0.000000000000000000e+00   1.922517684795629248e+04  4.431745963940163404e-10 2.132023437500000185e+01 5.142262812500000564e+02
-1.386548751558190702e+02  0.000000000000000000e+00   1.922517441279575360e+04  4.327649236995655580e-10 2.124481250000000188e+01 5.110310000000000059e+02
-1.386548844960016709e+02  0.000000000000000000e+00   1.922517700296287512e+04  4.350185938056929122e-10 2.122735937499999892e+01 5.110526562499999841e+02
-1.386548844906256193e+02  0.000000000000000000e+00   1.922517700119461006e+04  4.205879197328498007e-10 2.123673437500000105e+01 5.104008437500000355e+02
-1.386548909985298224e+02  0.000000000000000000e+00   1.922517880590503046e+04  4.208461790752769486e-10 2.124031250000000171e+01 5.110659375000000182e+02
-1.386548889709168577e+02  0.000000000000000000e+00   1.922517824357321297e+04  4.179899550751970530e-10 2.128203124999999929e+01 5.122372500000000173e+02
-1.386548889603917019e+02  0.000000000000000000e+00   1.922517824058936458e+04  4.146027396934194130e-10 2.123574999999999946e+01 5.116595624999999927e+02
-1.386548764886246943e+02  0.000000000000000000e+00   1.922517478194416253e+04  4.092756128059160037e-10 2.125112500000000182e+01 5.113427500000000236e+02
-1.386548870220264007e+02  0.000000000000000000e+00   1.922517770288274187e+04  4.052933962183290229e-10 2.123781250000000043e+01 5.111716250000000059e+02
-1.386548850193254339e+02  0.000000000000000000e+00   1.922517714748718936e+04  4.038887542011669955e-10 2.121739062500000017e+01 5.099656562499999950e+02
-1.386548873571439913e+02  0.000000000000000000e+00   1.922517779577167312e+04  4.030852703516919390e-10 2.124332812500000145e+01 5.111806562500000268e+02
-1.386548875498807831e+02  0.000000000000000000e+00   1.922517784919504629e+04  4.018147795683948629e-10 2.121320312499999972e+01 5.102487812500000359e+02
-1.386548854029807671e+02  0.000000000000000000e+00   1.922517725361837438e+04  3.903550278837113651e-10 2.131425000000000125e+01 5.145565625000000409e+02
-1.386548927747152504e+02  0.000000000000000000e+00   1.922517929795749296e+04  3.947795599620773463e-10 2.119039062499999915e+01 5.091591562500000236e+02
-1.386548906098623490e+02  0.000000000000000000e+00   1.922517869740456081e+04  3.834380777153536691e-10 2.127067187500000145e+01 5.120247187500000337e+02
-1.386548833156847991e+02  0.000000000000000000e+00   1.922517667480708769e+04  3.912016543367662061e-10 2.120012499999999989e+01 5.098124374999999873e+02
-1.386548788647416188e+02  0.000000000000000000e+00   1.922517544030698264e+04  3.802727042275942277e-10 2.122757812500000085e+01 5.105397187500000200e+02
-1.386548895625677460e+02  0.000000000000000000e+00   1.922517840690741650e+04  3.796873574319560445e-10 2.128270312500000117e+01 5.129579687499999636e+02
-1.386548853239757761e+02  0.000000000000000000e+00   1.922517723157485671e+04  3.833506827262202647e-10 2.124143749999999997e+01 5.108422500000000355e+02
-1.386549035314935736e+02  0.000000000000000000e+00   1.922518228070019541e+04  3.834766091422296261e-10 2.127057812500000011e+01 5.129442187500000045e+02
-1.386548895091793554e+02  0.000000000000000000e+00   1.922517839183708566e+04  3.658926863954312900e-10 2.128399999999999892e+01 5.126508750000000418e+02
-1.386548913302392805e+02  0.000000000000000000e+00   1.922517889688650030e+04  3.685810660684441971e-10 2.128731249999999875e+01 5.135873125000000528e+02
-1.386549136189970568e+02  0.000000000000000000e+00   1.922518507785360634e+04  3.725358513477133349e-10 2.130042187500000139e+01 5.143397812499999873e+02
-1.386548864048916698e+02  0.000000000000000000e+00   1.922517753090554470e+04  3.616159173545126301e-10 2.135007812499999957e+01 5.155407187499999964e+02
-1.386548951057540364e+02  0.000000000000000000e+00   1.922517994377659852e+04  3.635306892916664310e-10 2.125931250000000006e+01 5.121613125000000082e+02
-1.386548885337469983e+02  0.000000000000000000e+00   1.922517812112998581e+04  3.549606901641320777e-10 2.122292187500000082e+01 5.100371562500000095e+02
-1.386548795858588221e+02  0.000000000000000000e+00   1.922517563985847301e+04  3.583562779984260569e-10 2.121740624999999980e+01 5.102401874999999905e+02
-1.386548874112932879e+02  0.000000000000000000e+00   1.922517780979683084e+04  3.515396082350312623e-10 2.126084374999999937e+01 5.123040624999999864e+02
-1.386548831787373786e+02  0.000000000000000000e+00   1.922517663594296755e+04  3.450505569744915514e-10 2.127803125000000151e+01 5.128443750000000136e+02
-1.386548844969735512e+02  0.000000000000000000e+00   1.922517700173139019e+04  3.569440296799834896e-10 2.126753125000000111e+01 5.117916250000000105e+02
-1.386548918416192464e+02  0.000000000000000000e+00   1.922517903834479512e+04  3.502522547245167205e-10 2.125482812499999952e+01 5.121220937499999764e+02
-1.386548719130411200e+02  0.000000000000000000e+00   1.922517351170487382e+04  3.372159250248248725e-10 2.125489062500000159e+01 5.116230312499999968e+02
-1.386548908833023859e+02  0.000000000000000000e+00   1.922517877255070562e+04  3.479922867761047363e-10 2.125835937500000128e+01 5.124747812499999782e+02
-1.386548848998930907e+02  0.000000000000000000e+00   1.922517711305353077e+04  3.355459077741383697e-10 2.129937500000000128e+01 5.131504999999999654e+02
-1.386548897662220838e+02  0.000000000000000000e+00   1.922517846252418894e+04  3.350289081043370422e-10 2.122714062500000054e+01 5.102879062499999918e+02
-1.386548767494034564e+02  0.000000000000000000e+00   1.922517485296175437e+04  3.417129511781518071e-10 2.124115624999999952e+01 5.111053750000000377e+02
-1.386549035784776436e+02  0.000000000000000000e+00   1.922518229289940791e+04  3.403075978997633989e-10 2.127243749999999878e+01 5.128958125000000337e+02
-1.386548886830603067e+02  0.000000000000000000e+00   1.922517816222997499e+04  3.390413444330865398e-10 2.129346874999999883e+01 5.142526874999999791e+02
-1.386548843576151455e+02  0.000000000000000000e+00   1.922517696254323528e+04  3.287150885406729959e-10 2.130687500000000156e+01 5.143651250000000346e+02
-1.386548921123619778e+02  0.000000000000000000e+00   1.922517911305016241e+04  3.307861730768256757e-10 2.129448437499999969e+01 5.130379062499999918e+02
-1.386549032047617231e+02  0.000000000000000000e+00   1.922518218910768701e+04  3.321604967277659578e-10 2.122343749999999929e+01 5.106779999999999973e+02
-1.386548950783862040e+02  0.000000000000000000e+00   1.922517993556607689e+04  3.312213876866758951e-10 2.127879687500000117e+01 5.127830312500000218e+02
-1.386548912283178652e+02  0.000000000000000000e+00   1.922517886786195595e+04  3.290112007677143441e-10 2.120685937500000051e+01 5.099150312500000268e+02
-1.386548799851385070e+02  0.000000000000000000e+00   1.922517574975287789e+04  3.151969009876039188e-10 2.127334375000000222e+01 5.125411249999999654e+02
-1.386548846677493145e+02  0.000000000000000000e+00   1.922517704837660131e+04  3.198793741887588404e-10 2.128704687500000148e+01 5.128977187499999673e+02
-1.386548844290184945e+02  0.000000000000000000e+00   1.922517698217270663e+04  3.198010341011104601e-10 2.117643749999999869e+01 5.084601250000000050e+02
-1.386548900694064343e+02  0.000000000000000000e+00   1.922517854633252500e+04  3.211070729221388333e-10 2.124028124999999889e+01 5.113558125000000132e+02
-1.386548946877981905e+02  0.000000000000000000e+00   1.922517982694035891e+04  3.150009811981154585e-10 2.128598437500000173e+01 5.127612187500000118e+02
-1.386548942966510083e+02  0.000000000000000000e+00   1.922517971849130845e+04  3.160356920607741449e-10 2.131248437500000037e+01 5.148970937500000673e+02
-1.386548835262572652e+02  0.000000000000000000e+00   1.922517673162917708e+04  3.094488365957793453e-10 2.122575000000000145e+01 5.101112499999999841e+02
-1.386548954204997699e+02  0.000000000000000000e+00   1.922518003000437602e+04  3.086914854630136178e-10 2.129154687500000165e+01 5.130688437500000418e+02
-1.386548823483870194e+02  0.000000000000000000e+00   1.922517640493423096e+04  3.063267372186110538e-10 2.125815624999999898e+01 5.115236874999999941e+02
-1.386548965747697082e+02  0.000000000000000000e+00   1.922518035009475352e+04  3.086924264729049857e-10 2.123839062500000097e+01 5.113000312500000177e+02
-1.386548895067126921e+02  0.000000000000000000e+00   1.922517839011002434e+04  3.116391461288723426e-10 2.126024999999999920e+01 5.119634374999999977e+02
-1.386548824540741691e+02  0.000000000000000000e+00   1.922517643414286067e+04  3.011537581305936722e-10 2.139056250000000148e+01 5.172108124999999745e+02
-1.386548958930961248e+02  0.000000000000000000e+00   1.922518016110532335e+04  3.110504232200347667e-10 2.117867187499999915e+01 5.082904687500000023e+02
-1.386548879250584321e+02  0.000000000000000000e+00   1.922517795114941691e+04  2.933082620489882059e-10 2.125282812500000063e+01 5.111266562499999964e+02
-1.386548919906892650e+02  0.000000000000000000e+00   1.922517907881838255e+04  3.052600056398700710e-10 2.121110937499999949e+01 5.097697812499999941e+02
-1.386548788323022450e+02  0.000000000000000000e+00   1.922517542978580968e+04  3.009280225439706924e-10 2.127171875000000156e+01 5.124513124999999718e+02
-1.386548881918416214e+02  0.000000000000000000e+00   1.922517802525431398e+04  2.997222088973316369e-10 2.122912499999999980e+01 5.110554999999999950e+02
-1.386548845483241621e+02  0.000000000000000000e+00   1.922517701480256073e+04  2.961459682932307759e-10 2.124659374999999883e+01 5.104933125000000018e+02
-1.386548803202980196e+02  0.000000000000000000e+00   1.922517584221865400e+04  2.903737163642304755e-10 2.131360937500000219e+01 5.140132812499999773e+02
-1.386548923851398456e+02  0.000000000000000000e+00   1.922517918791530974e+04  2.902754555113206341e-10 2.122356249999999989e+01 5.109408124999999927e+02
-1.386548917576339761e+02  0.000000000000000000e+00   1.922517901395024091e+04  2.927956220202374187e-10 2.131239062499999903e+01 5.139549687500000346e+02
-1.386548869942026840e+02  0.000000000000000000e+00   1.922517769295981634e+04  2.904889294313652210e-10 2.121973437500000159e+01 5.105211562499999900e+02
-1.386548809873192738e+02  0.000000000000000000e+00   1.922517602717382397e+04  2.895240711627328737e-10 2.125331249999999983e+01 5.112874375000000100e+02
-1.386549071005250937e+02  0.000000000000000000e+00   1.922518326863287803e+04  2.901211715588502654e-10 2.123828125000000000e+01 5.114556249999999977e+02
-1.386548836668384297e+02  0.000000000000000000e+00   1.922517677018653922e+04  2.872296471005365748e-10 2.131024999999999991e+01 5.132549374999999827e+02
-1.386548892447378591e+02  0.000000000000000000e+00   1.922517831694897905e+04  2.849626496406740688e-10 2.127873437499999909e+01 5.129816562500000146e+02
-1.386548930743123833e+02  0.000000000000000000e+00   1.922517937888730376e+04  2.828741034722297326e-10 2.126715624999999932e+01 5.121963749999999891e+02
-1.386548959495063116e+02  0.000000000000000000e+00   1.922518017622019761e+04  2.835748100384093633e-10 2.131146874999999952e+01 5.143289375000000518e+02
-1.386548889992590148e+02  0.000000000000000000e+00   1.922517824884320726e+04  2.832934535868002282e-10 2.128626562500000219e+01 5.127654062499999554e+02
-1.386548819195960505e+02  0.000000000000000000e+00   1.922517628546261403e+04  2.770061287839224746e-10 2.122346875000000210e+01 5.099356250000000159e+02
-1.386548890039221362e+02  0.000000000000000000e+00   1.922517825004012411e+04  2.782890792879426772e-10 2.123803124999999881e+01 5.111935000000000286e+02
-1.386548946269834630e+02  0.000000000000000000e+00   1.922517980938950495e+04  2.793012474389306324e-10 2.129353125000000091e+01 5.134657499999999573e+02
-1.386548873441021215e+02  0.000000000000000000e+00   1.922517778970865038e+04  2.758360985294248120e-10 2.124176562499999932e+01 5.114453437500000064e+02
-1.386548986374710069e+02  0.000000000000000000e+00   1.922518092144668844e+04  2.746049239529627229e-10 2.129728125000000105e+01 5.138883749999999964e+02
-1.386548900718656512e+02  0.000000000000000000e+00   1.922517854603498199e+04  2.701578657637466414e-10 2.127609375000000114e+01 5.124215000000000373e+02
-1.386548932503018534e+02  0.000000000000000000e+00   1.922517942750501243e+04  2.732046440208560308e-10 2.125326562500000094e+01 5.116066562500000146e+02
-1.386548880964169825e+02  0.000000000000000000e+00   1.922517799823463429e+04  2.707240493689272331e-10 2.123857812500000009e+01 5.110909687500000018e+02
-1.386548846512030195e+02  0.000000000000000000e+00   1.922517704288512687e+04  2.729083438456699839e-10 2.126001562500000119e+01 5.119720937499999991e+02
-1.386548863704088603e+02  0.000000000000000000e+00   1.922517751961889735e+04  2.719300183905036006e-10 2.115071874999999935e+01 5.077458124999999995e+02
-1.386548845941194656e+02  0.000000000000000000e+00   1.922517702687268684e+04  2.634097587520954128e-10 2.122689062499999935e+01 5.105447187500000155e+02
-1.386548950805500340e+02  0.000000000000000000e+00   1.922517993503508478e+04  2.723900021040796551e-10 2.128181250000000091e+01 5.133532500000000027e+02
-1.386548803246770944e+02  0.000000000000000000e+00   1.922517584285843986e+04  2.604873078312564672e-10 2.129134374999999935e+01 5.134477500000000418e+02
-1.386548824928522663e+02  0.000000000000000000e+00   1.922517644425421895e+04  2.677505121183686323e-10 2.121103125000000134e+01 5.097635000000000218e+02
-1.386548880505519321e+02  0.000000000000000000e+00   1.922517798543098615e+04  2.663121540652314359e-10 2.125775000000000148e+01 5.124326250000000300e+02
-1.386548956319048500e+02  0.000000000000000000e+00   1.922518008770616871e+04  2.606863201661549443e-10 2.124889062500000136e+01 5.115261562499999854e+02
-1.386548912726508149e+02  0.000000000000000000e+00   1.922517887874609369e+04  2.556789347633567601e-10 2.129250000000000043e+01 5.136295625000000200e+02
-1.386548821020980995e+02  0.000000000000000000e+00   1.922517633568740712e+04  2.569903320120678611e-10 2.126904687500000080e+01 5.116231562500000223e+02
-1.386548942607788604e+02  0.000000000000000000e+00   1.922517970741265162e+04  2.572088474739515331e-10 2.121432812500000153e+01 5.097464687500000196e+02
-1.386548892628851490e+02  0.000000000000000000e+00   1.922517832143974738e+04  2.567883971512616312e-10 2.117606250000000045e+01 5.086304999999999836e+02
-1.386548888385795806e+02  0.000000000000000000e+00   1.922517820381890488e+04  2.590375854744406200e-10 2.125923437500000190e+01 5.123975312500000427e+02
-1.386548963170987747e+02  0.000000000000000000e+00   1.922518027760206678e+04  2.547000299226764887e-10 2.129074999999999918e+01 5.131285625000000437e+02
-1.386548905513169814e+02  0.000000000000000000e+00   1.922517867870242117e+04  2.551201415029446736e-10 2.117521874999999909e+01 5.082532500000000368e+02
-1.386548933227677480e+02  0.000000000000000000e+00   1.922517944719651132e+04  2.521904739732873259e-10 2.124381250000000065e+01 5.116625000000000227e+02
-1.386549049131523077e+02  0.000000000000000000e+00   1.922518266136241073e+04  2.542032699342005214e-10 2.123731250000000159e+01 5.111082499999999982e+02
-1.386548841019852603e+02  0.000000000000000000e+00   1.922517689020675243e+04  2.534066882524583742e-10 2.122215625000000117e+01 5.101513125000000173e+02
-1.386548868134257759e+02  0.000000000000000000e+00   1.922517764211128451e+04  2.531769532198930836e-10 2.120759375000000091e+01 5.101925625000000082e+02
-1.386548898700958716e+02  0.000000000000000000e+00   1.922517848962831704e+04  2.465465152176692976e-10 2.133309374999999974e+01 5.149241250000000036e+02
-1.386548951696147753e+02  0.000000000000000000e+00   1.922517995930508550e+04  2.501002338217107965e-10 2.129826562499999909e+01 5.142166562500000282e+02
-1.386549020169184132e+02  0.000000000000000000e+00   1.922518185808075941e+04  2.475666102900218778e-10 2.126132812500000213e+01 5.123115937500000427e+02
-1.386548820208962525e+02  0.000000000000000000e+00   1.922517631293029626e+04  2.445562227058271519e-10 2.126923437499999991e+01 5.123894687499999918e+02
-1.386548906899545273e+02  0.000000000000000000e+00   1.922517871697974988e+04  2.463701500273894436e-10 2.126006250000000009e+01 5.120900625000000446e+02
-1.386548897596386780e+02  0.000000000000000000e+00   1.922517845894865241e+04  2.440079963549538759e-10 2.134778125000000060e+01 5.156201875000000427e+02
-1.386548882372117077e+02  0.000000000000000000e+00   1.922517803670369540e+04  2.408313991283107801e-10 2.129981250000000159e+01 5.143269999999999982e+02
-1.386548863308507578e+02  0.000000000000000000e+00   1.922517750820548463e+04  2.488579712808475207e-10 2.126079687500000048e+01 5.120625937500000191e+02
-1.386548956968360926e+02  0.000000000000000000e+00   1.922518010535605572e+04  2.421595778461660380e-10 2.132964062499999969e+01 5.148452187499999582e+02
-1.386548893773646114e+02  0.000000000000000000e+00   1.922517835290434959e+04  2.421372707903558155e-10 2.129454687500000176e+01 5.137542812499999627e+02
-1.386548937825422172e+02  0.000000000000000000e+00   1.922517957444796775e+04  2.392645562929740631e-10 2.129656250000000028e+01 5.139003750000000537e+02
-1.386548899348222506e+02  0.000000000000000000e+00   1.922517850740232825e+04  2.374311209696588038e-10 2.122481249999999875e+01 5.100081250000000068e+02
-1.386548827198684535e+02  0.000000000000000000e+00   1.922517650664987377e+04  2.387180984343989180e-10 2.136898437500000014e+01 5.166004062499999918e+02
-1.386548959879883398e+02  0.000000000000000000e+00   1.922518018602436496e+04  2.384633493104596610e-10 2.122218750000000043e+01 5.106872500000000059e+02
-1.386548912612168465e+02  0.000000000000000000e+00   1.922517887524777325e+04  2.386404847618037830e-10 2.124392187500000162e+01 5.116645312500000387e+02
-1.386548959787445767e+02  0.000000000000000000e+00   1.922518018338255933e+04  2.343843097475140161e-10 2.132542187499999997e+01 5.148865937499999745e+02
-1.386548904181175317e+02  0.000000000000000000e+00   1.922517864142841790e+04  2.376173215450958424e-10 2.121276562499999940e+01 5.106311562500000036e+02
-1.386548954416693960e+02  0.000000000000000000e+00   1.922518003448361924e+04  2.363227826122736429e-10 2.127331249999999940e+01 5.124199375000000600e+02
-1.386548881514447373e+02  0.000000000000000000e+00   1.922517801273047371e+04  2.309899299887426085e-10 2.126339062499999955e+01 5.122116562500000327e+02
-1.386548981796829594e+02  0.000000000000000000e+00   1.922518079373417640e+04  2.348965476132710743e-10 2.127081250000000168e+01 5.127431249999999636e+02
-1.386548760616778111e+02  0.000000000000000000e+00   1.922517466009350392e+04  2.296087808772637517e-10 2.129639062500000080e+01 5.135057187500000282e+02
-1.386548894399618064e+02  0.000000000000000000e+00   1.922517837001329826e+04  2.291403925373204895e-10 2.129278125000000088e+01 5.130518749999999955e+02
-1.386548833302279604e+02  0.000000000000000000e+00   1.922517667570013509e+04  2.278786275678546129e-10 2.126146874999999881e+01 5.121326874999999745e+02
-1.386548865328929026e+02  0.000000000000000000e+00   1.922517756384043605e+04  2.283999454696860457e-10 2.129584374999999952e+01 5.130733125000000427e+02
-1.386548888956440067e+02  0.000000000000000000e+00   1.922517821901540447e+04  2.263708253250661292e-10 2.129235937500000020e+01 5.130912187500000528e+02
-1.386548936111213379e+02  0.000000000000000000e+00   1.922517952665237317e+04  2.257974433295404217e-10 2.137459374999999895e+01 5.166731250000000273e+02
-1.386548894033552415e+02  0.000000000000000000e+00   1.922517835984667545e+04  2.283465731777548817e-10 2.124353125000000020e+01 5.115296875000000227e+02
-1.386548980878135637e+02  0.000000000000000000e+00   1.922518076811609353e+04  2.275207453411820854e-10 2.129167187499999869e+01 5.130799687500000346e+02
-1.386548907252376637e+02  0.000000000000000000e+00   1.922517872640531641e+04  2.277075394234061120e-10 2.120492187500000014e+01 5.099144687500000259e+02
-1.386548914338571592e+02  0.000000000000000000e+00   1.922517892281980676e+04  2.228895544493253681e-10 2.133510937500000182e+01 5.150969062499999609e+02
-1.386549012567998602e+02  0.000000000000000000e+00   1.922518164684409203e+04  2.242461118750089825e-10 2.115826562500000207e+01 5.078445937500000014e+02
-1.386548907508375521e+02  0.000000000000000000e+00   1.922517873339364814e+04  2.219460563226936950e-10 2.121862499999999940e+01 5.100885625000000232e+02
-1.386548923248530514e+02  0.000000000000000000e+00   1.922517916988187426e+04  2.218590055277930695e-10 2.124960937500000213e+01 5.114330937500000118e+02
-1.386548890789295569e+02  0.000000000000000000e+00   1.922517826978764788e+04  2.235291591258047767e-10 2.135089062500000168e+01 5.161394062499999791e+02
-1.386548929935220826e+02  0.000000000000000000e+00   1.922517935530669274e+04  2.216693950260069091e-10 2.124951562500000080e+01 5.114649062500000127e+02
-1.386548865055558224e+02  0.000000000000000000e+00   1.922517755609966116e+04  2.200810198236465652e-10 2.133582812499999903e+01 5.152137187499999982e+02
-1.386548893066055825e+02  0.000000000000000000e+00   1.922517833281034473e+04  2.175947191153196130e-10 2.130203124999999886e+01 5.135937500000000000e+02
-1.386548729136233646e+02  0.000000000000000000e+00   1.922517378692585407e+04  2.201700010512110567e-10 2.121421875000000057e+01 5.098165625000000318e+02
-1.386548967034818816e+02  0.000000000000000000e+00   1.922518038403185346e+04  2.173515354878724874e-10 2.130389062500000108e+01 5.141686562500000264e+02
-1.386548910350175277e+02  0.000000000000000000e+00   1.922517881211239001e+04  2.174130529792563783e-10 2.126246875000000003e+01 5.117181874999999991e+02
-1.386548876848265479e+02  0.000000000000000000e+00   1.922517788306497823e+04  2.170650696688909137e-10 2.128112499999999940e+01 5.131456875000000082e+02
-1.386548888652779112e+02  0.000000000000000000e+00   1.922517821042461219e+04  2.175294361803701267e-10 2.128721875000000097e+01 5.128912500000000136e+02
-1.386548869851475843e+02  0.000000000000000000e+00   1.922517768900513329e+04  2.153990916568286326e-10 2.119954687499999935e+01 5.095934062499999868e+02
-1.386548944102416385e+02  0.000000000000000000e+00   1.922517974801023956e+04  2.130009580864714563e-10 2.130304687499999972e+01 5.135362187499999891e+02
-1.386548898473745339e+02  0.000000000000000000e+00   1.922517848270809191e+04  2.143297445384599977e-10 2.123193750000000080e+01 5.105521249999999895e+02
-1.386548952996324431e+02  0.000000000000000000e+00   1.922517999466280526e+04  2.138222131018558372e-10 2.128143749999999912e+01 5.132959375000000364e+02
-1.386548854859987046e+02  0.000000000000000000e+00   1.922517727323531290e+04  2.132568243606183036e-10 2.132379687499999932e+01 5.151284687500000246e+02
-1.386548976258232528e+02  0.000000000000000000e+00   1.922518063965153851e+04  2.093094515227935262e-10 2.129178124999999966e+01 5.134014375000000427e+02
-1.386548898913273717e+02  0.000000000000000000e+00   1.922517849483146347e+04  2.109393120943448741e-10 2.127081250000000168e+01 5.124546249999999645e+02
-1.386549017620902191e+02  0.000000000000000000e+00   1.922518178665434971e+04  2.080323265868471788e-10 2.132948437499999983e+01 5.146154687499999909e+02
-1.386548891119419977e+02  0.000000000000000000e+00   1.922517827864146966e+04  2.078804129264951633e-10 2.131423437500000162e+01 5.142835312500000100e+02
-1.386548951866072628e+02  0.000000000000000000e+00   1.922517996324607157e+04  2.099863342256529649e-10 2.124109375000000099e+01 5.115880000000000223e+02
-1.386548905618787728e+02  0.000000000000000000e+00   1.922517868074377839e+04  2.089550452307236245e-10 2.123523437500000099e+01 5.116084687499999859e+02
-1.386548779290379798e+02  0.000000000000000000e+00   1.922517517740860421e+04  2.024521963066478057e-10 2.127081250000000168e+01 5.119538125000000264e+02
-1.386548916505778095e+02  0.000000000000000000e+00   1.922517898264707401e+04  2.087680828024222287e-10 2.122406249999999872e+01 5.105351249999999936e+02
-1.386548871137941603e+02  0.000000000000000000e+00   1.922517772449392214e+04  2.057156286539993375e-10 2.128078125000000043e+01 5.126542500000000473e+02
-1.386548990630945468e+02  0.000000000000000000e+00   1.922518103812243862e+04  2.041854803421034930e-10 2.130362500000000026e+01 5.137221250000000055e+02
-1.386548962487552501e+02  0.000000000000000000e+00   1.922518025778458832e+04  2.096992692604491589e-10 2.121750000000000114e+01 5.104645624999999995e+02
-1.386548881130620430e+02  0.000000000000000000e+00   1.922517800160620391e+04  2.060032551603581750e-10 2.120532812500000119e+01 5.099726562500000000e+02
-1.386548908672395441e+02  0.000000000000000000e+00   1.922517876532159426e+04  2.036645545442565150e-10 2.127818750000000136e+01 5.123285624999999754e+02
-1.386548880157898225e+02  0.000000000000000000e+00   1.922517797461135706e+04  2.049469740598491267e-10 2.131445312500000000e+01 5.141713437500000055e+02
-1.386548897686419082e+02  0.000000000000000000e+00   1.922517846062527315e+04  2.013523574899061883e-10 2.125103125000000048e+01 5.118500625000000355e+02
-1.386548906590259662e+02  0.000000000000000000e+00   1.922517870756754201e+04  2.029159616378827562e-10 2.119642187500000219e+01 5.092821562500000141e+02
-1.386548942846940804e+02  0.000000000000000000e+00   1.922517971295563257e+04  2.005672295243044586e-10 2.126592187500000009e+01 5.126449062499999627e+02
-1.386548841243900654e+02  0.000000000000000000e+00   1.922517689538280320e+04  1.994659407471878200e-10 2.126034375000000054e+01 5.112958125000000109e+02
-1.386548972438746148e+02  0.000000000000000000e+00   1.922518053354040967e+04  1.992689146843316717e-10 2.125818750000000179e+01 5.113782500000000368e+02
-1.386549026298077649e+02  0.000000000000000000e+00   1.922518202712776110e+04  2.000651785209613568e-10 2.121581250000000196e+01 5.100573125000000232e+02
-1.386548994101040648e+02  0.000000000000000000e+00   1.922518113425066986e+04  1.989366207805152189e-10 2.127742187500000171e+01 5.130276562500000637e+02
-1.386548894527234665e+02  0.000000000000000000e+00   1.922517837300349856e+04  2.005980879790231056e-10 2.126482812500000108e+01 5.122605312499999854e+02
-1.386548938801980171e+02  0.000000000000000000e+00   1.922517960075488736e+04  1.990053271022973650e-10 2.129542187499999883e+01 5.139747812499999782e+02
-1.386548912417650001e+02  0.000000000000000000e+00   1.922517886906729109e+04  1.977412788977636060e-10 2.134453124999999929e+01 5.152471874999999955e+02
-1.386548884974251905e+02  0.000000000000000000e+00   1.922517810805407498e+04  1.987322837871298985e-10 2.121678125000000037e+01 5.099768750000000068e+02
-1.386548859528415107e+02  0.000000000000000000e+00   1.922517740237565886e+04  1.966261620567341904e-10 2.121342187500000165e+01 5.101895937500000286e+02
-1.386548928818417323e+02  0.000000000000000000e+00   1.922517932380987986e+04  1.942700408894823203e-10 2.128257812500000057e+01 5.130574062499999854e+02
-1.386548894145717838e+02  0.000000000000000000e+00   1.922517836232332047e+04  1.953787486593338298e-10 2.127634374999999878e+01 5.133880625000000464e+02
-1.386548871633636395e+02  0.000000000000000000e+00   1.922517773798407143e+04  1.924023576227371464e-10 2.124346875000000168e+01 5.119269375000000082e+02
-1.386548797499991394e+02  0.000000000000000000e+00   1.922517568218081942e+04  1.921489993094661039e-10 2.126743749999999977e+01 5.120801250000000664e+02
-1.386548862486324936e+02  0.000000000000000000e+00   1.922517748434778696e+04  1.938380475685260073e-10 2.122385937499999997e+01 5.102744687499999827e+02
-1.386548958293440705e+02  0.000000000000000000e+00   1.922518014122148452e+04  1.963689706185680688e-10 2.118814062499999906e+01 5.092247812500000350e+02
-1.386549047762153464e+02  0.000000000000000000e+00   1.922518262223905913e+04  1.944176068575361637e-10 2.120057812499999983e+01 5.100070937500000241e+02
-1.386548894892775650e+02  0.000000000000000000e+00   1.922517838294104513e+04  1.902333979198153172e-10 2.129168750000000188e+01 5.135352500000000191e+02
-1.386548935695014393e+02  0.000000000000000000e+00   1.922517951445922154e+04  1.919071251942095233e-10 2.123873437499999994e+01 5.109038437500000214e+02
-1.386548974137172934e+02  0.000000000000000000e+00   1.922518058049924366e+04  1.919761834628100788e-10 2.120515625000000171e+01 5.098161249999999995e+02
-1.386548929269164319e+02  0.000000000000000000e+00   1.922517933622024793e+04  1.896255820407538360e-10 2.128057812500000168e+01 5.128115312500000300e+02
-1.386548925317295584e+02  0.000000000000000000e+00   1.922517922660476688e+04  1.882580186098494379e-10 2.134068750000000136e+01 5.153605625000000146e+02
-1.386548994550165901e+02  0.000000000000000000e+00   1.922518114657957267e+04  1.923941866250556115e-10 2.125296875000000085e+01 5.118544375000000173e+02
-1.386548963295627175e+02  0.000000000000000000e+00   1.922518027978776081e+04  1.886056236103616286e-10 2.128385937499999869e+01 5.131186562499999582e+02
-1.386548874584239570e+02  0.000000000000000000e+00   1.922517781971719160e+04  1.877213763410667469e-10 2.122607812500000080e+01 5.106052812500000186e+02
-1.386548973891885055e+02  0.000000000000000000e+00   1.922518057364758351e+04  1.893969801281905074e-10 2.122939062500000063e+01 5.109793437499999982e+02
-1.386548943566907610e+02  0.000000000000000000e+00   1.922517973264780085e+04  1.863558747153430533e-10 2.125501562500000219e+01 5.114430937500000027e+02
-1.386548896263749953e+02  0.000000000000000000e+00   1.922517842087707686e+04  1.859460154427572069e-10 2.124450000000000216e+01 5.115683750000000032e+02
-1.386548964862510331e+02  0.000000000000000000e+00   1.922518032321655846e+04  1.874401562755683587e-10 2.126779687500000193e+01 5.129720312499999864e+02
-1.386548929256090616e+02  0.000000000000000000e+00   1.922517933578550583e+04  1.858705038627198716e-10 2.124556250000000190e+01 5.114299374999999941e+02
-1.386548868427012451e+02  0.000000000000000000e+00   1.922517764891611660e+04  1.848528416673522240e-10 2.126239062500000188e+01 5.118219687499999964e+02
-1.386548994011288585e+02  0.000000000000000000e+00   1.922518113147296754e+04  1.839151741034921491e-10 2.126946875000000148e+01 5.126404374999999618e+02
-1.386548894079737408e+02  0.000000000000000000e+00   1.922517836027560770e+04  1.840387677462985926e-10 2.126553125000000222e+01 5.123736250000000609e+02
-1.386548931260498136e+02  0.000000000000000000e+00   1.922517939131232561e+04  1.828867262341951085e-10 2.129579687500000063e+01 5.140074687500000437e+02
-1.386548960900594807e+02  0.000000000000000000e+00   1.922518021333647266e+04  1.868009387658937435e-10 2.121296875000000171e+01 5.100456874999999854e+02
-1.386548860641917429e+02  0.000000000000000000e+00   1.922517743298950882e+04  1.828598742146833744e-10 2.128087500000000176e+01 5.124731874999999945e+02
-1.386548920221531773e+02  0.000000000000000000e+00   1.922517908518613694e+04  1.826344856832113177e-10 2.128582812500000188e+01 5.134314062500000091e+02
-1.386548872382714421e+02  0.000000000000000000e+00   1.922517775854047068e+04  1.811532064888811567e-10 2.127550000000000097e+01 5.129859374999999773e+02
-1.386548911788364933e+02  0.000000000000000000e+00   1.922517885128244961e+04  1.803603228814591475e-10 2.114896875000000165e+01 5.076061250000000200e+02
-1.386548944076827468e+02  0.000000000000000000e+00   1.922517974668528404e+04  1.809934777210065758e-10 2.117143749999999969e+01 5.083316250000000309e+02
-1.386548903794891032e+02  0.000000000000000000e+00   1.922517862960910497e+04  1.800225495729749374e-10 2.119373437500000179e+01 5.092853437500000382e+02
-1.386548981132083611e+02  0.000000000000000000e+00   1.922518077425908268e+04  1.807469015027034404e-10 2.125295312500000122e+01 5.119308437500000082e+02
-1.386548963726224883e+02  0.000000000000000000e+00   1.922518029152289819e+04  1.779029699801247333e-10 2.125273437499999929e+01 5.117624062500000264e+02
-1.386548974639411256e+02  0.000000000000000000e+00   1.922518059420496138e+04  1.804369446357317983e-10 2.123707812500000003e+01 5.114814687500000332e+02
-1.386548987612229666e+02  0.000000000000000000e+00   1.922518095392968462e+04  1.791761025263084060e-10 2.125789062500000171e+01 5.117675937500000032e+02
-1.386548840059965642e+02  0.000000000000000000e+00   1.922517686214388959e+04  1.782833538670459301e-10 2.121629687500000117e+01 5.104730937500000323e+02
-1.386548896002587412e+02  0.000000000000000000e+00   1.922517841346567366e+04  1.771496630816008468e-10 2.125959375000000051e+01 5.119680625000000305e+02
-1.386548947996041363e+02  0.000000000000000000e+00   1.922517985528808276e+04  1.767885991520567766e-10 2.129284374999999940e+01 5.140933750000000373e+02
-1.386548866279200638e+02  0.000000000000000000e+00   1.922517758923325891e+04  1.785104230278832805e-10 2.128856250000000117e+01 5.135659375000000182e+02
-1.386548851502885498e+02  0.000000000000000000e+00   1.922517717943992830e+04  1.768628018883445234e-10 2.120207812499999989e+01 5.095302187500000173e+02
-1.386548994657208596e+02  0.000000000000000000e+00   1.922518114926085764e+04  1.774599748833068316e-10 2.130868750000000134e+01 5.144123749999999973e+02
-1.386548989403475787e+02  0.000000000000000000e+00   1.922518100355201750e+04  1.765401297527575528e-10 2.121182812500000026e+01 5.099090312499999982e+02
-1.386548860416178286e+02  0.000000000000000000e+00   1.922517742651018125e+04  1.714498777211456869e-10 2.128057812500000168e+01 5.125732812500000364e+02
-1.386548878814961085e+02  0.000000000000000000e+00   1.922517793677512236e+04  1.739836617474429509e-10 2.124659374999999883e+01 5.108938750000000368e+02
-1.386548882739390365e+02  0.000000000000000000e+00   1.922517804562835590e+04  1.752825348992363579e-10 2.124254687500000216e+01 5.114731562499999882e+02
-1.386548844809515231e+02  0.000000000000000000e+00   1.922517699377828103e+04  1.743687531795504203e-10 2.125107812499999937e+01 5.115925937499999918e+02
-1.386548886093344493e+02  0.000000000000000000e+00   1.922517813857761212e+04  1.722048987283260225e-10 2.126115624999999909e+01 5.121018125000000509e+02
-1.386548780708460527e+02  0.000000000000000000e+00   1.922517521618254978e+04  1.738014579332045566e-10 2.119842187500000108e+01 5.095485937500000091e+02
-1.386548893521909349e+02  0.000000000000000000e+00   1.922517834458772631e+04  1.726598055917401547e-10 2.125742187500000213e+01 5.115387812499999995e+02
-1.386548897677748471e+02  0.000000000000000000e+00   1.922517845985525855e+04  1.738067270469243240e-10 2.118210937499999957e+01 5.086677812500000186e+02
-1.386548890488089398e+02  0.000000000000000000e+00   1.922517826039694773e+04  1.695395943134983777e-10 2.128592187499999966e+01 5.127217187500000364e+02
-1.386548976473839332e+02  0.000000000000000000e+00   1.922518064494295686e+04  1.735453808151217472e-10 2.120796874999999915e+01 5.098083124999999995e+02
-1.386548961509732578e+02  0.000000000000000000e+00   1.922518022995657520e+04  1.726588425099256137e-10 2.124154687500000094e+01 5.108520937499999945e+02
-1.386548977429142440e+02  0.000000000000000000e+00   1.922518067140188214e+04  1.718515838380254892e-10 2.123114062500000188e+01 5.112200937499999895e+02
-1.386548859192614600e+02  0.000000000000000000e+00   1.922517739248789076e+04  1.666814732333096041e-10 2.126417187499999883e+01 5.121311562500000036e+02
-1.386548885937769171e+02  0.000000000000000000e+00   1.922517813426618886e+04  1.723521196401726729e-10 2.123032812499999977e+01 5.106148437500000341e+02
-1.386548863563174052e+02  0.000000000000000000e+00   1.922517751373481224e+04  1.691280258214178316e-10 2.125301562499999974e+01 5.117544687500000009e+02
-1.386548891615035473e+02  0.000000000000000000e+00   1.922517829161729605e+04  1.679288690219153960e-10 2.125940625000000139e+01 5.115765000000000100e+02
-1.386548915325989242e+02  0.000000000000000000e+00   1.922517894910877294e+04  1.660322119294648662e-10 2.126876562500000034e+01 5.125797812499999964e+02
-1.386548893636526714e+02  0.000000000000000000e+00   1.922517834761916674e+04  1.650130248176189425e-10 2.131462499999999949e+01 5.136520000000000437e+02
-1.386548961185335429e+02  0.000000000000000000e+00   1.922518022087453573e+04  1.681756079514628566e-10 2.129493749999999963e+01 5.134382500000000391e+02
-1.386548914104345158e+02  0.000000000000000000e+00   1.922517891520752164e+04  1.647908640356962959e-10 2.130834374999999881e+01 5.137549999999999955e+02
-1.386548916697376796e+02  0.000000000000000000e+00   1.922517898713513932e+04  1.658475232130228662e-10 2.128920312500000023e+01 5.133634687500000382e+02
-1.386548955180416840e+02  0.000000000000000000e+00   1.922518005432096834e+04  1.665478538492693374e-10 2.123928125000000122e+01 5.112111874999999941e+02
-1.386548878099030446e+02  0.000000000000000000e+00   1.922517791674669934e+04  1.648826491035320203e-10 2.127160937500000060e+01 5.124253437500000246e+02
-1.386548969229854436e+02  0.000000000000000000e+00   1.922518044393782839e+04  1.671823383000118460e-10 2.117695312500000071e+01 5.082772812499999873e+02
-1.386548826705261490e+02  0.000000000000000000e+00   1.922517649155312029e+04  1.651869430545393263e-10 2.131204687500000006e+01 5.144284687499999791e+02
-1.386548852996855601e+02  0.000000000000000000e+00   1.922517722063296969e+04  1.645764810579953320e-10 2.126589062500000082e+01 5.123021562500000528e+02
-1.386548942191610081e+02  0.000000000000000000e+00   1.922517969406798875e+04  1.633930160970272262e-10 2.130307812499999898e+01 5.141234687500000291e+02
-1.386548904556246384e+02  0.000000000000000000e+00   1.922517865038935997e+04  1.627080126962447352e-10 2.130884375000000119e+01 5.136766874999999573e+02
-1.386548850843365130e+02  0.000000000000000000e+00   1.922517716087644294e+04  1.625929735087648106e-10 2.129581250000000026e+01 5.133667500000000246e+02
-1.386548858710167451e+02  0.000000000000000000e+00   1.922517737904316527e+04  1.632488425719474127e-10 2.131709375000000151e+01 5.137184375000000500e+02
-1.386548887534071071e+02  0.000000000000000000e+00   1.922517817836083850e+04  1.633865951618154202e-10 2.119125000000000014e+01 5.094833125000000109e+02
-1.386548862730103338e+02  0.000000000000000000e+00   1.922517749049522172e+04  1.619643489251554562e-10 2.127460937500000071e+01 5.123879687500000273e+02
-1.386548957566691627e+02  0.000000000000000000e+00   1.922518012038976667e+04  1.610895169665233369e-10 2.121490625000000207e+01 5.102312499999999886e+02
-1.386548872333494273e+02  0.000000000000000000e+00   1.922517775677140889e+04  1.601318441570752639e-10 2.127107812499999895e+01 5.126589062499999727e+02
-1.386548867960814277e+02  0.000000000000000000e+00   1.922517763553232362e+04  1.611516052008286442e-10 2.125382812500000185e+01 5.116457812500000273e+02
-1.386548869164421376e+02  0.000000000000000000e+00   1.922517766891812425e+04  1.615989444489058786e-10 2.124875000000000114e+01 5.113516250000000127e+02
-1.386548970797975926e+02  0.000000000000000000e+00   1.922518048729380826e+04  1.604429153546196180e-10 2.129281250000000014e+01 5.141671250000000555e+02
-1.386548859296935063e+02  0.000000000000000000e+00   1.922517739526940932e+04  1.608874422444529476e-10 2.131095312500000105e+01 5.141539687499999900e+02
-1.386548915659307966e+02  0.000000000000000000e+00   1.922517895826659515e+04  1.615885259663397946e-10 2.127834375000000122e+01 5.122345000000000255e+02
-1.386548891516469837e+02  0.000000000000000000e+00   1.922517828875525447e+04  1.612335362774822029e-10 2.123832812499999889e+01 5.107195937500000014e+02
-1.386548959423454050e+02  0.000000000000000000e+00   1.922518017183242773e+04  1.586353940387050973e-10 2.124476562499999943e+01 5.111280937500000050e+02
-1.386548954032278971e+02  0.000000000000000000e+00   1.922518002229816557e+04  1.569866351923377889e-10 2.136210937499999929e+01 5.159814062499999636e+02
-1.386548857528552503e+02  0.000000000000000000e+00   1.922517734618200484e+04  1.583686031644728897e-10 2.122065625000000111e+01 5.107903749999999832e+02
-1.386548914863445816e+02  0.000000000000000000e+00   1.922517893611866020e+04  1.575365461693710103e-10 2.123104687500000054e+01 5.108036562500000173e+02
-1.386548942349633649e+02  0.000000000000000000e+00   1.922517969834749965e+04  1.580542729264998756e-10 2.127431250000000063e+01 5.127354374999999891e+02
-1.386548940180041427e+02  0.000000000000000000e+00   1.922517963818922726e+04  1.583998072173175259e-10 2.124123437500000122e+01 5.113218437500000277e+02
-1.386548888109061579e+02  0.000000000000000000e+00   1.922517819417330975e+04  1.564906785167270215e-10 2.122468750000000171e+01 5.108566875000000209e+02
-1.386548832212442619e+02  0.000000000000000000e+00   1.922517664415603213e+04  1.591219332941549513e-10 2.129484375000000185e+01 5.136690624999999955e+02
-1.386548936447837548e+02  0.000000000000000000e+00   1.922517953467681218e+04  1.576326700540123925e-10 2.125223437500000045e+01 5.120334687499999973e+02
-1.386548860425862415e+02  0.000000000000000000e+00   1.922517742645976978e+04  1.548591443857947556e-10 2.123384375000000190e+01 5.102626875000000268e+02
-1.386548949964029305e+02  0.000000000000000000e+00   1.922517990947066573e+04  1.564168648946990882e-10 2.128468750000000043e+01 5.129702499999999645e+02
-1.386548969582702853e+02  0.000000000000000000e+00   1.922518045349492240e+04  1.553365470188294552e-10 2.126753125000000111e+01 5.117781875000000014e+02
-1.386548834618977253e+02  0.000000000000000000e+00   1.922517671086185874e+04  1.575755457689608692e-10 2.128371875000000202e+01 5.132200000000000273e+02
-1.386548913820383291e+02  0.000000000000000000e+00   1.922517890712318331e+04  1.538781646234130594e-10 2.127481249999999946e+01 5.126724375000000009e+02
-1.386548947901418103e+02  0.000000000000000000e+00   1.922517985222418793e+04  1.539071092331137590e-10 2.129159375000000054e+01 5.137331874999999854e+02
-1.386548874010126440e+02  0.000000000000000000e+00   1.922517780316462813e+04  1.548559244428342379e-10 2.128246874999999960e+01 5.131784999999999854e+02
-1.386548932368951910e+02  0.000000000000000000e+00   1.922517942149419468e+04  1.539330371778265066e-10 2.136307812500000125e+01 5.169905312500000036e+02
-1.386548993617272174e+02  0.000000000000000000e+00   1.922518111998320819e+04  1.546151973129218228e-10 2.124309374999999989e+01 5.116235000000000355e+02
-1.386548933417933824e+02  0.000000000000000000e+00   1.922517945056215467e+04  1.528233928043782564e-10 2.124203125000000014e+01 5.110217499999999973e+02
-1.386548919759520686e+02  0.000000000000000000e+00   1.922517907180304974e+04  1.529303107114733930e-10 2.130301562500000045e+01 5.138477187500000127e+02
-1.386548832086981804e+02  0.000000000000000000e+00   1.922517664056049398e+04  1.530680894394703285e-10 2.124907812500000048e+01 5.116108437500000150e+02
-1.386548875807242496e+02  0.000000000000000000e+00   1.922517785295979411e+04  1.527431720191423064e-10 2.131510937499999869e+01 5.146294687500000009e+02
-1.386548892300975524e+02  0.000000000000000000e+00   1.922517831030439993e+04  1.505202846041929821e-10 2.123265625000000156e+01 5.108435625000000186e+02
-1.386548941486759077e+02  0.000000000000000000e+00   1.922517967432019941e+04  1.529077875606552262e-10 2.131287500000000179e+01 5.140271249999999554e+02
-1.386548882230171671e+02  0.000000000000000000e+00   1.922517803108241787e+04  1.531863470653252780e-10 2.125028125000000045e+01 5.119285624999999982e+02
-1.386548939852589797e+02  0.000000000000000000e+00   1.922517962896630343e+04  1.509944844079867430e-10 2.124575000000000102e+01 5.117346875000000068e+02
-1.386548866998038250e+02  0.000000000000000000e+00   1.922517760861922579e+04  1.500006647394097648e-10 2.132587499999999991e+01 5.146620625000000473e+02
-1.386548898648848365e+02  0.000000000000000000e+00   1.922517848635395057e+04  1.513956607927471944e-10 2.125139062499999909e+01 5.112974687500000073e+02
-1.386548937062502773e+02  0.000000000000000000e+00   1.922517955153718140e+04  1.480152494671079747e-10 2.129684375000000074e+01 5.130663749999999936e+02
-1.386548935165195928e+02  0.000000000000000000e+00   1.922517949899205996e+04  1.516070226174807439e-10 2.128235937500000219e+01 5.128601562500000455e+02
-1.386548887945059789e+02  0.000000000000000000e+00   1.922517818950384753e+04  1.501690748302962969e-10 2.129260937500000139e+01 5.135674687499999891e+02
-1.386548883137074881e+02  0.000000000000000000e+00   1.922517805617561680e+04  1.502674754274978084e-10 2.124776562499999955e+01 5.119805937500000255e+02
-1.386548846709948748e+02  0.000000000000000000e+00   1.922517704601286459e+04  1.501143963138870124e-10 2.122993750000000190e+01 5.105902500000000259e+02
-1.386548921752390982e+02  0.000000000000000000e+00   1.922517912698296277e+04  1.485437718587385326e-10 2.122120312499999883e+01 5.101015937500000064e+02
-1.386548924114394481e+02  0.000000000000000000e+00   1.922517919250753039e+04  1.497870118200998113e-10 2.126159374999999940e+01 5.129772500000000264e+02
-1.386548938257020609e+02  0.000000000000000000e+00   1.922517958464009644e+04  1.468586760641212919e-10 2.129057812499999969e+01 5.137572812500000055e+02
-1.386548926519277813e+02  0.000000000000000000e+00   1.922517925912886858e+04  1.462275968238433043e-10 2.123471874999999898e+01 5.108844374999999900e+02
-1.386548930111405014e+02  0.000000000000000000e+00   1.922517935875955300e+04  1.471368457456997322e-10 2.126264062499999952e+01 5.124012187499999982e+02
-1.386548867878028943e+02  0.000000000000000000e+00   1.922517763299803119e+04  1.487420963572637428e-10 2.122609375000000043e+01 5.110673750000000268e+02
-1.386548949821385861e+02  0.000000000000000000e+00   1.922517990533893681e+04  1.472577594665541084e-10 2.131837499999999963e+01 5.143145624999999654e+02
-1.386548927712563284e+02  0.000000000000000000e+00   1.922517929220727092e+04  1.455736180282827809e-10 2.124751562500000190e+01 5.116801562500000387e+02
-1.386548911769366725e+02  0.000000000000000000e+00   1.922517885007973018e+04  1.452042445973889021e-10 2.128467187500000080e+01 5.126666562499999600e+02
-1.386548874411192571e+02  0.000000000000000000e+00   1.922517781409818053e+04  1.450560853967092525e-10 2.126682812499999997e+01 5.120269062500000246e+02
-1.386548867285158622e+02  0.000000000000000000e+00   1.922517761650840112e+04  1.462060371068953469e-10 2.121456249999999955e+01 5.099468125000000214e+02
-1.386548901977687365e+02  0.000000000000000000e+00   1.922517857854767135e+04  1.452453095386455027e-10 2.126148437500000199e+01 5.121714062500000182e+02
-1.386548796749386270e+02  0.000000000000000000e+00   1.922517566042947874e+04  1.434457548696258067e-10 2.133228125000000119e+01 5.151533749999999827e+02
-1.386548817902225892e+02  0.000000000000000000e+00   1.922517624701813475e+04  1.434334505472548646e-10 2.125921874999999872e+01 5.116645624999999882e+02
-1.386548853378557169e+02  0.000000000000000000e+00   1.922517723083272722e+04  1.445402490272584519e-10 2.126156250000000014e+01 5.120520625000000337e+02
-1.386548933820231753e+02  0.000000000000000000e+00   1.922517946155912796e+04  1.445455306932674376e-10 2.130785937499999960e+01 5.142164062499999773e+02
-1.386548850069189882e+02  0.000000000000000000e+00   1.922517713902804098e+04  1.428394511609185994e-10 2.124126562500000048e+01 5.109587187500000027e+02
-1.386548873601370815e+02  0.000000000000000000e+00   1.922517779158960911e+04  1.423813206821528612e-10 2.122495312499999898e+01 5.102481562500000223e+02
-1.386548903799769050e+02  0.000000000000000000e+00   1.922517862901979970e+04  1.423336285430181598e-10 2.133525000000000205e+01 5.151533749999999827e+02
-1.386548926959041808e+02  0.000000000000000000e+00   1.922517927127907387e+04  1.438930674184475108e-10 2.119387500000000202e+01 5.094548125000000027e+02
-1.386548939716835775e+02  0.000000000000000000e+00   1.922517962506243930e+04  1.437501961963998755e-10 2.119332812500000074e+01 5.093037187500000300e+02
-1.386548955601585362e+02  0.000000000000000000e+00   1.922518006556615364e+04  1.439613734656655367e-10 2.123979687499999969e+01 5.113447187500000268e+02
-1.386548909166461385e+02  0.000000000000000000e+00   1.922517877785784003e+04  1.430831671060062566e-10 2.120192187500000003e+01 5.095464062500000182e+02
-1.386548921609212357e+02  0.000000000000000000e+00   1.922517912291818720e+04  1.436393112270269609e-10 2.121567187500000173e+01 5.103102187499999900e+02
-1.386548848110063830e+02  0.000000000000000000e+00   1.922517708467279954e+04  1.414474762401863184e-10 2.119885937500000139e+01 5.090683437499999968e+02
-1.386548866224967469e+02  0.000000000000000000e+00   1.922517758702474021e+04  1.418615076081529438e-10 2.126695312500000057e+01 5.126413437500000327e+02
-1.386548865155846499e+02  0.000000000000000000e+00   1.922517755736934123e+04  1.414646926850705595e-10 2.126740625000000051e+01 5.124413749999999936e+02
-1.386548870302438843e+02  0.000000000000000000e+00   1.922517770007313811e+04  1.406199692791108007e-10 2.122459375000000037e+01 5.097979374999999891e+02
-1.386548916409799119e+02  0.000000000000000000e+00   1.922517897869066655e+04  1.414179424398121408e-10 2.127626562500000063e+01 5.131260312499999827e+02
-1.386548902992812771e+02  0.000000000000000000e+00   1.922517860661867962e+04  1.411146096317750216e-10 2.124492187499999929e+01 5.110809062499999982e+02
-1.386548904462989356e+02  0.000000000000000000e+00   1.922517864736699266e+04  1.400159404803709305e-10 2.121571875000000063e+01 5.105011875000000146e+02
-1.386548869391791357e+02  0.000000000000000000e+00   1.922517767479096437e+04  1.391101039428445664e-10 2.127662499999999923e+01 5.124386875000000146e+02
-1.386548865476768526e+02  0.000000000000000000e+00   1.922517756622712841e+04  1.392959285095919332e-10 2.123204687500000176e+01 5.106631562499999859e+02
-1.386548874625526366e+02  0.000000000000000000e+00   1.922517781991857191e+04  1.386428942270200057e-10 2.133012499999999889e+01 5.146704375000000482e+02
-1.386548848198503379e+02  0.000000000000000000e+00   1.922517708708032660e+04  1.391072697465515106e-10 2.128462500000000190e+01 5.130470625000000382e+02
-1.386548897729413738e+02  0.000000000000000000e+00   1.922517846058296345e+04  1.371347272165795018e-10 2.128306249999999977e+01 5.131447500000000446e+02
-1.386548835699590256e+02  0.000000000000000000e+00   1.922517674046759930e+04  1.388130197166757463e-10 2.129807812499999997e+01 5.134264062500000136e+02
-1.386548975610469938e+02  0.000000000000000000e+00   1.922518062037277923e+04  1.408748405803922877e-10 2.125143750000000153e+01 5.115679999999999836e+02
-1.386548899814852405e+02  0.000000000000000000e+00   1.922517851845260884e+04  1.391316700480366107e-10 2.125376562499999977e+01 5.124272812499999645e+02
-1.386549000822564324e+02  0.000000000000000000e+00   1.922518131948338487e+04  1.385094619224359797e-10 2.129471875000000125e+01 5.140751874999999700e+02
-1.386548972526519492e+02  0.000000000000000000e+00   1.922518053477198191e+04  1.367223804897526232e-10 2.123340625000000159e+01 5.110135625000000346e+02
-1.386548859577825965e+02  0.000000000000000000e+00   1.922517740262224834e+04  1.381807977683940716e-10 2.128096874999999955e+01 5.131162500000000364e+02
-1.386548921190635326e+02  0.000000000000000000e+00   1.922517911117620679e+04  1.366468878819267155e-10 2.132326562500000122e+01 5.150362812500000018e+02
-1.386548835980090359e+02  0.000000000000000000e+00   1.922517674818454543e+04  1.356091677532964280e-10 2.127754687499999875e+01 5.121020937499999945e+02
-1.386548864849468998e+02  0.000000000000000000e+00   1.922517754877460902e+04  1.363367511482602434e-10 2.126065625000000026e+01 5.115640625000000341e+02
-1.386548962923759518e+02  0.000000000000000000e+00   1.922518026844982887e+04  1.352549045623216830e-10 2.130353124999999892e+01 5.134432500000000346e+02
-1.386548906274678927e+02  0.000000000000000000e+00   1.922517869751592298e+04  1.352829216407886930e-10 2.126120312500000153e+01 5.120534062499999663e+02
-1.386548826969813319e+02  0.000000000000000000e+00   1.922517649834982512e+04  1.371207381985064804e-10 2.122568749999999937e+01 5.105748125000000073e+02
-1.386548888892998832e+02  0.000000000000000000e+00   1.922517821550467488e+04  1.352694897087364373e-10 2.119060937500000108e+01 5.089682812500000182e+02
-1.386548933121464131e+02  0.000000000000000000e+00   1.922517944200749480e+04  1.354884200747822015e-10 2.123828125000000000e+01 5.108820625000000177e+02
-1.386548861063277229e+02  0.000000000000000000e+00   1.922517744377820782e+04  1.362533014977075504e-10 2.126885937500000168e+01 5.117442187500000159e+02
-1.386548880393578713e+02  0.000000000000000000e+00   1.922517797983695709e+04  1.368045244429147212e-10 2.125253125000000054e+01 5.119016875000000368e+02
-1.386548942635871811e+02  0.000000000000000000e+00   1.922517970582083581e+04  1.339022932047338674e-10 2.128553125000000179e+01 5.125531875000000355e+02
-1.386548942610256177e+02  0.000000000000000000e+00   1.922517970510826126e+04  1.337862952817944798e-10 2.131701562499999980e+01 5.139420937500000264e+02
-1.386548853683001425e+02  0.000000000000000000e+00   1.922517723908568951e+04  1.346794776790519736e-10 2.129306250000000134e+01 5.133866874999999936e+02
