-8.768038476193049746e+01  0.000000000000000000e+00   7.766211147954900298e+03  1.019287281351909276e-02 5.173881250000000165e+01 2.718293812500000058e+03
-9.388330863734333320e+01  0.000000000000000000e+00   8.886170625730863321e+03  8.179528741883542592e-03 4.953089062499999784e+01 2.500099156249999851e+03
-9.917938715302602759e+01  0.000000000000000000e+00   9.895993637424206099e+03  6.043053339035346291e-03 4.695256249999999909e+01 2.256338250000000244e+03
-1.034688382495608039e+02  0.000000000000000000e+00   1.075191310335175876e+04  4.307255182514724973e-03 4.413003125000000182e+01 2.004215875000000096e+03
-1.067540236838327559e+02  0.000000000000000000e+00   1.143040885477856500e+04  2.982276662324521901e-03 4.137309375000000244e+01 1.772040937499999927e+03
-1.091544301178389702e+02  0.000000000000000000e+00   1.193882542642304907e+04  2.025718911199229921e-03 3.888753125000000210e+01 1.573921812499999987e+03
-1.109270261145150442e+02  0.000000000000000000e+00   1.232129350805445574e+04  1.339995658594754328e-03 3.650673437500000063e+01 1.395223531249999951e+03
-1.121087238334508953e+02  0.000000000000000000e+00   1.257992086081409434e+04  9.193638446165776053e-04 3.464556250000000404e+01 1.263179875000000038e+03
-1.129224531659098005e+02  0.000000000000000000e+00   1.275942884276172117e+04  6.233326239162465627e-04 3.310559375000000415e+01 1.158871187500000133e+03
-1.135032718246032886e+02  0.000000000000000000e+00   1.288843860667825174e+04  4.227194650335594603e-04 3.172010937499999983e+01 1.068561281250000093e+03
-1.139139305282187991e+02  0.000000000000000000e+00   1.298016050501020072e+04  2.910623443301312203e-04 3.053279687499999895e+01 9.950982812500000136e+02
-1.141804930048689783e+02  0.000000000000000000e+00   1.303981296187721455e+04  2.015756503985658766e-04 2.960545312500000037e+01 9.388657187500000418e+02
-1.143634493636202336e+02  0.000000000000000000e+00   1.308083295189296223e+04  1.402555050809958445e-04 2.891378124999999955e+01 8.980162500000000136e+02
-1.144955706342287698e+02  0.000000000000000000e+00   1.311051294733929353e+04  9.743149878109411404e-05 2.824992187500000185e+01 8.595252812500000346e+02
-1.145904875124093962e+02  0.000000000000000000e+00   1.313186857503154897e+04  6.768319740902598405e-05 2.771562499999999929e+01 8.292098750000000109e+02
-1.146514202250861132e+02  0.000000000000000000e+00   1.314556897203765402e+04  4.722821275752450481e-05 2.724487500000000040e+01 8.033758125000000518e+02
-1.147020962701814852e+02  0.000000000000000000e+00   1.315700860783533426e+04  3.326999603868998560e-05 2.679193749999999952e+01 7.790141250000000355e+02
-1.147240238048606642e+02  0.000000000000000000e+00   1.316190741532289576e+04  2.323253302071857685e-05 2.662026562500000182e+01 7.688903437500000564e+02
-1.147482607915993356e+02  0.000000000000000000e+00   1.316737975645714869e+04  1.643495675005815157e-05 2.630362500000000026e+01 7.519917500000000246e+02
-1.147637436458105071e+02  0.000000000000000000e+00   1.317086861817076715e+04  1.152272660021735686e-05 2.607871875000000017e+01 7.400344999999999800e+02
-1.147730138184613651e+02  0.000000000000000000e+00   1.317295195530144701e+04  8.142077976130282228e-06 2.594606250000000003e+01 7.328664374999999609e+02
-1.147819522532572449e+02  0.000000000000000000e+00   1.317497299643823135e+04  5.801439794234756228e-06 2.574276562500000054e+01 7.229039687499999900e+02
-1.147869484297696374e+02  0.000000000000000000e+00   1.317609857472516887e+04  4.177650631577515530e-06 2.559323437500000153e+01 7.157364062499999591e+02
-1.147899708787572308e+02  0.000000000000000000e+00   1.317677639161543084e+04  2.958036445012198815e-06 2.550496874999999974e+01 7.098416250000000218e+02
-1.147936774941964728e+02  0.000000000000000000e+00   1.317761661645010827e+04  2.141803771475027719e-06 2.535201562499999994e+01 7.022936562500000264e+02
-1.147946986039914918e+02  0.000000000000000000e+00   1.317784330617294108e+04  1.554019352341716351e-06 2.536939062500000119e+01 7.036182812499999955e+02
-1.147969045118711335e+02  0.000000000000000000e+00   1.317834415205876394e+04  1.128105906456163751e-06 2.516479687500000040e+01 6.932567812500000173e+02
-1.147966711938523474e+02  0.000000000000000000e+00   1.317828677935822088e+04  8.394245960757925390e-07 2.524618750000000134e+01 6.972329375000000482e+02
-1.147969554864085779e+02  0.000000000000000000e+00   1.317834926455643836e+04  6.279703927349463712e-07 2.520054687500000057e+01 6.949255312500000628e+02
-1.147975232765576976e+02  0.000000000000000000e+00   1.317847758669764153e+04  4.732161773272982430e-07 2.514862499999999912e+01 6.920722500000000537e+02
-1.147976826632839078e+02  0.000000000000000000e+00   1.317851276928051993e+04  3.660824506610502935e-07 2.513584374999999937e+01 6.918010000000000446e+02
-1.147983895994859296e+02  0.000000000000000000e+00   1.317867394919011349e+04  2.803435159306132084e-07 2.507934374999999960e+01 6.879962500000000318e+02
-1.147986144996763471e+02  0.000000000000000000e+00   1.317872479355572068e+04  2.202421785294110553e-07 2.502998437500000151e+01 6.864979062500000282e+02
-1.147984351777139267e+02  0.000000000000000000e+00   1.317868302598411901e+04  1.750351481963657286e-07 2.507801562499999903e+01 6.882890312499999936e+02
-1.147988838787084234e+02  0.000000000000000000e+00   1.317878561633366917e+04  1.423907186424753677e-07 2.497265625000000000e+01 6.832909375000000409e+02
-1.147988722600934466e+02  0.000000000000000000e+00   1.317878263079092540e+04  1.182659962234918207e-07 2.501487499999999997e+01 6.850019375000000537e+02
-1.147988479841637144e+02  0.000000000000000000e+00   1.317877681121200658e+04  9.960871379062155215e-08 2.501654687499999952e+01 6.851348437499999591e+02
-1.147989615417367588e+02  0.000000000000000000e+00   1.317880267673754861e+04  8.389809850592219088e-08 2.492506249999999923e+01 6.808041875000000118e+02
-1.147989687347949541e+02  0.000000000000000000e+00   1.317880417371777912e+04  7.217236147388125642e-08 2.496714062499999898e+01 6.830431562500000382e+02
-1.147989544307821461e+02  0.000000000000000000e+00   1.317880075606553874e+04  6.204394530008415438e-08 2.495493749999999977e+01 6.820825624999999945e+02
-1.147989450442049417e+02  0.000000000000000000e+00   1.317879849593293147e+04  5.407705297775669192e-08 2.494309374999999918e+01 6.817648125000000618e+02
-1.147989834795186823e+02  0.000000000000000000e+00   1.317880724184846076e+04  4.810129451304930816e-08 2.489932812500000026e+01 6.792975312500000200e+02
-1.147989914645351348e+02  0.000000000000000000e+00   1.317880899779987158e+04  4.222881483662450127e-08 2.503209375000000136e+01 6.860096875000000409e+02
-1.147989907916064709e+02  0.000000000000000000e+00   1.317880878704924180e+04  3.796078397249095288e-08 2.492814062500000105e+01 6.803632187499999873e+02
-1.147990616637508055e+02  0.000000000000000000e+00   1.317882500679616351e+04  3.398774317880417563e-08 2.498706250000000040e+01 6.836476250000000618e+02
-1.147990343955174097e+02  0.000000000000000000e+00   1.317881870981457905e+04  3.123735228536018217e-08 2.499065625000000068e+01 6.840708750000000009e+02
-1.147990246096889138e+02  0.000000000000000000e+00   1.317881642039242797e+04  2.800376489510735571e-08 2.489370312500000182e+01 6.796161562500000173e+02
-1.147990901529054213e+02  0.000000000000000000e+00   1.317883143924240903e+04  2.574640342318550259e-08 2.491698437500000196e+01 6.804747812499999782e+02
-1.147990105771993115e+02  0.000000000000000000e+00   1.317881313955069527e+04  2.352615372775359308e-08 2.488439062500000176e+01 6.787416562500000055e+02
-1.147990041618052288e+02  0.000000000000000000e+00   1.317881164418648223e+04  2.182627103810398564e-08 2.497140625000000114e+01 6.832202499999999645e+02
-1.147990026562270316e+02  0.000000000000000000e+00   1.317881127549469056e+04  2.007998057937044863e-08 2.484476562500000085e+01 6.771744062500000609e+02
-1.147990336426974949e+02  0.000000000000000000e+00   1.317881837257100415e+04  1.876297328552431985e-08 2.491593750000000185e+01 6.805165624999999636e+02
-1.147989291309838364e+02  0.000000000000000000e+00   1.317879435809463939e+04  1.733648671966705798e-08 2.489173437500000219e+01 6.793650312500000155e+02
-1.147990070738712660e+02  0.000000000000000000e+00   1.317881223559610044e+04  1.596876528906049195e-08 2.500006250000000207e+01 6.841501250000000027e+02
-1.147990468371024093e+02  0.000000000000000000e+00   1.317882135423921136e+04  1.514035100155528944e-08 2.490943749999999923e+01 6.802961249999999609e+02
-1.147990451630559221e+02  0.000000000000000000e+00   1.317882095469430897e+04  1.398797044339274821e-08 2.499040624999999949e+01 6.835679999999999836e+02
-1.147990622101599598e+02  0.000000000000000000e+00   1.317882485883209665e+04  1.324093195038487214e-08 2.494154687500000023e+01 6.818657812500000546e+02
-1.147989986440210117e+02  0.000000000000000000e+00   1.317881025443981343e+04  1.250263676016242373e-08 2.489342187500000136e+01 6.792575937500000691e+02
-1.147990023673963691e+02  0.000000000000000000e+00   1.317881109899806870e+04  1.171946330548400170e-08 2.499579687499999991e+01 6.838879062500000146e+02
-1.147990099426819626e+02  0.000000000000000000e+00   1.317881283108000571e+04  1.117399706683273790e-08 2.499256250000000179e+01 6.837946249999999964e+02
-1.147990384664758352e+02  0.000000000000000000e+00   1.317881937078741066e+04  1.046831359796666486e-08 2.495162499999999994e+01 6.823738749999999982e+02
-1.147989986675771945e+02  0.000000000000000000e+00   1.317881022540657796e+04  9.889222694523038569e-09 2.497087499999999949e+01 6.827426874999999882e+02
-1.147990554295914194e+02  0.000000000000000000e+00   1.317882325330534695e+04  9.544019467928947583e-09 2.491945312500000043e+01 6.800905937500000391e+02
-1.147990004087946687e+02  0.000000000000000000e+00   1.317881061479172968e+04  9.100464039294651956e-09 2.492032812500000105e+01 6.802300937500000373e+02
-1.147990287314894573e+02  0.000000000000000000e+00   1.317881711050244485e+04  8.559880799207829251e-09 2.494298437500000176e+01 6.816099062499999945e+02
-1.147991194099141268e+02  0.000000000000000000e+00   1.317883792718311997e+04  8.338474121945699409e-09 2.487459374999999895e+01 6.783245000000000573e+02
-1.147989829166811546e+02  0.000000000000000000e+00   1.317880658261045937e+04  7.884326109148924671e-09 2.489570312500000071e+01 6.795986562499999764e+02
-1.147990380022326917e+02  0.000000000000000000e+00   1.317881922647754254e+04  7.606104580655627654e-09 2.494668749999999946e+01 6.824078124999999773e+02
-1.147989860905530008e+02  0.000000000000000000e+00   1.317880730312205742e+04  7.261892043573581984e-09 2.484873437499999937e+01 6.769247812500000236e+02
-1.147990227918384107e+02  0.000000000000000000e+00   1.317881572505814620e+04  6.912389900611290113e-09 2.490403124999999918e+01 6.794953749999999673e+02
-1.147990237377125311e+02  0.000000000000000000e+00   1.317881593905213049e+04  6.671331193263240426e-09 2.485628125000000210e+01 6.772746875000000273e+02
-1.147990173341526230e+02  0.000000000000000000e+00   1.317881446594597401e+04  6.454214917158553309e-09 2.490639062500000023e+01 6.797072812500000509e+02
-1.147990453546808141e+02  0.000000000000000000e+00   1.317882089616153462e+04  6.208102563090999751e-09 2.493882812500000057e+01 6.812574062500000309e+02
-1.147990211825804607e+02  0.000000000000000000e+00   1.317881534249959259e+04  5.920185856439877270e-09 2.490829687500000134e+01 6.802257187500000555e+02
-1.147989986337766624e+02  0.000000000000000000e+00   1.317881016393176469e+04  5.813416285609055841e-09 2.494470312500000020e+01 6.816480937500000437e+02
-1.147990202890571112e+02  0.000000000000000000e+00   1.317881513248613373e+04  5.551241716186214471e-09 2.492357812499999881e+01 6.808402812499999754e+02
-1.147990057546811897e+02  0.000000000000000000e+00   1.317881179322589924e+04  5.384595832894361657e-09 2.498517187499999892e+01 6.840465937500000564e+02
-1.147989548919549065e+02  0.000000000000000000e+00   1.317880011350782115e+04  5.252581708351412122e-09 2.493404687499999994e+01 6.807327812500000164e+02
-1.147990514472373746e+02  0.000000000000000000e+00   1.317882227974143825e+04  5.050222581652841565e-09 2.499720312500000219e+01 6.843545312500000364e+02
-1.147990063620375878e+02  0.000000000000000000e+00   1.317881192729258692e+04  4.976278653034779761e-09 2.493131250000000065e+01 6.805381875000000491e+02
-1.147990063726997505e+02  0.000000000000000000e+00   1.317881192744480541e+04  4.802075391253959450e-09 2.488657812499999977e+01 6.788735312500000418e+02
-1.147990140081524686e+02  0.000000000000000000e+00   1.317881367832641627e+04  4.634895957985525266e-09 2.493207812500000031e+01 6.812901562499999955e+02
-1.147990109568184067e+02  0.000000000000000000e+00   1.317881297618354256e+04  4.516327163367856372e-09 2.495717187500000023e+01 6.826067812500000400e+02
-1.147990015322888411e+02  0.000000000000000000e+00   1.317881081101472591e+04  4.416503993336940879e-09 2.491943750000000080e+01 6.807286249999999654e+02
-1.147990221834859312e+02  0.000000000000000000e+00   1.317881555099991056e+04  4.303529006995198039e-09 2.491670312500000151e+01 6.804247187500000109e+02
-1.147990685490816531e+02  0.000000000000000000e+00   1.317882619524347683e+04  4.211811314004700638e-09 2.487623437499999923e+01 6.781377187499999764e+02
-1.147989637799003049e+02  0.000000000000000000e+00   1.317880213868006649e+04  4.077852057134524774e-09 2.488351562500000114e+01 6.788845937500000218e+02
-1.147990177140954557e+02  0.000000000000000000e+00   1.317881452065664598e+04  3.986355869705191053e-09 2.490817187500000074e+01 6.799335312499999873e+02
-1.147989889288566445e+02  0.000000000000000000e+00   1.317880791008962842e+04  3.869991780501895415e-09 2.496857812500000051e+01 6.829802187500000628e+02
-1.147990503753738949e+02  0.000000000000000000e+00   1.317882201723433354e+04  3.805097326416919855e-09 2.498901562500000040e+01 6.838856562500000109e+02
-1.147990317018935258e+02  0.000000000000000000e+00   1.317881772868810185e+04  3.717765023460410230e-09 2.490748437499999923e+01 6.794472812500000600e+02
-1.147990205817304883e+02  0.000000000000000000e+00   1.317881517432470901e+04  3.627043012914282499e-09 2.490428125000000037e+01 6.800329375000000027e+02
-1.147990251896521272e+02  0.000000000000000000e+00   1.317881623151738677e+04  3.568074842382150417e-09 2.493201562500000179e+01 6.816667187499999727e+02
-1.147990554707790807e+02  0.000000000000000000e+00   1.317882318247061085e+04  3.451567602729178582e-09 2.494839062500000182e+01 6.822547812500000646e+02
-1.147990247555438401e+02  0.000000000000000000e+00   1.317881613022105921e+04  3.444701802784315647e-09 2.493568750000000023e+01 6.811501875000000155e+02
-1.147989995309363849e+02  0.000000000000000000e+00   1.317881033724770714e+04  3.334426583522639730e-09 2.498126562499999892e+01 6.836244687500000055e+02
-1.147990341541267014e+02  0.000000000000000000e+00   1.317881828621094064e+04  3.300037344791376542e-09 2.492660937500000173e+01 6.801000937500000418e+02
-1.147989916150007019e+02  0.000000000000000000e+00   1.317880851845393227e+04  3.234961010297983043e-09 2.494210937500000114e+01 6.818155312500000491e+02
-1.147989967955975743e+02  0.000000000000000000e+00   1.317880970698241435e+04  3.164685900012799062e-09 2.493814062499999906e+01 6.815615937500000427e+02
-1.147990404482793139e+02  0.000000000000000000e+00   1.317881972892962585e+04  3.117423075516467920e-09 2.488885937499999912e+01 6.790499062500000491e+02
-1.147990316869997542e+02  0.000000000000000000e+00   1.317881771703746927e+04  3.093198180607740131e-09 2.484079687499999878e+01 6.763214062499999955e+02
-1.147990133130440995e+02  0.000000000000000000e+00   1.317881349744261206e+04  3.019553694393763051e-09 2.490120312500000210e+01 6.794530312499999809e+02
-1.147990119422003659e+02  0.000000000000000000e+00   1.317881318246302362e+04  3.001602671725967933e-09 2.487800000000000011e+01 6.784746250000000600e+02
-1.147990143793002744e+02  0.000000000000000000e+00   1.317881374149482144e+04  2.962029200305872893e-09 2.494595312499999906e+01 6.816791562500000055e+02
-1.147990621557071620e+02  0.000000000000000000e+00   1.317882471004698891e+04  2.899884763743298563e-09 2.490126562500000063e+01 6.794343437500000391e+02
-1.147990214011277459e+02  0.000000000000000000e+00   1.317881535281400102e+04  2.895360058045556340e-09 2.487487499999999940e+01 6.780456874999999854e+02
-1.147990380846904088e+02  0.000000000000000000e+00   1.317881918270329516e+04  2.847986307492333015e-09 2.485321874999999991e+01 6.770531875000000355e+02
-1.147990114690710612e+02  0.000000000000000000e+00   1.317881307148564701e+04  2.823451419281587355e-09 2.493350000000000222e+01 6.813646250000000464e+02
-1.147990360604616455e+02  0.000000000000000000e+00   1.317881871708079234e+04  2.782466278333866114e-09 2.490517187500000063e+01 6.793420937500000036e+02
-1.147990235841533746e+02  0.000000000000000000e+00   1.317881585206822638e+04  2.746318328475661526e-09 2.495006250000000136e+01 6.824278124999999591e+02
-1.147990019444766574e+02  0.000000000000000000e+00   1.317881088319154151e+04  2.712201125491698230e-09 2.497701562499999994e+01 6.833615937499999973e+02
-1.147990140607711851e+02  0.000000000000000000e+00   1.317881366495601833e+04  2.703648324791783078e-09 2.495492187500000014e+01 6.820027812499999982e+02
-1.147990103949126990e+02  0.000000000000000000e+00   1.317881282286762143e+04  2.672194260889126934e-09 2.496574999999999989e+01 6.825882500000000164e+02
-1.147989940414490775e+02  0.000000000000000000e+00   1.317880906771682203e+04  2.639704493930836136e-09 2.494507812500000199e+01 6.812940312499999891e+02
-1.147990298616893909e+02  0.000000000000000000e+00   1.317881729164760873e+04  2.614996186390419917e-09 2.497053125000000051e+01 6.830216874999999845e+02
-1.147990190252380529e+02  0.000000000000000000e+00   1.317881480363243281e+04  2.615976096588546159e-09 2.488868749999999963e+01 6.792231874999999945e+02
-1.147990331798266936e+02  0.000000000000000000e+00   1.317881805280719527e+04  2.563526164288076578e-09 2.497310937499999994e+01 6.830495312499999727e+02
-1.147990002343322828e+02  0.000000000000000000e+00   1.317881048859204202e+04  2.563950540572217852e-09 2.488537499999999980e+01 6.791664375000000291e+02
-1.147989917207770674e+02  0.000000000000000000e+00   1.317880853352355189e+04  2.535624569710276544e-09 2.494070312499999886e+01 6.816160312499999918e+02
-1.147990280715006435e+02  0.000000000000000000e+00   1.317881687918659190e+04  2.505945654476947432e-09 2.492743749999999991e+01 6.812198750000000018e+02
-1.147990281645756596e+02  0.000000000000000000e+00   1.317881690018456720e+04  2.477728632039133574e-09 2.494171874999999972e+01 6.812989374999999654e+02
-1.147990288122184097e+02  0.000000000000000000e+00   1.317881704884983992e+04  2.475281857525985269e-09 2.495824999999999960e+01 6.821488749999999754e+02
-1.147990346535269595e+02  0.000000000000000000e+00   1.317881839007801318e+04  2.480975773784360633e-09 2.488296874999999986e+01 6.790961875000000418e+02
-1.147989795335249426e+02  0.000000000000000000e+00   1.317880573401009678e+04  2.433560341165155739e-09 2.497098437500000045e+01 6.829495312500000637e+02
-1.147990245987418092e+02  0.000000000000000000e+00   1.317881608116279313e+04  2.453958338457325653e-09 2.490140625000000085e+01 6.800891249999999673e+02
-1.147989903109620826e+02  0.000000000000000000e+00   1.317880820815568586e+04  2.408360461956150344e-09 2.494693750000000065e+01 6.819252500000000055e+02
-1.147989944653951824e+02  0.000000000000000000e+00   1.317880916204885943e+04  2.411676585647879368e-09 2.497020312500000117e+01 6.830726562500000227e+02
-1.147990304698403463e+02  0.000000000000000000e+00   1.317881742839718936e+04  2.396410615622463285e-09 2.486587499999999906e+01 6.773328125000000455e+02
-1.147990369094172252e+02  0.000000000000000000e+00   1.317881890644776286e+04  2.361214992215491659e-09 2.490203125000000028e+01 6.793003750000000309e+02
-1.147990454209666495e+02  0.000000000000000000e+00   1.317882086070811783e+04  2.363106256671390068e-09 2.496000000000000085e+01 6.823481874999999945e+02
-1.147990026681450217e+02  0.000000000000000000e+00   1.317881104458290429e+04  2.350905333778219600e-09 2.489701562500000165e+01 6.798610937500000091e+02
-1.147990427498005488e+02  0.000000000000000000e+00   1.317882024687727608e+04  2.322418914994834831e-09 2.495021875000000122e+01 6.819178124999999682e+02
-1.147989804130126998e+02  0.000000000000000000e+00   1.317880593433419017e+04  2.311811682588134958e-09 2.493520312500000102e+01 6.810992187499999773e+02
-1.147990135476822360e+02  0.000000000000000000e+00   1.317881354182817449e+04  2.299694484317163200e-09 2.494121875000000088e+01 6.813391249999999673e+02
-1.147989938003658494e+02  0.000000000000000000e+00   1.317880900762556848e+04  2.280109835118152087e-09 2.496589062500000011e+01 6.824332187500000373e+02
-1.147990177698263210e+02  0.000000000000000000e+00   1.317881451100295999e+04  2.282911041152543844e-09 2.494450000000000145e+01 6.816872500000000628e+02
-1.147990281579380110e+02  0.000000000000000000e+00   1.317881689605645261e+04  2.280129449921495488e-09 2.489720312500000077e+01 6.795110937499999864e+02
-1.147990080443278060e+02  0.000000000000000000e+00   1.317881227771848717e+04  2.257930919169832275e-09 2.498323437500000210e+01 6.840364687500000400e+02
-1.147989766506978668e+02  0.000000000000000000e+00   1.317880506949350456e+04  2.234347466844315417e-09 2.501779687500000193e+01 6.854897187500000655e+02
-1.147990162010122219e+02  0.000000000000000000e+00   1.317881415016934989e+04  2.234577669182895805e-09 2.492226562500000142e+01 6.802340312500000437e+02
-1.147990109188928756e+02  0.000000000000000000e+00   1.317881293724157513e+04  2.222164431274936158e-09 2.491332812499999960e+01 6.802307812500000637e+02
-1.147990132675196264e+02  0.000000000000000000e+00   1.317881347655293757e+04  2.227574595751865702e-09 2.488137500000000202e+01 6.784218124999999873e+02
-1.147990048048630456e+02  0.000000000000000000e+00   1.317881153349959459e+04  2.224223844774300526e-09 2.493050000000000210e+01 6.813892500000000609e+02
-1.147990277277792330e+02  0.000000000000000000e+00   1.317881679623260425e+04  2.199679991505928787e-09 2.496106250000000060e+01 6.822288125000000036e+02
-1.147990137408399960e+02  0.000000000000000000e+00   1.317881358472514148e+04  2.189542406274295030e-09 2.498142187499999878e+01 6.830054687499999773e+02
-1.147990221016319623e+02  0.000000000000000000e+00   1.317881550406646420e+04  2.168289053804129473e-09 2.499776562499999955e+01 6.841748437500000364e+02
-1.147990313946086900e+02  0.000000000000000000e+00   1.317881763777597189e+04  2.172852042918551682e-09 2.497103124999999935e+01 6.824704375000000027e+02
-1.147990050035270713e+02  0.000000000000000000e+00   1.317881157837415230e+04  2.168201502495625085e-09 2.490656249999999972e+01 6.797966250000000628e+02
-1.147990053099580479e+02  0.000000000000000000e+00   1.317881164883723432e+04  2.176331091597508447e-09 2.488737500000000225e+01 6.788808750000000600e+02
-1.147990350128658577e+02  0.000000000000000000e+00   1.317881846811666765e+04  2.142184970104291089e-09 2.494182812500000068e+01 6.819763437500000691e+02
-1.147990287340879121e+02  0.000000000000000000e+00   1.317881702663066244e+04  2.150475323382817194e-09 2.488992187499999886e+01 6.788664062500000682e+02
-1.147990105306320174e+02  0.000000000000000000e+00   1.317881284706714541e+04  2.143970393093457248e-09 2.501064062500000063e+01 6.854264687500000264e+02
-1.147990362019666009e+02  0.000000000000000000e+00   1.317881874112727382e+04  2.141833517370061341e-09 2.492365625000000051e+01 6.810868749999999636e+02
-1.147990145286294421e+02  0.000000000000000000e+00   1.317881376481415100e+04  2.129909211395451766e-09 2.492626562499999920e+01 6.805075937500000691e+02
-1.147990222147339097e+02  0.000000000000000000e+00   1.317881552950437799e+04  2.128067413450781947e-09 2.492234374999999957e+01 6.806870625000000246e+02
-1.147990217807315929e+02  0.000000000000000000e+00   1.317881542959183935e+04  2.107849021842673124e-09 2.488492187499999986e+01 6.792326562499999909e+02
-1.147990108326583538e+02  0.000000000000000000e+00   1.317881291602696547e+04  2.114769797551830419e-09 2.501209375000000179e+01 6.853809999999999718e+02
-1.147990091106642438e+02  0.000000000000000000e+00   1.317881252052226228e+04  2.104278398079460329e-09 2.499570312500000213e+01 6.840468437499999936e+02
-1.147990305759443004e+02  0.000000000000000000e+00   1.317881744898216493e+04  2.109868399953603213e-09 2.491437499999999972e+01 6.803856250000000045e+02
-1.147990250197495499e+02  0.000000000000000000e+00   1.317881617326185551e+04  2.107683412441990193e-09 2.493531250000000199e+01 6.811668124999999918e+02
-1.147990306725526750e+02  0.000000000000000000e+00   1.317881747092756814e+04  2.091984248981952173e-09 2.496476562500000185e+01 6.826660937499999591e+02
-1.147990141463199620e+02  0.000000000000000000e+00   1.317881367667596533e+04  2.102540908412348596e-09 2.488456250000000125e+01 6.785921875000000227e+02
-1.147990082207873854e+02  0.000000000000000000e+00   1.317881231575396487e+04  2.069803818700583304e-09 2.496317187500000045e+01 6.830626562500000318e+02
-1.147990187807099574e+02  0.000000000000000000e+00   1.317881474061696281e+04  2.094510516984523704e-09 2.488229687500000153e+01 6.784061562499999809e+02
-1.147990148877513548e+02  0.000000000000000000e+00   1.317881384661811717e+04  2.080609044200789776e-09 2.497587500000000205e+01 6.833355625000000373e+02
-1.147990046405637798e+02  0.000000000000000000e+00   1.317881149354360605e+04  2.054769707325565102e-09 2.495445312500000057e+01 6.825964062499999727e+02
-1.147990165079973508e+02  0.000000000000000000e+00   1.317881421843009412e+04  2.065940511049420468e-09 2.491714062500000182e+01 6.805481562500000337e+02
-1.147990396728680338e+02  0.000000000000000000e+00   1.317881953695586162e+04  2.059602733271692638e-09 2.490248437500000023e+01 6.792830937500000346e+02
-1.147990110454670116e+02  0.000000000000000000e+00   1.317881296390046555e+04  2.039880854319900760e-09 2.492845312500000077e+01 6.809794687500000236e+02
-1.147990060901695557e+02  0.000000000000000000e+00   1.317881182642099884e+04  2.058623555382376942e-09 2.489417187500000139e+01 6.787590312500000209e+02
-1.147990345452993637e+02  0.000000000000000000e+00   1.317881835944433078e+04  2.042026287871132454e-09 2.496193750000000122e+01 6.822555624999999964e+02
-1.147990428947413619e+02  0.000000000000000000e+00   1.317882027659033338e+04  2.051903380177152391e-09 2.494209375000000151e+01 6.815434374999999818e+02
-1.147990201508366539e+02  0.000000000000000000e+00   1.317881505455657316e+04  2.046039288252078485e-09 2.495892187500000148e+01 6.820985312500000646e+02
-1.147990287797794338e+02  0.000000000000000000e+00   1.317881703553523039e+04  2.030121808751049934e-09 2.495815625000000182e+01 6.829062500000000000e+02
-1.147990059778291965e+02  0.000000000000000000e+00   1.317881180012665027e+04  2.020590831063823880e-09 2.496118750000000119e+01 6.829750000000000227e+02
-1.147990258930100254e+02  0.000000000000000000e+00   1.317881637264265373e+04  2.022842263225465639e-09 2.497129687500000017e+01 6.828050312500000700e+02
-1.147990066913943679e+02  0.000000000000000000e+00   1.317881196383107635e+04  2.010823691369868985e-09 2.498428125000000222e+01 6.837205000000000155e+02
-1.147990198614792234e+02  0.000000000000000000e+00   1.317881498791366175e+04  2.030331368174314843e-09 2.491598437500000074e+01 6.801582187500000600e+02
-1.147990434754672435e+02  0.000000000000000000e+00   1.317882040951390627e+04  2.020794476241677703e-09 2.488895312500000045e+01 6.791335937500000455e+02
-1.147990120381258947e+02  0.000000000000000000e+00   1.317881319159589839e+04  2.023408648925909830e-09 2.492671874999999915e+01 6.806526250000000573e+02
-1.147990071741552356e+02  0.000000000000000000e+00   1.317881207463397186e+04  2.007937183227945210e-09 2.497162499999999952e+01 6.833474375000000691e+02
-1.147990297171364062e+02  0.000000000000000000e+00   1.317881725040573656e+04  2.003955928518437674e-09 2.489131250000000151e+01 6.788880000000000337e+02
-1.147990379135264334e+02  0.000000000000000000e+00   1.317881913246085969e+04  2.017599561372008340e-09 2.483253124999999883e+01 6.763669999999999618e+02
-1.147990098280076694e+02  0.000000000000000000e+00   1.317881268393364553e+04  2.006451126486540941e-09 2.491779687500000051e+01 6.802965312500000437e+02
-1.147990121719541463e+02  0.000000000000000000e+00   1.317881322199638089e+04  1.998655324332045412e-09 2.492484375000000085e+01 6.810246875000000273e+02
-1.147990098073523626e+02  0.000000000000000000e+00   1.317881267890906383e+04  1.985040742016650194e-09 2.492782812500000134e+01 6.808642812499999764e+02
-1.147990125668692230e+02  0.000000000000000000e+00   1.317881331241289445e+04  1.979290300564498438e-09 2.493850000000000122e+01 6.816761250000000700e+02
-1.147990349795684466e+02  0.000000000000000000e+00   1.317881845864770185e+04  2.003785285513293437e-09 2.486082812500000117e+01 6.776524062500000127e+02
-1.147989880986700655e+02  0.000000000000000000e+00   1.317880769476723435e+04  1.994766375214910013e-09 2.489573437499999997e+01 6.791380312500000400e+02
-1.147990161932099227e+02  0.000000000000000000e+00   1.317881414479705381e+04  1.962860931981908813e-09 2.494992187500000114e+01 6.819069062500000200e+02
-1.147990156749479809e+02  0.000000000000000000e+00   1.317881402615836669e+04  1.989664196889439034e-09 2.491495312500000026e+01 6.801192187499999591e+02
-1.147990314646610130e+02  0.000000000000000000e+00   1.317881765112342509e+04  1.965213852162725405e-09 2.491643750000000068e+01 6.802225624999999809e+02
-1.147990198921143730e+02  0.000000000000000000e+00   1.317881499419215834e+04  1.973021561543292993e-09 2.494173437499999935e+01 6.815389062499999682e+02
-1.147990051688863957e+02  0.000000000000000000e+00   1.317881161378717297e+04  1.974469937094127172e-09 2.499942187499999946e+01 6.841470312500000546e+02
-1.147990178920944686e+02  0.000000000000000000e+00   1.317881453504421370e+04  1.977020592409518607e-09 2.489340625000000173e+01 6.792670625000000655e+02
-1.147990283111721510e+02  0.000000000000000000e+00   1.317881692711649521e+04  1.967338283286046681e-09 2.489375000000000071e+01 6.798443750000000136e+02
-1.147990356271725858e+02  0.000000000000000000e+00   1.317881860691288966e+04  1.971652377589037931e-09 2.486074999999999946e+01 6.773289375000000518e+02
-1.147990237859200988e+02  0.000000000000000000e+00   1.317881588798097982e+04  1.956225181221814431e-09 2.497065625000000111e+01 6.825866250000000264e+02
-1.147990306769393243e+02  0.000000000000000000e+00   1.317881746996602305e+04  1.942599658842576655e-09 2.491610937500000134e+01 6.800252187500000218e+02
-1.147990135098526139e+02  0.000000000000000000e+00   1.317881352847946982e+04  1.945861603282496102e-09 2.496365624999999966e+01 6.825728125000000546e+02
-1.147990078970273942e+02  0.000000000000000000e+00   1.317881223994014181e+04  1.957565105435693300e-09 2.494081249999999983e+01 6.820463750000000118e+02
-1.147990440269080068e+02  0.000000000000000000e+00   1.317882053524427829e+04  1.954068285345525921e-09 2.493903124999999932e+01 6.820173125000000027e+02
-1.147990397516690564e+02  0.000000000000000000e+00   1.317881955350299904e+04  1.942336830648962355e-09 2.489870312500000082e+01 6.796728437499999700e+02
-1.147990194092904659e+02  0.000000000000000000e+00   1.317881488301048739e+04  1.948266053004521730e-09 2.487910937499999875e+01 6.789364687500000173e+02
-1.147990443189113421e+02  0.000000000000000000e+00   1.317882060192282006e+04  1.926382518142193059e-09 2.496817187499999946e+01 6.827124062499999582e+02
-1.147990025156380796e+02  0.000000000000000000e+00   1.317881100400974174e+04  1.929177384531968372e-09 2.499923437500000034e+01 6.840608437500000036e+02
-1.147990222397121016e+02  0.000000000000000000e+00   1.317881553268649077e+04  1.934360203164181313e-09 2.499751562500000190e+01 6.842190312500000573e+02
-1.147989972090619943e+02  0.000000000000000000e+00   1.317880978568928367e+04  1.933638906173934246e-09 2.492443749999999980e+01 6.810350624999999809e+02
-1.147990108626931658e+02  0.000000000000000000e+00   1.317881292054567712e+04  1.934387639227497483e-09 2.493560937500000207e+01 6.809237812500000473e+02
-1.147990034808918693e+02  0.000000000000000000e+00   1.317881122588333710e+04  1.948393713555617576e-09 2.491651562499999883e+01 6.799910312499999918e+02
-1.147989997348213791e+02  0.000000000000000000e+00   1.317881036558680717e+04  1.932745669116740590e-09 2.490796875000000199e+01 6.800206249999999955e+02
-1.147990244617159448e+02  0.000000000000000000e+00   1.317881604262765723e+04  1.917167753884613466e-09 2.491078124999999943e+01 6.799734375000000455e+02
-1.147990305473431789e+02  0.000000000000000000e+00   1.317881744002869164e+04  1.928766373924555428e-09 2.493260937500000196e+01 6.811461562499999900e+02
-1.147989902038777927e+02  0.000000000000000000e+00   1.317880817718337130e+04  1.923796249704406138e-09 2.494012500000000188e+01 6.817992500000000291e+02
-1.147989991700865886e+02  0.000000000000000000e+00   1.317881023575337531e+04  1.919735841229561699e-09 2.497006250000000094e+01 6.829676249999999982e+02
-1.147990297173030285e+02  0.000000000000000000e+00   1.317881724908996512e+04  1.901213140283556916e-09 2.497612499999999969e+01 6.833916249999999764e+02
-1.147989915268247643e+02  0.000000000000000000e+00   1.317880848075428003e+04  1.910513897721113953e-09 2.494150000000000134e+01 6.814918125000000373e+02
-1.147990391627725302e+02  0.000000000000000000e+00   1.317881941797130821e+04  1.917890092975920878e-09 2.485468750000000071e+01 6.777630625000000464e+02
-1.147990061594698830e+02  0.000000000000000000e+00   1.317881184042041423e+04  1.913557249069217197e-09 2.499378125000000139e+01 6.841103749999999764e+02
-1.147990262777594666e+02  0.000000000000000000e+00   1.317881645969069359e+04  1.924982044735541689e-09 2.491612500000000097e+01 6.808176875000000337e+02
-1.147990299518804420e+02  0.000000000000000000e+00   1.317881730286772290e+04  1.895085017310031047e-09 2.497856249999999889e+01 6.833113124999999854e+02
-1.147990155543910760e+02  0.000000000000000000e+00   1.317881399738859727e+04  1.906944907836602773e-09 2.493976562499999972e+01 6.812870312500000409e+02
-1.147990063849010056e+02  0.000000000000000000e+00   1.317881189210769298e+04  1.908150160050404831e-09 2.488542187500000225e+01 6.790695312500000682e+02
-1.147990217794976786e+02  0.000000000000000000e+00   1.317881542663687651e+04  1.905125272070385756e-09 2.492540625000000176e+01 6.802011250000000473e+02
-1.147990188762357491e+02  0.000000000000000000e+00   1.317881475995461369e+04  1.897612321758088868e-09 2.496251562500000176e+01 6.830490937499999973e+02
-1.147990311440301241e+02  0.000000000000000000e+00   1.317881757658509923e+04  1.895245913606117687e-09 2.491154687499999909e+01 6.807302187500000628e+02
-1.147990319384684312e+02  0.000000000000000000e+00   1.317881775912625017e+04  1.905842796237747831e-09 2.500571874999999977e+01 6.847024999999999864e+02
-1.147990299852973237e+02  0.000000000000000000e+00   1.317881731042213505e+04  1.886128380886811856e-09 2.496393750000000011e+01 6.825636250000000018e+02
-1.147990466612162521e+02  0.000000000000000000e+00   1.317882113918611321e+04  1.886512228873983579e-09 2.498335937499999915e+01 6.836697812500000282e+02
-1.147990116514667847e+02  0.000000000000000000e+00   1.317881310122464492e+04  1.902374518535188237e-09 2.486935937500000193e+01 6.778549062499999991e+02
-1.147990088792228534e+02  0.000000000000000000e+00   1.317881246439132156e+04  1.877212738753464644e-09 2.497131249999999980e+01 6.824596249999999600e+02
-1.147990508238846274e+02  0.000000000000000000e+00   1.317882209508936467e+04  1.898843402890221047e-09 2.497914062499999943e+01 6.836657187499999964e+02
-1.147990192129310572e+02  0.000000000000000000e+00   1.317881483714401838e+04  1.888872784980458490e-09 2.492875000000000085e+01 6.811102500000000646e+02
-1.147990031350441598e+02  0.000000000000000000e+00   1.317881114581462498e+04  1.898103378692567064e-09 2.489546874999999915e+01 6.791851874999999836e+02
-1.147989903835561307e+02  0.000000000000000000e+00   1.317880821774047035e+04  1.870932293825302467e-09 2.483887500000000159e+01 6.766801874999999882e+02
-1.147989983554231515e+02  0.000000000000000000e+00   1.317881004827394463e+04  1.886778684176638695e-09 2.485067187499999974e+01 6.774740937500000655e+02
-1.147990238182257201e+02  0.000000000000000000e+00   1.317881589442080258e+04  1.882054260869092699e-09 2.492248437499999980e+01 6.804427187500000400e+02
-1.147989991002655188e+02  0.000000000000000000e+00   1.317881021916629288e+04  1.877523750131549740e-09 2.490806249999999977e+01 6.807273750000000518e+02
-1.147990455130438932e+02  0.000000000000000000e+00   1.317882087539787608e+04  1.873608708447824892e-09 2.493070312500000085e+01 6.812222812500000373e+02
-1.147990289723306745e+02  0.000000000000000000e+00   1.317881707785630351e+04  1.886837442041168913e-09 2.485204687499999920e+01 6.772659687500000700e+02
-1.147990181661153599e+02  0.000000000000000000e+00   1.317881459649926364e+04  1.866266461563501180e-09 2.492707812500000131e+01 6.814734062500000391e+02
-1.147990253987109668e+02  0.000000000000000000e+00   1.317881625706765226e+04  1.864641411029084398e-09 2.487624999999999886e+01 6.781591875000000300e+02
-1.147990138891547502e+02  0.000000000000000000e+00   1.317881361440606088e+04  1.857808780659953605e-09 2.499795312500000222e+01 6.846067812500000400e+02
-1.147990296438936610e+02  0.000000000000000000e+00   1.317881723161182344e+04  1.853902889521442959e-09 2.494357812500000193e+01 6.814099687499999618e+02
-1.147990089261904103e+02  0.000000000000000000e+00   1.317881247490182250e+04  1.856485707391494194e-09 2.499098437500000003e+01 6.838017187499999636e+02
-1.147990549126382120e+02  0.000000000000000000e+00   1.317882303331048570e+04  1.857188830832893570e-09 2.490118749999999892e+01 6.796249374999999873e+02
-1.147990169046079387e+02  0.000000000000000000e+00   1.317881430680989433e+04  1.862491967014246223e-09 2.487242187500000057e+01 6.778518437500000573e+02
-1.147990149620955549e+02  0.000000000000000000e+00   1.317881386070312692e+04  1.854164366642879380e-09 2.494257812500000071e+01 6.809323437499999727e+02
-1.147990161498980370e+02  0.000000000000000000e+00   1.317881413332392003e+04  1.846855832447542237e-09 2.490662500000000179e+01 6.802128750000000537e+02
-1.147990279991196019e+02  0.000000000000000000e+00   1.317881685388795995e+04  1.847306512730076181e-09 2.493295312500000094e+01 6.809353437500000155e+02
-1.147990389015641171e+02  0.000000000000000000e+00   1.317881935725454605e+04  1.861450140492275264e-09 2.496312500000000156e+01 6.830645624999999654e+02
-1.147990049519229530e+02  0.000000000000000000e+00   1.317881156250278946e+04  1.862926577669968661e-09 2.490810937500000222e+01 6.799435937499999909e+02
-1.147990228021892136e+02  0.000000000000000000e+00   1.317881566076228046e+04  1.853332106290120326e-09 2.485353124999999963e+01 6.775415625000000546e+02
-1.147990363463336223e+02  0.000000000000000000e+00   1.317881877015090686e+04  1.829001402180568473e-09 2.490562500000000057e+01 6.803670624999999745e+02
-1.147990138169186451e+02  0.000000000000000000e+00   1.317881359760896339e+04  1.841735226011131125e-09 2.485710937500000028e+01 6.773814062500000546e+02
-1.147990310109447591e+02  0.000000000000000000e+00   1.317881754521532093e+04  1.833507770560707069e-09 2.498646875000000023e+01 6.839313750000000027e+02
-1.147990244964345408e+02  0.000000000000000000e+00   1.317881604958197931e+04  1.839998544766030399e-09 2.490856250000000216e+01 6.798381875000000036e+02
-1.147990022363235312e+02  0.000000000000000000e+00   1.317881093861069166e+04  1.832887444636576914e-09 2.494451562500000108e+01 6.818593437499999936e+02
-1.147990192615646521e+02  0.000000000000000000e+00   1.317881484754854864e+04  1.831079480017188408e-09 2.490167187500000168e+01 6.788949062499999627e+02
-1.147990218003781422e+02  0.000000000000000000e+00   1.317881543042569501e+04  1.828844104542954846e-09 2.492157812499999991e+01 6.807446562500000482e+02
-1.147990292619659272e+02  0.000000000000000000e+00   1.317881714357390229e+04  1.827492752579921852e-09 2.493210937499999957e+01 6.813980312500000309e+02
-1.147990306456336214e+02  0.000000000000000000e+00   1.317881746113351437e+04  1.817794885935009325e-09 2.499075000000000202e+01 6.841935624999999845e+02
-1.147990014880795826e+02  0.000000000000000000e+00   1.317881076663288331e+04  1.819040093795735732e-09 2.501829687500000077e+01 6.848420312499999909e+02
-1.147990202202325634e+02  0.000000000000000000e+00   1.317881506783786244e+04  1.844816676701598428e-09 2.487345312500000105e+01 6.778932812499999727e+02
-1.147990367829336549e+02  0.000000000000000000e+00   1.317881887052103593e+04  1.838683889191940766e-09 2.489276562499999912e+01 6.789100312499999745e+02
-1.147990088018064370e+02  0.000000000000000000e+00   1.317881244587341826e+04  1.820815537846709806e-09 2.488670312500000037e+01 6.790215937499999654e+02
-1.147990541598139771e+02  0.000000000000000000e+00   1.317882285992934339e+04  1.816660000820785484e-09 2.500345312500000006e+01 6.841416562499999827e+02
-1.147990096225278052e+02  0.000000000000000000e+00   1.317881263425970974e+04  1.817043736243051409e-09 2.497915624999999906e+01 6.835784999999999627e+02
-1.147990260495796093e+02  0.000000000000000000e+00   1.317881640579686791e+04  1.810846226764981374e-09 2.499365625000000080e+01 6.837958125000000109e+02
-1.147990170803017520e+02  0.000000000000000000e+00   1.317881434637056373e+04  1.803436152492064756e-09 2.492485937500000048e+01 6.804282187500000418e+02
-1.147990210668894235e+02  0.000000000000000000e+00   1.317881526194711478e+04  1.823456233092922594e-09 2.497215625000000117e+01 6.831895624999999654e+02
-1.147990228787980129e+02  0.000000000000000000e+00   1.317881567789730980e+04  1.818867576351214005e-09 2.492565624999999940e+01 6.803376250000000027e+02
-1.147990207238660361e+02  0.000000000000000000e+00   1.317881518313101878e+04  1.819009947115973472e-09 2.493112500000000153e+01 6.805733125000000427e+02
-1.147990111841810545e+02  0.000000000000000000e+00   1.317881299277065773e+04  1.813891085957315359e-09 2.487781250000000099e+01 6.783814375000000609e+02
-1.147990211629895185e+02  0.000000000000000000e+00   1.317881528403811717e+04  1.825475241344932272e-09 2.486131250000000037e+01 6.777786875000000464e+02
-1.147990359456080398e+02  0.000000000000000000e+00   1.317881867770229110e+04  1.795402580019690558e-09 2.496681249999999963e+01 6.829311874999999645e+02
-1.147990105427576708e+02  0.000000000000000000e+00   1.317881284530344419e+04  1.798891787309769273e-09 2.501679687500000071e+01 6.849014687500000491e+02
-1.147990224765712952e+02  0.000000000000000000e+00   1.317881558540390142e+04  1.808021407614099476e-09 2.495717187500000023e+01 6.815869062499999700e+02
-1.147990442228219905e+02  0.000000000000000000e+00   1.317882057826862911e+04  1.805562934836517123e-09 2.495582812500000003e+01 6.818185937499999909e+02
-1.147990229651543501e+02  0.000000000000000000e+00   1.317881569757945363e+04  1.807857281999623188e-09 2.490674999999999883e+01 6.799950625000000173e+02
-1.147990166181518958e+02  0.000000000000000000e+00   1.317881424032916220e+04  1.808542631816966501e-09 2.497292187500000082e+01 6.838488437500000146e+02
-1.147990322448975888e+02  0.000000000000000000e+00   1.317881782808748721e+04  1.800043881242764048e-09 2.494428124999999952e+01 6.815433749999999691e+02
-1.147990121442113463e+02  0.000000000000000000e+00   1.317881321300220588e+04  1.799511187774004704e-09 2.500731250000000117e+01 6.849951250000000300e+02
-1.147990139314810989e+02  0.000000000000000000e+00   1.317881362337028440e+04  1.800609248775421367e-09 2.492921875000000043e+01 6.803714999999999691e+02
-1.147990101086278116e+02  0.000000000000000000e+00   1.317881274543491236e+04  1.784233676641721578e-09 2.494667187499999983e+01 6.818567187500000273e+02
-1.147990174496177076e+02  0.000000000000000000e+00   1.317881443103367928e+04  1.793488217029939467e-09 2.492534374999999969e+01 6.812289375000000291e+02
-1.147990095835714044e+02  0.000000000000000000e+00   1.317881262495400006e+04  1.789621036765850312e-09 2.496332812500000031e+01 6.829962187500000255e+02
-1.147990194308802501e+02  0.000000000000000000e+00   1.317881488579595134e+04  1.783493441558674038e-09 2.496357812500000151e+01 6.826366562499999873e+02
-1.147990053779019917e+02  0.000000000000000000e+00   1.317881165932720432e+04  1.788600896106690279e-09 2.490310937499999966e+01 6.794726562500000000e+02
-1.147990341727699928e+02  0.000000000000000000e+00   1.317881827064896970e+04  1.794406518348731414e-09 2.496068749999999881e+01 6.825861250000000382e+02
-1.147990363852745759e+02  0.000000000000000000e+00   1.317881877860425084e+04  1.792016016620123509e-09 2.487542187500000068e+01 6.783201562499999682e+02
-1.147990313293646381e+02  0.000000000000000000e+00   1.317881761788979202e+04  1.800567295892557208e-09 2.485993750000000091e+01 6.771534374999999955e+02
-1.147990242805577878e+02  0.000000000000000000e+00   1.317881599933791949e+04  1.788462835449376786e-09 2.490867187499999957e+01 6.793992812500000582e+02
-1.147990056715493381e+02  0.000000000000000000e+00   1.317881172664316364e+04  1.780642021746236866e-09 2.496123437500000009e+01 6.830707187499999691e+02
-1.147990282607223804e+02  0.000000000000000000e+00   1.317881691310428505e+04  1.783024162582632856e-09 2.490614062499999903e+01 6.802118437500000709e+02
-1.147990175437588789e+02  0.000000000000000000e+00   1.317881445244867791e+04  1.778340521468109643e-09 2.499035937500000060e+01 6.843479687500000637e+02
-1.147990137850405006e+02  0.000000000000000000e+00   1.317881358960605394e+04  1.789852647664442920e-09 2.489464062500000097e+01 6.797845312499999864e+02
-1.147990262297609405e+02  0.000000000000000000e+00   1.317881644663139014e+04  1.770268900660222674e-09 2.494560937500000009e+01 6.820162812500000200e+02
-1.147990475252617273e+02  0.000000000000000000e+00   1.317882133603543298e+04  1.770122766924211422e-09 2.490350000000000108e+01 6.793609999999999900e+02
-1.147990332757292293e+02  0.000000000000000000e+00   1.317881806421484907e+04  1.758341502189097108e-09 2.491693749999999952e+01 6.803228125000000546e+02
-1.147990230272656333e+02  0.000000000000000000e+00   1.317881571145240923e+04  1.778440832860428907e-09 2.492240625000000165e+01 6.804171250000000555e+02
-1.147990356309535258e+02  0.000000000000000000e+00   1.317881860508706450e+04  1.767239404403828936e-09 2.488753125000000210e+01 6.785125625000000582e+02
-1.147990148555211505e+02  0.000000000000000000e+00   1.317881383529017694e+04  1.782558886835577876e-09 2.488382812500000085e+01 6.791123437500000364e+02
-1.147990228340324279e+02  0.000000000000000000e+00   1.317881566692521301e+04  1.766206828742042943e-09 2.487914062500000156e+01 6.780124687500000391e+02
-1.147990213498462282e+02  0.000000000000000000e+00   1.317881532608881935e+04  1.760884264847402029e-09 2.495706249999999926e+01 6.820688125000000355e+02
-1.147990560484900158e+02  0.000000000000000000e+00   1.317882329262604253e+04  1.745352364238533578e-09 2.499664062500000128e+01 6.841552187500000173e+02
-1.147990305321489046e+02  0.000000000000000000e+00   1.317881743427553738e+04  1.756931673935024987e-09 2.491945312500000043e+01 6.808974062500000173e+02
-1.147990098980224900e+02  0.000000000000000000e+00   1.317881269677348610e+04  1.760949211287081866e-09 2.489331250000000040e+01 6.793378125000000409e+02
-1.147990365822850407e+02  0.000000000000000000e+00   1.317881882350706292e+04  1.766944694502832635e-09 2.489965624999999960e+01 6.797688124999999673e+02
-1.147990248187095546e+02  0.000000000000000000e+00   1.317881612222119475e+04  1.737219989290813684e-09 2.502154687500000207e+01 6.856524687500000255e+02
-1.147990237749353639e+02  0.000000000000000000e+00   1.317881588281488985e+04  1.755598985544993679e-09 2.489489062500000216e+01 6.788767812500000218e+02
-1.147990248882612718e+02  0.000000000000000000e+00   1.317881613832913536e+04  1.747767346829847505e-09 2.493598437500000031e+01 6.811451562500000136e+02
-1.147990504886258663e+02  0.000000000000000000e+00   1.317882201623872243e+04  1.756503879826183504e-09 2.498150000000000048e+01 6.836166875000000118e+02
-1.147990061168637510e+02  0.000000000000000000e+00   1.317881182876208004e+04  1.771203665899859322e-09 2.489671875000000156e+01 6.789524999999999864e+02
-1.147990250106142440e+02  0.000000000000000000e+00   1.317881616641077198e+04  1.746980745848674083e-09 2.490829687500000134e+01 6.796795937499999809e+02
-1.147990299818030877e+02  0.000000000000000000e+00   1.317881730755984427e+04  1.729815274452831059e-09 2.493185937500000193e+01 6.807361562500000218e+02
-1.147990371000545622e+02  0.000000000000000000e+00   1.317881894192765685e+04  1.732169882350827148e-09 2.495553124999999994e+01 6.818887499999999591e+02
-1.147990331861719113e+02  0.000000000000000000e+00   1.317881804335661582e+04  1.735877731479167087e-09 2.505768750000000011e+01 6.873932499999999663e+02
-1.147989930283670503e+02  0.000000000000000000e+00   1.317880882316510724e+04  1.732936692372763610e-09 2.505801562499999946e+01 6.871893437500000346e+02
-1.147990203102502562e+02  0.000000000000000000e+00   1.317881508732287693e+04  1.755061074958346357e-09 2.493562500000000171e+01 6.809313750000000027e+02
-1.147989911406004921e+02  0.000000000000000000e+00   1.317880838994223996e+04  1.748456285110756665e-09 2.501045312500000151e+01 6.854791562499999600e+02
-1.147990110611726067e+02  0.000000000000000000e+00   1.317881296364127047e+04  1.746594289788227646e-09 2.496862499999999940e+01 6.823843124999999645e+02
-1.147990321253765700e+02  0.000000000000000000e+00   1.317881779982228181e+04  1.737563999299520274e-09 2.499682812500000040e+01 6.842377812500000118e+02
-1.147990263429551447e+02  0.000000000000000000e+00   1.317881647224755579e+04  1.741965751091809776e-09 2.494118750000000162e+01 6.814340624999999818e+02
-1.147990244670657916e+02  0.000000000000000000e+00   1.317881604139821320e+04  1.730674638394661191e-09 2.495843750000000227e+01 6.823134374999999636e+02
-1.147990375579877025e+02  0.000000000000000000e+00   1.317881904719010709e+04  1.741418284778122533e-09 2.493990624999999994e+01 6.809979375000000346e+02
-1.147990083226009546e+02  0.000000000000000000e+00   1.317881233479866387e+04  1.741132634384288748e-09 2.493289062499999886e+01 6.806329062500000191e+02
-1.147990331915284656e+02  0.000000000000000000e+00   1.317881804442184330e+04  1.723385895122401220e-09 2.496707812500000045e+01 6.830732812500000364e+02
-1.147990234708220783e+02  0.000000000000000000e+00   1.317881581275106328e+04  1.737387176830601219e-09 2.489071875000000134e+01 6.788513125000000628e+02
-1.147990328965817639e+02  0.000000000000000000e+00   1.317881797670257038e+04  1.723379830934570955e-09 2.493996875000000202e+01 6.817827499999999645e+02
-1.147990328399771300e+02  0.000000000000000000e+00   1.317881796390219824e+04  1.738247747148668285e-09 2.495076562499999895e+01 6.814333437500000628e+02
-1.147990293939635364e+02  0.000000000000000000e+00   1.317881717249143367e+04  1.722106667256475809e-09 2.494459374999999923e+01 6.820874374999999645e+02
-1.147990189902413221e+02  0.000000000000000000e+00   1.317881478410980344e+04  1.744315828537228347e-09 2.485792187499999883e+01 6.775415312500000482e+02
-1.147990142160585521e+02  0.000000000000000000e+00   1.317881368769470100e+04  1.723667067152000071e-09 2.495578125000000114e+01 6.815179375000000164e+02
-1.147990312810808433e+02  0.000000000000000000e+00   1.317881760582728202e+04  1.726460154756642657e-09 2.488487500000000097e+01 6.782144375000000309e+02
-1.147990068854458201e+02  0.000000000000000000e+00   1.317881200468053612e+04  1.729738539155528185e-09 2.496649999999999991e+01 6.826408750000000509e+02
-1.147990191614208442e+02  0.000000000000000000e+00   1.317881482314570712e+04  1.724088029099207863e-09 2.491857812499999980e+01 6.806806562499999700e+02
-1.147990118899543717e+02  0.000000000000000000e+00   1.317881315354131948e+04  1.717258969652481867e-09 2.495339062500000082e+01 6.817800312499999791e+02
-1.147990305950733330e+02  0.000000000000000000e+00   1.317881744803394031e+04  1.704656568374694122e-09 2.497740625000000136e+01 6.836030624999999645e+02
-1.147990271858996465e+02  0.000000000000000000e+00   1.317881666514150857e+04  1.693064194730491029e-09 2.497660937499999889e+01 6.832137812500000109e+02
-1.147990190200161322e+02  0.000000000000000000e+00   1.317881479056357421e+04  1.715294540385260547e-09 2.489835937500000185e+01 6.796790937499999927e+02
-1.147990226854046938e+02  0.000000000000000000e+00   1.317881563202301004e+04  1.707205687661500616e-09 2.493057812500000026e+01 6.808101562499999773e+02
-1.147990142890139111e+02  0.000000000000000000e+00   1.317881370416817845e+04  1.702653913819384008e-09 2.492157812499999991e+01 6.807094687500000418e+02
-1.147990342561176931e+02  0.000000000000000000e+00   1.317881828863029659e+04  1.706754972150517740e-09 2.500142187500000190e+01 6.845234062499999936e+02
-1.147990150163029881e+02  0.000000000000000000e+00   1.317881387125322362e+04  1.710310622155540996e-09 2.488279687500000037e+01 6.785245312499999955e+02
-1.147990324523195511e+02  0.000000000000000000e+00   1.317881787465114212e+04  1.719609864512794691e-09 2.493240624999999966e+01 6.809967500000000200e+02
-1.147990217054639572e+02  0.000000000000000000e+00   1.317881540714702169e+04  1.716044757191849939e-09 2.490589062500000139e+01 6.795935312500000691e+02
-1.147990115834502092e+02  0.000000000000000000e+00   1.317881308307018844e+04  1.709793825441085300e-09 2.491479687500000040e+01 6.798792812499999627e+02
-1.147990213242290736e+02  0.000000000000000000e+00   1.317881531950304452e+04  1.707455689143201200e-09 2.489464062500000097e+01 6.793572187500000155e+02
-1.147990185918127679e+02  0.000000000000000000e+00   1.317881469208090857e+04  1.702545713589346364e-09 2.490853124999999935e+01 6.798613125000000537e+02
-1.147990208267987811e+02  0.000000000000000000e+00   1.317881520505001572e+04  1.688940508897678807e-09 2.495157812500000105e+01 6.824850312500000200e+02
-1.147990320717314887e+02  0.000000000000000000e+00   1.317881778709385071e+04  1.706330338127618476e-09 2.487778125000000173e+01 6.786402500000000373e+02
-1.147990180786213017e+02  0.000000000000000000e+00   1.317881457422391941e+04  1.700327411103056205e-09 2.500134375000000020e+01 6.843456875000000537e+02
-1.147990267218501401e+02  0.000000000000000000e+00   1.317881655876810873e+04  1.706074739194909354e-09 2.497254687499999903e+01 6.828820937499999673e+02
-1.147990248245378666e+02  0.000000000000000000e+00   1.317881612300302186e+04  1.695005154124403419e-09 2.492629687500000202e+01 6.805730937499999982e+02
-1.147990444981379028e+02  0.000000000000000000e+00   1.317882063983611260e+04  1.680777643668616010e-09 2.496937499999999943e+01 6.822526874999999791e+02
-1.147990095730393421e+02  0.000000000000000000e+00   1.317881262126697220e+04  1.693338691426166519e-09 2.491751562500000006e+01 6.806170312499999682e+02
-1.147990227660800144e+02  0.000000000000000000e+00   1.317881565024564770e+04  1.684422244752010459e-09 2.491214062499999926e+01 6.800310312500000691e+02
-1.147990091270804527e+02  0.000000000000000000e+00   1.317881251878273906e+04  1.686285275791748660e-09 2.496504687499999875e+01 6.826412812500000200e+02
-1.147990405092189405e+02  0.000000000000000000e+00   1.317881972417484212e+04  1.694958314994694616e-09 2.492934375000000102e+01 6.805610000000000355e+02
-1.147990156688180861e+02  0.000000000000000000e+00   1.317881402106687528e+04  1.710118611668647354e-09 2.486171875000000142e+01 6.775278124999999818e+02
-1.147990148288393755e+02  0.000000000000000000e+00   1.317881382787482471e+04  1.684729856583412815e-09 2.490670312499999994e+01 6.800991562499999645e+02
-1.147990239717317138e+02  0.000000000000000000e+00   1.317881592725544579e+04  1.699182467669277136e-09 2.491825000000000045e+01 6.803774375000000418e+02
-1.147990246153522094e+02  0.000000000000000000e+00   1.317881607472148607e+04  1.675813926231221156e-09 2.496156249999999943e+01 6.825289999999999964e+02
-1.147990279421016879e+02  0.000000000000000000e+00   1.317881683867490756e+04  1.686301837985373893e-09 2.491728125000000205e+01 6.804976874999999836e+02
-1.147990162257698330e+02  0.000000000000000000e+00   1.317881414860507903e+04  1.684560736483109701e-09 2.487468750000000028e+01 6.775026249999999663e+02
-1.147990175804941231e+02  0.000000000000000000e+00   1.317881445960087694e+04  1.681052409019513955e-09 2.490579687500000006e+01 6.794642812499999991e+02
-1.147989960675589174e+02  0.000000000000000000e+00   1.317880952019374308e+04  1.674987030956345927e-09 2.492993750000000119e+01 6.812151250000000573e+02
-1.147990235542272046e+02  0.000000000000000000e+00   1.317881583095264068e+04  1.665447684464818279e-09 2.494637499999999974e+01 6.816322499999999991e+02
-1.147990128970371444e+02  0.000000000000000000e+00   1.317881338404005146e+04  1.662209680171140787e-09 2.499737500000000168e+01 6.845027499999999918e+02
-1.147990265472327422e+02  0.000000000000000000e+00   1.317881651819415492e+04  1.669490312660543853e-09 2.492875000000000085e+01 6.809864374999999654e+02
-1.147990236052058606e+02  0.000000000000000000e+00   1.317881584276779358e+04  1.673836351625049001e-09 2.497395312500000131e+01 6.829095312499999864e+02
-1.147989890000843616e+02  0.000000000000000000e+00   1.317880789757288221e+04  1.679316630349916247e-09 2.489900000000000091e+01 6.795122499999999945e+02
-1.147990270587183090e+02  0.000000000000000000e+00   1.317881663549967197e+04  1.659582540495468070e-09 2.494398437499999943e+01 6.818008437500000127e+02
-1.147990270131123793e+02  0.000000000000000000e+00   1.317881662513790616e+04  1.667873627179409433e-09 2.497721875000000225e+01 6.828711250000000064e+02
-1.147990316287440038e+02  0.000000000000000000e+00   1.317881768489492970e+04  1.669160564225614591e-09 2.494007812499999943e+01 6.816279062500000236e+02
-1.147990061862124804e+02  0.000000000000000000e+00   1.317881184317853331e+04  1.656938608383101040e-09 2.493778125000000045e+01 6.812954375000000482e+02
-1.147990243785478413e+02  0.000000000000000000e+00   1.317881602022262268e+04  1.666022253354869921e-09 2.494239062500000159e+01 6.815549062500000446e+02
-1.147990321507185598e+02  0.000000000000000000e+00   1.317881780450091355e+04  1.651073783271585817e-09 2.498825000000000074e+01 6.835636875000000146e+02
-1.147990373390751273e+02  0.000000000000000000e+00   1.317881899589006025e+04  1.662644851219917131e-09 2.492654687499999966e+01 6.806350312499999973e+02
-1.147990243839707318e+02  0.000000000000000000e+00   1.317881602140605901e+04  1.661344352780068544e-09 2.490571875000000190e+01 6.796671250000000555e+02
-1.147990315859057375e+02  0.000000000000000000e+00   1.317881767499129637e+04  1.663996960179307885e-09 2.495165624999999920e+01 6.824230000000000018e+02
-1.147989997188956721e+02  0.000000000000000000e+00   1.317881035831452391e+04  1.658383076054517724e-09 2.496421875000000057e+01 6.824686874999999873e+02
-1.147990060025284293e+02  0.000000000000000000e+00   1.317881180089215195e+04  1.648372719941397236e-09 2.491250000000000142e+01 6.803456250000000409e+02
-1.147990284826947800e+02  0.000000000000000000e+00   1.317881696245841886e+04  1.660835892769839219e-09 2.491556250000000006e+01 6.802385625000000573e+02
-1.147990308082314215e+02  0.000000000000000000e+00   1.317881749624095937e+04  1.648986489181010324e-09 2.497401562499999983e+01 6.833115937500000427e+02
-1.147990184965421463e+02  0.000000000000000000e+00   1.317881466960955186e+04  1.657214714592643660e-09 2.489809375000000102e+01 6.792976875000000518e+02
-1.147990035362006722e+02  0.000000000000000000e+00   1.317881123467078942e+04  1.651603789548035640e-09 2.492351562500000028e+01 6.807545312500000136e+02
-1.147990042027226991e+02  0.000000000000000000e+00   1.317881138773595922e+04  1.654110834368705772e-09 2.493954687500000134e+01 6.817313437500000646e+02
-1.147990229404507545e+02  0.000000000000000000e+00   1.317881569013371154e+04  1.673259017713192244e-09 2.488395312500000145e+01 6.785009062500000709e+02
-1.147990205852353256e+02  0.000000000000000000e+00   1.317881514908518329e+04  1.650823602852956689e-09 2.496660937500000088e+01 6.825307187500000055e+02
-1.147990301566200202e+02  0.000000000000000000e+00   1.317881734635475004e+04  1.627930437190557644e-09 2.494292187499999969e+01 6.815330937500000346e+02
-1.147990266669303878e+02  0.000000000000000000e+00   1.317881654533220535e+04  1.643365453756304172e-09 2.500331249999999983e+01 6.851563125000000127e+02
-1.147990285688440366e+02  0.000000000000000000e+00   1.317881698195178797e+04  1.639109023682722152e-09 2.489506250000000165e+01 6.788495000000000346e+02
-1.147990202037388059e+02  0.000000000000000000e+00   1.317881506149175402e+04  1.650628172202279285e-09 2.485662500000000108e+01 6.769494375000000446e+02
-1.147990447331528685e+02  0.000000000000000000e+00   1.317882069334407788e+04  1.646554387846379833e-09 2.489603125000000006e+01 6.787174374999999600e+02
-1.147990123528875586e+02  0.000000000000000000e+00   1.317881325886918239e+04  1.644362947240429323e-09 2.493320312500000213e+01 6.809502812499999891e+02
-1.147990159009129627e+02  0.000000000000000000e+00   1.317881407351982671e+04  1.646715598527607673e-09 2.486010937500000040e+01 6.776663437500000100e+02
-1.147989982254779022e+02  0.000000000000000000e+00   1.317881001513832780e+04  1.636342651054052446e-09 2.490682812500000054e+01 6.803268437499999663e+02
-1.147990409553437701e+02  0.000000000000000000e+00   1.317881982576748123e+04  1.631465193796981967e-09 2.485031250000000114e+01 6.766936875000000100e+02
-1.147990169860848226e+02  0.000000000000000000e+00   1.317881432253648745e+04  1.636345704845109020e-09 2.487565625000000225e+01 6.786475000000000364e+02
-1.147990379401675227e+02  0.000000000000000000e+00   1.317881913346173496e+04  1.629410934714755854e-09 2.491670312500000151e+01 6.802365937499999973e+02
-1.147990123089308980e+02  0.000000000000000000e+00   1.317881324869751006e+04  1.638344974375818696e-09 2.488445312500000028e+01 6.791771562500000528e+02
-1.147990334559859917e+02  0.000000000000000000e+00   1.317881810382718868e+04  1.623711372783312083e-09 2.492256250000000151e+01 6.805701249999999618e+02
-1.147990236668246951e+02  0.000000000000000000e+00   1.317881585636354248e+04  1.631965055066741167e-09 2.489873437500000009e+01 6.799030937500000391e+02
-1.147990221792824457e+02  0.000000000000000000e+00   1.317881551480464623e+04  1.630287832871242148e-09 2.492412500000000009e+01 6.810361249999999700e+02
-1.147990292646888548e+02  0.000000000000000000e+00   1.317881714151304732e+04  1.623678227629041556e-09 2.492932812500000139e+01 6.803957812500000273e+02
-1.147990221621372342e+02  0.000000000000000000e+00   1.317881551071497961e+04  1.618666234444258534e-09 2.494946875000000119e+01 6.818432500000000118e+02
-1.147990287400728278e+02  0.000000000000000000e+00   1.317881702103247153e+04  1.621420588411410710e-09 2.489065624999999926e+01 6.794641249999999673e+02
-1.147990368942659956e+02  0.000000000000000000e+00   1.317881889326573037e+04  1.624932095189210759e-09 2.488731250000000017e+01 6.790140000000000100e+02
-1.147990113373648740e+02  0.000000000000000000e+00   1.317881302534798670e+04  1.617107561264785937e-09 2.490814062500000148e+01 6.796674062499999991e+02
-1.147990282893818375e+02  0.000000000000000000e+00   1.317881691749803031e+04  1.617120748027099096e-09 2.500396875000000207e+01 6.847701250000000073e+02
-1.147990356899162805e+02  0.000000000000000000e+00   1.317881861682922499e+04  1.630992474234074110e-09 2.486710937500000185e+01 6.776509062500000482e+02
-1.147990189349373935e+02  0.000000000000000000e+00   1.317881476977533384e+04  1.620116817017253387e-09 2.491487500000000210e+01 6.804871249999999918e+02
-1.147990261121951505e+02  0.000000000000000000e+00   1.317881641756732097e+04  1.613108183469944071e-09 2.497868749999999949e+01 6.827145625000000564e+02
-1.147990009559219828e+02  0.000000000000000000e+00   1.317881064159373636e+04  1.602266017462794638e-09 2.491746875000000117e+01 6.801737500000000409e+02
-1.147990159642927068e+02  0.000000000000000000e+00   1.317881408744014152e+04  1.598794025029829848e-09 2.502904687499999881e+01 6.859392187500000091e+02
-1.147990300967041719e+02  0.000000000000000000e+00   1.317881733255461040e+04  1.624623804606071377e-09 2.492179687500000185e+01 6.807210312500000100e+02
-1.147990418469712921e+02  0.000000000000000000e+00   1.317882003006894411e+04  1.600012605400928717e-09 2.490696875000000077e+01 6.797556250000000091e+02
-1.147990246286002645e+02  0.000000000000000000e+00   1.317881607678617911e+04  1.601677237525940325e-09 2.493139062499999881e+01 6.815335312500000100e+02
-1.147990166746382954e+02  0.000000000000000000e+00   1.317881425078276516e+04  1.617663232553004547e-09 2.491728125000000205e+01 6.801532500000000709e+02
-1.147990284695795822e+02  0.000000000000000000e+00   1.317881695872908676e+04  1.606346196913217520e-09 2.493301562499999946e+01 6.807267187500000318e+02
-1.147990380319309196e+02  0.000000000000000000e+00   1.317881915411047339e+04  1.597544571907694734e-09 2.501918750000000102e+01 6.850593750000000455e+02
-1.147990008570891263e+02  0.000000000000000000e+00   1.317881061898947883e+04  1.608910623558670428e-09 2.492509375000000205e+01 6.806503125000000409e+02
-1.147990042278359510e+02  0.000000000000000000e+00   1.317881139282020195e+04  1.602383108321592429e-09 2.500956250000000125e+01 6.851404999999999745e+02
-1.147990265836928501e+02  0.000000000000000000e+00   1.317881652578299509e+04  1.610127685805869574e-09 2.496750000000000114e+01 6.831355624999999918e+02
-1.147990317145513615e+02  0.000000000000000000e+00   1.317881770381237948e+04  1.609689868671994294e-09 2.490687499999999943e+01 6.794516875000000482e+02
-1.147990387848430203e+02  0.000000000000000000e+00   1.317881932698294986e+04  1.597947166085820277e-09 2.490031250000000185e+01 6.798291874999999891e+02
-1.147990342412215625e+02  0.000000000000000000e+00   1.317881828382662570e+04  1.601772205655787902e-09 2.493906250000000213e+01 6.810878750000000537e+02
-1.147990306907424838e+02  0.000000000000000000e+00   1.317881746867672518e+04  1.604293445995835286e-09 2.490704687499999892e+01 6.800987187499999891e+02
-1.147990259414554686e+02  0.000000000000000000e+00   1.317881637807282823e+04  1.590876015800205966e-09 2.501698437499999983e+01 6.851603437500000382e+02
-1.147989926516549417e+02  0.000000000000000000e+00   1.317880873505249292e+04  1.609991303950149669e-09 2.488945312499999929e+01 6.783154687500000364e+02
-1.147990170554154332e+02  0.000000000000000000e+00   1.317881433774943434e+04  1.582833618034888524e-09 2.497587500000000205e+01 6.830439999999999827e+02
-1.147990375000058805e+02  0.000000000000000000e+00   1.317881903199397857e+04  1.598490877221307093e-09 2.489328125000000114e+01 6.793621249999999918e+02
-1.147990305054398021e+02  0.000000000000000000e+00   1.317881742600906000e+04  1.594996035371496109e-09 2.489485937499999935e+01 6.795281562500000518e+02
-1.147990412606463906e+02  0.000000000000000000e+00   1.317881989514398447e+04  1.576802143266052745e-09 2.498648437499999986e+01 6.832202812499999709e+02
-1.147990220084227104e+02  0.000000000000000000e+00   1.317881547502740432e+04  1.588692313186292454e-09 2.492242187500000128e+01 6.802488437499999918e+02
-1.147990445163987232e+02  0.000000000000000000e+00   1.317882064286656350e+04  1.592590721329943967e-09 2.495442187500000131e+01 6.816755312500000628e+02
-1.147990383405666961e+02  0.000000000000000000e+00   1.317881922471445978e+04  1.577953065102880196e-09 2.498570312500000057e+01 6.835740937499999745e+02
-1.147990109187684737e+02  0.000000000000000000e+00   1.317881292867373668e+04  1.574209510193558789e-09 2.494267187500000205e+01 6.819396562499999845e+02
-1.147990037634427409e+02  0.000000000000000000e+00   1.317881128591021661e+04  1.580664250681472861e-09 2.498215624999999918e+01 6.831873749999999745e+02
-1.147990386062826786e+02  0.000000000000000000e+00   1.317881928584350499e+04  1.587147092537787955e-09 2.498318749999999966e+01 6.840924374999999600e+02
-1.147990254847705387e+02  0.000000000000000000e+00   1.317881627317690618e+04  1.587692649100898247e-09 2.492993750000000119e+01 6.809329999999999927e+02
-1.147990172409279666e+02  0.000000000000000000e+00   1.317881438031657490e+04  1.580847727176845386e-09 2.494459374999999923e+01 6.814758749999999736e+02
-1.147990134689208475e+02  0.000000000000000000e+00   1.317881351429255301e+04  1.582470438396231531e-09 2.499837499999999935e+01 6.837304374999999936e+02
-1.147990048953559921e+02  0.000000000000000000e+00   1.317881154583201896e+04  1.583454646303327961e-09 2.491648437499999957e+01 6.799697812499999827e+02
-1.147990129552238443e+02  0.000000000000000000e+00   1.317881339632692288e+04  1.580815409625896971e-09 2.495718749999999986e+01 6.821670625000000427e+02
-1.147990321947338543e+02  0.000000000000000000e+00   1.317881781365819006e+04  1.579098416827356670e-09 2.489567187500000145e+01 6.788414687499999900e+02
-1.147990261830665304e+02  0.000000000000000000e+00   1.317881643331048326e+04  1.572985649216520603e-09 2.488709375000000179e+01 6.784133749999999736e+02
-1.147990198703826934e+02  0.000000000000000000e+00   1.317881498389813169e+04  1.570521408232998639e-09 2.496871875000000074e+01 6.824624999999999773e+02
-1.147990045138175503e+02  0.000000000000000000e+00   1.317881145812067734e+04  1.575041555189661524e-09 2.492704687500000205e+01 6.805865312500000073e+02
-1.147990551644713833e+02  0.000000000000000000e+00   1.317882308759905027e+04  1.589193939648787533e-09 2.490693750000000151e+01 6.794667500000000473e+02
-1.147990508405579959e+02  0.000000000000000000e+00   1.317882209468225665e+04  1.577473089212295181e-09 2.497070312500000000e+01 6.830206562500000018e+02
-1.147990313718771773e+02  0.000000000000000000e+00   1.317881762458334015e+04  1.567826456492921191e-09 2.489379687499999960e+01 6.789325312500000109e+02
-1.147990195018038122e+02  0.000000000000000000e+00   1.317881489909977245e+04  1.557366237018184467e-09 2.494190624999999883e+01 6.818292500000000018e+02
-1.147990339368259072e+02  0.000000000000000000e+00   1.317881821350933023e+04  1.569247202522022683e-09 2.494710937500000014e+01 6.819410937500000500e+02
-1.147990381460847829e+02  0.000000000000000000e+00   1.317881917981448169e+04  1.559187644022374490e-09 2.494210937500000114e+01 6.815960937500000227e+02
-1.147990033527889864e+02  0.000000000000000000e+00   1.317881119138611393e+04  1.562542843170435325e-09 2.498484374999999957e+01 6.839803124999999682e+02
-1.147990258194524813e+02  0.000000000000000000e+00   1.317881634963108991e+04  1.558240998040013422e-09 2.488509374999999935e+01 6.785805625000000418e+02
-1.147990172149291084e+02  0.000000000000000000e+00   1.317881437410779654e+04  1.562675244661430880e-09 2.497606250000000117e+01 6.833401250000000573e+02
-1.147990145529342811e+02  0.000000000000000000e+00   1.317881376301433011e+04  1.569907071952703958e-09 2.490643749999999912e+01 6.794039374999999836e+02
-1.147990167023437635e+02  0.000000000000000000e+00   1.317881425638703695e+04  1.560234032493494040e-09 2.492912499999999909e+01 6.807261250000000246e+02
-1.147990363178681719e+02  0.000000000000000000e+00   1.317881876019001538e+04  1.569093517041821982e-09 2.488771875000000122e+01 6.794561875000000555e+02
-1.147990246365556573e+02  0.000000000000000000e+00   1.317881607800574602e+04  1.555620235488969583e-09 2.490626562499999963e+01 6.797976562500000455e+02
-1.147990383832497656e+02  0.000000000000000000e+00   1.317881923425539935e+04  1.558299455063724172e-09 2.489618749999999991e+01 6.793800625000000082e+02
-1.147990290655577752e+02  0.000000000000000000e+00   1.317881709474915624e+04  1.544476770141409741e-09 2.491040625000000119e+01 6.794478750000000673e+02
-1.147990347859940101e+02  0.000000000000000000e+00   1.317881840826188454e+04  1.552948097450036587e-09 2.492239062500000202e+01 6.811975312499999973e+02
-1.147990342022540489e+02  0.000000000000000000e+00   1.317881827406546472e+04  1.539984098152617166e-09 2.489059375000000074e+01 6.793225625000000036e+02
-1.147990469112787082e+02  0.000000000000000000e+00   1.317882119208316544e+04  1.543779684442214288e-09 2.491787500000000222e+01 6.806588125000000673e+02
-1.147990181032794936e+02  0.000000000000000000e+00   1.317881457786666579e+04  1.547147686644300749e-09 2.492323437499999983e+01 6.806039062500000227e+02
-1.147990083840203255e+02  0.000000000000000000e+00   1.317881234633899840e+04  1.546772938025680032e-09 2.497514062500000165e+01 6.834367187500000682e+02
-1.147990350468127474e+02  0.000000000000000000e+00   1.317881846831209441e+04  1.565599619615989687e-09 2.486176562500000031e+01 6.777658437500000446e+02
-1.147990533773972288e+02  0.000000000000000000e+00   1.317882267685089209e+04  1.555859341695450386e-09 2.494943750000000193e+01 6.822001874999999700e+02
-1.147990158028993761e+02  0.000000000000000000e+00   1.317881404966845730e+04  1.544457389609281460e-09 2.494051562499999974e+01 6.817633437499999900e+02
-1.147990532476226946e+02  0.000000000000000000e+00   1.317882264690341799e+04  1.544364596341404396e-09 2.490860937500000105e+01 6.797247812499999782e+02
-1.147990210227538910e+02  0.000000000000000000e+00   1.317881524811103554e+04  1.542501728769724196e-09 2.498637499999999889e+01 6.838283750000000509e+02
-1.147990280315534193e+02  0.000000000000000000e+00   1.317881685734658458e+04  1.544690734739103548e-09 2.487773437499999929e+01 6.780944687500000327e+02
-1.147990139670671397e+02  0.000000000000000000e+00   1.317881362816212823e+04  1.544240051584654767e-09 2.490232812500000037e+01 6.797817812499999945e+02
-1.147990349432170518e+02  0.000000000000000000e+00   1.317881844397987697e+04  1.524105278656183767e-09 2.493470312500000219e+01 6.816612812500000018e+02
-1.147990154712265962e+02  0.000000000000000000e+00   1.317881397344612924e+04  1.539076680423520941e-09 2.501029687500000165e+01 6.846187812499999836e+02
-1.147990136560506897e+02  0.000000000000000000e+00   1.317881355669210461e+04  1.539591695745099540e-09 2.489046875000000014e+01 6.796651249999999891e+02
-1.147990110802884089e+02  0.000000000000000000e+00   1.317881296534611465e+04  1.542926004965803376e-09 2.493617187499999943e+01 6.813040312499999800e+02
-1.147990374913098321e+02  0.000000000000000000e+00   1.317881902927484589e+04  1.543665240098141255e-09 2.488715625000000031e+01 6.787909375000000409e+02
-1.147990269094129445e+02  0.000000000000000000e+00   1.317881659959746321e+04  1.536507200041567933e-09 2.499557812500000153e+01 6.847993437500000482e+02
-1.147990107858087327e+02  0.000000000000000000e+00   1.317881289766374721e+04  1.537582974820715319e-09 2.493607812500000165e+01 6.811108437499999582e+02
-1.147989942210366650e+02  0.000000000000000000e+00   1.317880909444144709e+04  1.538821768146553247e-09 2.496878124999999926e+01 6.829620625000000018e+02
-1.147990407348518289e+02  0.000000000000000000e+00   1.317881977372522852e+04  1.523888979766336990e-09 2.494996875000000003e+01 6.817977500000000646e+02
-1.147990256071762332e+02  0.000000000000000000e+00   1.317881630045746897e+04  1.525202539172425039e-09 2.489787499999999909e+01 6.790566875000000664e+02
-1.147990179823737122e+02  0.000000000000000000e+00   1.317881455002075745e+04  1.540608538693696966e-09 2.489014062500000080e+01 6.789974687500000528e+02
-1.147990280154432838e+02  0.000000000000000000e+00   1.317881685357509741e+04  1.539179585817364011e-09 2.484537500000000065e+01 6.771580000000000155e+02
-1.147990282909783417e+02  0.000000000000000000e+00   1.317881691663439778e+04  1.523775026491851824e-09 2.495782812499999892e+01 6.827742187500000455e+02
-1.147990294732199885e+02  0.000000000000000000e+00   1.317881718793055916e+04  1.512831370198273889e-09 2.494745312499999912e+01 6.818965312500000664e+02
-1.147990161605528527e+02  0.000000000000000000e+00   1.317881413165593221e+04  1.534664456580161104e-09 2.491143750000000168e+01 6.801465624999999591e+02
-1.147990402831198793e+02  0.000000000000000000e+00   1.317881967005048318e+04  1.527079271480107273e-09 2.493710937500000213e+01 6.811727187500000582e+02
-1.147990163700639243e+02  0.000000000000000000e+00   1.317881417970452458e+04  1.530511040173240160e-09 2.490393750000000139e+01 6.794777500000000146e+02
-1.147990097506806819e+02  0.000000000000000000e+00   1.317881265992128465e+04  1.531580072747932356e-09 2.490315625000000210e+01 6.797301250000000437e+02
-1.147990235186911718e+02  0.000000000000000000e+00   1.317881582088447976e+04  1.520582112053614450e-09 2.493315624999999969e+01 6.815735624999999800e+02
-1.147990307132192811e+02  0.000000000000000000e+00   1.317881747271506902e+04  1.519135156834039138e-09 2.485034375000000040e+01 6.772103124999999864e+02
-1.147990217576542591e+02  0.000000000000000000e+00   1.317881541666257726e+04  1.528832527826464326e-09 2.492531250000000043e+01 6.810470000000000255e+02
-1.147990467091985636e+02  0.000000000000000000e+00   1.317882114514164277e+04  1.502478035656212100e-09 2.498665624999999935e+01 6.835800000000000409e+02
