#Npara Msize optCut diagCut sDiagMax  sDiagMin    absRmax       imax
   97    96     0     1  5.42545e+00  0.00000e+00  1.25813e-01    33, 92
   97    96     0     1  5.13133e+00  0.00000e+00  1.17031e-01    33, 93
   97    96     0     1  4.53199e+00  0.00000e+00  1.05403e-01    33, 93
   97    96     0     1  3.95930e+00  0.00000e+00  9.25329e-02    37, 96
   97    96     0     1  3.41551e+00  0.00000e+00  8.29585e-02    39, 96
   97    96     0     1  2.96573e+00  0.00000e+00  7.00677e-02    39, 96
   97    96     0     1  2.57991e+00  0.00000e+00  5.19388e-02    41, 96
   97    96     0     1  2.36544e+00  0.00000e+00 -4.18952e-02     2, 96
   97    96     0     1  2.16094e+00  0.00000e+00 -3.59129e-02     2, 96
   97    96     0     1  1.98950e+00  0.00000e+00 -2.91371e-02     2, 96
   97    96     0     1  1.87973e+00  0.00000e+00 -2.35461e-02     2, 96
   97    96     0     1  1.78614e+00  0.00000e+00 -1.88535e-02     2, 96
   97    96     0     1  1.71635e+00  0.00000e+00 -1.50566e-02     2, 96
   97    96     0     1  1.64975e+00  0.00000e+00 -1.33808e-02    28, 96
   97    96     0     1  1.60579e+00  0.00000e+00 -1.23065e-02    28, 96
   97    96     0     1  1.55549e+00  0.00000e+00 -1.18927e-02    30, 96
   97    96     0     1  1.53009e+00  0.00000e+00 -1.10744e-02    30, 96
   97    96     0     1  1.49859e+00  0.00000e+00 -1.05422e-02    30, 96
   97    96     0     1  1.48371e+00  0.00000e+00 -1.00222e-02    30, 96
   97    96     0     1  1.45641e+00  0.00000e+00 -9.06320e-03    28, 96
   97    96     0     1  1.44189e+00  0.00000e+00  8.92402e-03    63, 96
   97    96     0     1  1.43058e+00  0.00000e+00  8.31885e-03    63, 96
   97    96     0     1  1.42518e+00  0.00000e+00  8.28752e-03    63, 96
   97    96     0     1  1.41145e+00  0.00000e+00  7.82133e-03    63, 96
   97    96     0     1  1.41286e+00  0.00000e+00  7.57417e-03    63, 96
   97    96     0     1  1.40062e+00  0.00000e+00  7.64011e-03    63, 96
   97    96     0     1  1.39081e+00  0.00000e+00  7.21004e-03    63, 96
   97    96     0     1  1.39324e+00  0.00000e+00  7.06650e-03    63, 96
   97    96     0     1  1.38937e+00  0.00000e+00  6.79135e-03    63, 96
   97    96     0     1  1.38743e+00  0.00000e+00  6.69891e-03    63, 96
   97    96     0     1  1.38353e+00  0.00000e+00  6.45972e-03    63, 96
   97    96     0     1  1.37602e+00  0.00000e+00  6.23629e-03    63, 96
   97    96     0     1  1.37863e+00  0.00000e+00  6.26928e-03    61, 96
   97    96     0     1  1.37779e+00  0.00000e+00  6.03558e-03    63, 96
   97    96     0     1  1.37575e+00  0.00000e+00  5.90708e-03    63, 96
   97    96     0     1  1.37081e+00  0.00000e+00  5.95762e-03    63, 96
   97    96     0     1  1.37577e+00  0.00000e+00  5.73035e-03    61, 96
   97    96     0     1  1.37595e+00  0.00000e+00  5.73824e-03    63, 96
   97    96     0     1  1.37813e+00  0.00000e+00  5.56807e-03    63, 96
   97    96     0     1  1.36392e+00  0.00000e+00  5.53955e-03    63, 96
   97    96     0     1  1.38000e+00  0.00000e+00  5.43442e-03    63, 96
   97    96     0     1  1.36930e+00  0.00000e+00  5.30578e-03    63, 96
   97    96     0     1  1.36918e+00  0.00000e+00  5.29543e-03    63, 96
   97    96     0     1  1.36616e+00  0.00000e+00  5.13705e-03    63, 96
   97    96     0     1  1.36717e+00  0.00000e+00  5.08993e-03    63, 96
   97    96     0     1  1.36826e+00  0.00000e+00  5.03147e-03    63, 96
   97    96     0     1  1.37310e+00  0.00000e+00  4.94713e-03    63, 96
   97    96     0     1  1.37329e+00  0.00000e+00  4.89135e-03    63, 96
   97    96     0     1  1.36516e+00  0.00000e+00  4.82704e-03    61, 96
   97    96     0     1  1.36210e+00  0.00000e+00  4.79123e-03    61, 96
   97    96     0     1  1.37602e+00  0.00000e+00  4.82513e-03    63, 96
   97    96     0     1  1.37005e+00  0.00000e+00  4.81311e-03    63, 96
   97    96     0     1  1.37637e+00  0.00000e+00  4.58459e-03    61, 96
   97    96     0     1  1.35710e+00  0.00000e+00  4.58459e-03    63, 96
   97    96     0     1  1.35852e+00  0.00000e+00  4.65759e-03    63, 96
   97    96     0     1  1.36376e+00  0.00000e+00  4.49647e-03    61, 96
   97    96     0     1  1.36960e+00  0.00000e+00  4.49989e-03    63, 96
   97    96     0     1  1.37145e+00  0.00000e+00  4.43452e-03    61, 96
   97    96     0     1  1.35674e+00  0.00000e+00  4.49581e-03    63, 96
   97    96     0     1  1.37067e+00  0.00000e+00  4.41270e-03    63, 96
   97    96     0     1  1.36868e+00  0.00000e+00  4.27484e-03    61, 96
   97    96     0     1  1.36746e+00  0.00000e+00  4.37617e-03    63, 96
   97    96     0     1  1.36786e+00  0.00000e+00  4.21371e-03    63, 96
   97    96     0     1  1.36841e+00  0.00000e+00  4.22172e-03    63, 96
   97    96     0     1  1.36896e+00  0.00000e+00  4.27641e-03    63, 96
   97    96     0     1  1.36281e+00  0.00000e+00  4.12954e-03    61, 96
   97    96     0     1  1.37146e+00  0.00000e+00  4.10324e-03    63, 96
   97    96     0     1  1.36492e+00  0.00000e+00  4.01930e-03    61, 96
   97    96     0     1  1.36060e+00  0.00000e+00  4.12877e-03    63, 96
   97    96     0     1  1.36071e+00  0.00000e+00  4.01604e-03    63, 96
   97    96     0     1  1.35798e+00  0.00000e+00  3.87473e-03    61, 96
   97    96     0     1  1.37131e+00  0.00000e+00  3.86746e-03    63, 96
   97    96     0     1  1.35774e+00  0.00000e+00  3.87320e-03    63, 96
   97    96     0     1  1.36670e+00  0.00000e+00  4.02828e-03    63, 96
   97    96     0     1  1.37171e+00  0.00000e+00  3.98582e-03    63, 96
   97    96     0     1  1.36723e+00  0.00000e+00  3.85926e-03    63, 96
   97    96     0     1  1.37362e+00  0.00000e+00  3.78942e-03    63, 96
   97    96     0     1  1.36402e+00  0.00000e+00  3.80056e-03    63, 96
   97    96     0     1  1.36913e+00  0.00000e+00  3.59622e-03    61, 96
   97    96     0     1  1.36073e+00  0.00000e+00  3.84692e-03    63, 96
   97    96     0     1  1.36043e+00  0.00000e+00  3.74305e-03    61, 96
   97    96     0     1  1.35650e+00  0.00000e+00  3.69480e-03    63, 96
   97    96     0     1  1.36605e+00  0.00000e+00  3.70374e-03    63, 96
   97    96     0     1  1.37536e+00  0.00000e+00  3.68272e-03    63, 96
   97    96     0     1  1.36008e+00  0.00000e+00  3.75492e-03    63, 96
   97    96     0     1  1.35736e+00  0.00000e+00  3.81894e-03    63, 96
   97    96     0     1  1.36524e+00  0.00000e+00  3.75571e-03    63, 96
   97    96     0     1  1.36712e+00  0.00000e+00  3.70672e-03    63, 96
   97    96     0     1  1.36711e+00  0.00000e+00  3.78910e-03    61, 96
   97    96     0     1  1.36427e+00  0.00000e+00  3.90387e-03    63, 96
   97    96     0     1  1.35226e+00  0.00000e+00  3.86925e-03    63, 96
   97    96     0     1  1.35898e+00  0.00000e+00  4.02521e-03    63, 96
   97    96     0     1  1.37625e+00  0.00000e+00  4.24732e-03    63, 96
   97    96     0     1  1.36939e+00  0.00000e+00  4.44213e-03    63, 96
   97    96     0     1  1.36658e+00  0.00000e+00  4.22723e-03    61, 96
   97    96     0     1  1.36065e+00  0.00000e+00  4.70608e-03    63, 96
   97    96     0     1  1.35750e+00  0.00000e+00  4.70689e-03    63, 96
   97    96     0     1  1.36995e+00  0.00000e+00  5.04386e-03    63, 96
   97    96     0     1  1.37390e+00  0.00000e+00  4.84111e-03    63, 96
   97    96     0     1  1.37069e+00  0.00000e+00  4.46396e-03    63, 96
   97    96     0     1  1.35736e+00  0.00000e+00  4.89545e-03    57, 96
   97    96     0     1  1.36629e+00  0.00000e+00  1.93382e-03    61, 96
   97    96     0     1  1.36027e+00  0.00000e+00  2.14577e-03    55, 96
   97    96     0     1  1.36693e+00  0.00000e+00  1.97645e-03    57, 96
   97    96     0     1  1.36526e+00  0.00000e+00  1.43117e-03    47, 96
   97    96     0     1  1.37088e+00  0.00000e+00  1.75296e-03    57, 96
   97    96     0     1  1.36340e+00  0.00000e+00  1.54321e-03    49, 96
   97    96     0     1  1.36721e+00  0.00000e+00  1.55879e-03    61, 96
   97    96     0     1  1.35571e+00  0.00000e+00  1.73428e-03    53, 96
   97    96     0     1  1.37551e+00  0.00000e+00  1.40747e-03    55, 96
   97    96     0     1  1.36981e+00  0.00000e+00  1.63642e-03    57, 96
   97    96     0     1  1.36367e+00  0.00000e+00  1.83128e-03    90, 96
   97    96     0     1  1.36143e+00  0.00000e+00  1.81365e-03    24, 96
   97    96     0     1  1.35129e+00  0.00000e+00  1.52004e-03    57, 96
   97    96     0     1  1.37326e+00  0.00000e+00 -1.51098e-03    26, 96
   97    96     0     1  1.36993e+00  0.00000e+00 -1.40116e-03    26, 96
   97    96     0     1  1.37286e+00  0.00000e+00 -1.59782e-03    26, 96
   97    96     0     1  1.37049e+00  0.00000e+00 -1.30940e-03    26, 96
   97    96     0     1  1.35824e+00  0.00000e+00 -1.55227e-03    26, 96
   97    96     0     1  1.37308e+00  0.00000e+00  1.54401e-03    53, 96
   97    96     0     1  1.35907e+00  0.00000e+00  1.37351e-03    57, 96
   97    96     0     1  1.36231e+00  0.00000e+00  1.33690e-03    53, 96
   97    96     0     1  1.36802e+00  0.00000e+00 -1.41995e-03    26, 96
   97    96     0     1  1.36678e+00  0.00000e+00  1.15054e-03    53, 96
   97    96     0     1  1.36652e+00  0.00000e+00  1.00229e-03    55, 96
   97    96     0     1  1.37341e+00  0.00000e+00 -1.31701e-03    26, 96
   97    96     0     1  1.36939e+00  0.00000e+00 -1.11324e-03    26, 96
   97    96     0     1  1.36252e+00  0.00000e+00  1.14026e-03    57, 96
   97    96     0     1  1.36001e+00  0.00000e+00 -1.12316e-03    26, 96
   97    96     0     1  1.35692e+00  0.00000e+00  8.92584e-04    51, 93
   97    96     0     1  1.36796e+00  0.00000e+00  7.07918e-04    57, 96
   97    96     0     1  1.36300e+00  0.00000e+00 -1.19720e-03    26, 96
   97    96     0     1  1.36271e+00  0.00000e+00 -6.54002e-04    26, 96
   97    96     0     1  1.36382e+00  0.00000e+00  7.65549e-04    57, 96
   97    96     0     1  1.35693e+00  0.00000e+00 -6.90251e-04    26, 96
   97    96     0     1  1.36220e+00  0.00000e+00  6.60626e-04    45, 79
   97    96     0     1  1.36869e+00  0.00000e+00 -8.84253e-04    26, 81
   97    96     0     1  1.36485e+00  0.00000e+00  7.08890e-04    49, 77
   97    96     0     1  1.35879e+00  0.00000e+00  7.51917e-04    53, 91
   97    96     0     1  1.36127e+00  0.00000e+00  9.32151e-04    49, 93
   97    96     0     1  1.37269e+00  0.00000e+00 -4.66465e-04    26, 77
   97    96     0     1  1.36142e+00  0.00000e+00  6.82906e-04    51, 90
   97    96     0     1  1.36438e+00  0.00000e+00 -6.16680e-04    26, 82
   97    96     0     1  1.35890e+00  0.00000e+00  7.32295e-04    57, 90
   97    96     0     1  1.36151e+00  0.00000e+00  6.48339e-04    20, 78
   97    96     0     1  1.36755e+00  0.00000e+00 -5.21411e-04    26, 75
   97    96     0     1  1.36662e+00  0.00000e+00  7.40649e-04    63, 96
   97    96     0     1  1.36554e+00  0.00000e+00 -5.10106e-04    54, 78
   97    96     0     1  1.36423e+00  0.00000e+00  7.73341e-04    53, 80
   97    96     0     1  1.36632e+00  0.00000e+00  4.39677e-04    47, 75
   97    96     0     1  1.36842e+00  0.00000e+00  6.31729e-04    49, 81
   97    96     0     1  1.36834e+00  0.00000e+00  5.57156e-04    57, 79
   97    96     0     1  1.35374e+00  0.00000e+00  5.23534e-04    45, 87
   97    96     0     1  1.36386e+00  0.00000e+00  5.14770e-04    57, 77
   97    96     0     1  1.36604e+00  0.00000e+00  4.83742e-04    55, 81
   97    96     0     1  1.36927e+00  0.00000e+00  4.48397e-04    55, 78
   97    96     0     1  1.36427e+00  0.00000e+00  5.29190e-04    47, 83
   97    96     0     1  1.37459e+00  0.00000e+00  4.72847e-04    49, 81
   97    96     0     1  1.36605e+00  0.00000e+00  4.26330e-04    53, 83
   97    96     0     1  1.35256e+00  0.00000e+00  6.69834e-04    27, 90
   97    96     0     1  1.36930e+00  0.00000e+00  5.25741e-04    53, 90
   97    96     0     1  1.36765e+00  0.00000e+00  4.09797e-04    57, 77
   97    96     0     1  1.35875e+00  0.00000e+00  4.11180e-04    57, 76
   97    96     0     1  1.35536e+00  0.00000e+00  4.68244e-04    57, 83
   97    96     0     1  1.36255e+00  0.00000e+00  6.18499e-04    49, 92
   97    96     0     1  1.37005e+00  0.00000e+00 -3.99693e-04    50, 81
   97    96     0     1  1.36031e+00  0.00000e+00 -4.87071e-04    78, 80
   97    96     0     1  1.35959e+00  0.00000e+00  7.39695e-04    47, 77
   97    96     0     1  1.36430e+00  0.00000e+00 -4.35027e-04    82, 84
   97    96     0     1  1.35320e+00  0.00000e+00  3.32560e-04    43, 62
   97    96     0     1  1.36869e+00  0.00000e+00  4.61928e-04    47, 74
   97    96     0     1  1.35918e+00  0.00000e+00  5.58482e-04    49, 92
   97    96     0     1  1.37039e+00  0.00000e+00  6.03470e-04    53, 81
   97    96     0     1  1.36646e+00  0.00000e+00 -5.28490e-04    82, 80
   97    96     0     1  1.37427e+00  0.00000e+00  4.87298e-04    49, 79
   97    96     0     1  1.36664e+00  0.00000e+00  3.49693e-04    64, 79
   97    96     0     1  1.36475e+00  0.00000e+00  5.50368e-04    25, 74
   97    96     0     1  1.36016e+00  0.00000e+00 -4.97474e-04    52, 79
   97    96     0     1  1.36099e+00  0.00000e+00  6.11730e-04    63, 93
   97    96     0     1  1.36861e+00  0.00000e+00 -3.26653e-04    92, 62
   97    96     0     1  1.37007e+00  0.00000e+00  4.70832e-04    57, 86
   97    96     0     1  1.37537e+00  0.00000e+00  3.86352e-04    53, 76
   97    96     0     1  1.36465e+00  0.00000e+00  5.10225e-04    49, 76
   97    96     0     1  1.36141e+00  0.00000e+00  4.45168e-04    27, 78
   97    96     0     1  1.36841e+00  0.00000e+00  5.64689e-04    51, 77
   97    96     0     1  1.36960e+00  0.00000e+00 -3.08205e-04    48, 61
   97    96     0     1  1.36457e+00  0.00000e+00 -4.56011e-04    83, 81
   97    96     0     1  1.35521e+00  0.00000e+00  2.99187e-04    75, 71
   97    96     0     1  1.37125e+00  0.00000e+00  5.09921e-04    59, 78
   97    96     0     1  1.36686e+00  0.00000e+00  3.41724e-04    49, 72
   97    96     0     1  1.36842e+00  0.00000e+00  3.78017e-04    47, 72
   97    96     0     1  1.36373e+00  0.00000e+00 -4.30410e-04    50, 66
   97    96     0     1  1.36754e+00  0.00000e+00  5.76365e-04    49, 77
   97    96     0     1  1.36463e+00  0.00000e+00 -2.84347e-04    81, 66
   97    96     0     1  1.36731e+00  0.00000e+00  3.17639e-04    27, 75
   97    96     0     1  1.37625e+00  0.00000e+00  2.57242e-04    95, 66
   97    96     0     1  1.36844e+00  0.00000e+00 -3.15359e-04    77, 64
   97    96     0     1  1.35968e+00  0.00000e+00 -3.96805e-04    52, 62
   97    96     0     1  1.36225e+00  0.00000e+00 -3.62828e-04    50, 67
   97    96     0     1  1.36525e+00  0.00000e+00 -4.84287e-04    52, 79
   97    96     0     1  1.38122e+00  0.00000e+00  5.68964e-04    49, 71
   97    96     0     1  1.37376e+00  0.00000e+00  3.35726e-04    53, 72
   97    96     0     1  1.36587e+00  0.00000e+00 -2.42027e-04    64, 62
   97    96     0     1  1.37124e+00  0.00000e+00 -4.55699e-04    50, 80
   97    96     0     1  1.37337e+00  0.00000e+00 -4.30887e-04    48, 66
   97    96     0     1  1.36673e+00  0.00000e+00  4.86226e-04    47, 82
   97    96     0     1  1.37117e+00  0.00000e+00  2.80134e-04    57, 61
   97    96     0     1  1.36518e+00  0.00000e+00  4.64615e-04    59, 83
   97    96     0     1  1.36475e+00  0.00000e+00 -3.28966e-04    78, 72
   97    96     0     1  1.35767e+00  0.00000e+00 -2.39651e-04    78, 62
   97    96     0     1  1.36804e+00  0.00000e+00  2.23783e-04    49, 62
   97    96     0     1  1.37032e+00  0.00000e+00  5.00351e-04    49, 79
   97    96     0     1  1.37198e+00  0.00000e+00  2.98808e-04    53, 62
   97    96     0     1  1.36140e+00  0.00000e+00 -3.34272e-04    51, 61
   97    96     0     1  1.36589e+00  0.00000e+00  3.76848e-04    51, 80
   97    96     0     1  1.36505e+00  0.00000e+00 -3.91457e-04    48, 78
   97    96     0     1  1.36401e+00  0.00000e+00  2.99211e-04    96, 62
   97    96     0     1  1.36041e+00  0.00000e+00 -3.69186e-04    64, 61
   97    96     0     1  1.36375e+00  0.00000e+00  4.66419e-04    64, 62
   97    96     0     1  1.36890e+00  0.00000e+00  5.62607e-04    51, 78
   97    96     0     1  1.35919e+00  0.00000e+00 -2.04464e-04    84, 61
   97    96     0     1  1.36316e+00  0.00000e+00  4.79014e-04    49, 74
   97    96     0     1  1.37066e+00  0.00000e+00  3.28675e-04    47, 62
   97    96     0     1  1.36326e+00  0.00000e+00 -5.92612e-04    82, 75
   97    96     0     1  1.37295e+00  0.00000e+00  4.23439e-04    82, 75
   97    96     0     1  1.37065e+00  0.00000e+00 -3.29677e-04    62, 75
   97    96     0     1  1.36306e+00  0.00000e+00 -3.07775e-04    96, 62
   97    96     0     1  1.36831e+00  0.00000e+00 -3.61045e-04    80, 75
   97    96     0     1  1.36794e+00  0.00000e+00 -3.97660e-04    48, 62
   97    96     0     1  1.36780e+00  0.00000e+00 -4.30346e-04    81, 74
   97    96     0     1  1.35689e+00  0.00000e+00 -5.28230e-04    52, 75
   97    96     0     1  1.36652e+00  0.00000e+00  3.67312e-04    53, 62
   97    96     0     1  1.36228e+00  0.00000e+00  3.31384e-04    49, 70
   97    96     0     1  1.36249e+00  0.00000e+00 -3.24875e-04    64, 61
   97    96     0     1  1.37024e+00  0.00000e+00  4.23796e-04    53, 76
   97    96     0     1  1.36724e+00  0.00000e+00  5.11998e-04    49, 84
   97    96     0     1  1.36949e+00  0.00000e+00  4.41954e-04    47, 78
   97    96     0     1  1.37104e+00  0.00000e+00  2.90217e-04    53, 62
   97    96     0     1  1.37033e+00  0.00000e+00 -5.82221e-04    80, 76
   97    96     0     1  1.36619e+00  0.00000e+00 -4.19647e-04    82, 78
   97    96     0     1  1.36915e+00  0.00000e+00 -2.84679e-04    91, 62
   97    96     0     1  1.36779e+00  0.00000e+00  3.59264e-04    63, 62
   97    96     0     1  1.36809e+00  0.00000e+00  3.50076e-04    51, 69
   97    96     0     1  1.36567e+00  0.00000e+00 -2.65603e-04    83, 61
   97    96     0     1  1.37143e+00  0.00000e+00 -2.93179e-04    96, 62
   97    96     0     1  1.36716e+00  0.00000e+00 -3.88951e-04    64, 61
   97    96     0     1  1.36100e+00  0.00000e+00  4.65344e-04    51, 80
   97    96     0     1  1.35402e+00  0.00000e+00 -3.23818e-04    48, 62
   97    96     0     1  1.37457e+00  0.00000e+00  2.58292e-04    45, 62
   97    96     0     1  1.36265e+00  0.00000e+00  4.74542e-04    61, 77
   97    96     0     1  1.37096e+00  0.00000e+00  2.93518e-04    49, 62
   97    96     0     1  1.36107e+00  0.00000e+00  3.67413e-04    53, 85
   97    96     0     1  1.35957e+00  0.00000e+00  3.26176e-04    61, 66
   97    96     0     1  1.38066e+00  0.00000e+00 -4.98644e-04    79, 85
   97    96     0     1  1.34907e+00  0.00000e+00 -2.34267e-04    82, 61
   97    96     0     1  1.37014e+00  0.00000e+00 -2.34579e-04    84, 62
   97    96     0     1  1.36791e+00  0.00000e+00  4.00986e-04    53, 72
   97    96     0     1  1.36271e+00  0.00000e+00  4.44113e-04    96, 69
   97    96     0     1  1.35720e+00  0.00000e+00 -4.77826e-04    83, 81
   97    96     0     1  1.36458e+00  0.00000e+00 -7.53266e-04    80, 96
   97    96     0     1  1.36663e+00  0.00000e+00 -3.33946e-04    52, 70
   97    96     0     1  1.36130e+00  0.00000e+00 -2.78179e-04    81, 61
   97    96     0     1  1.36372e+00  0.00000e+00  2.89611e-04    96, 61
   97    96     0     1  1.36172e+00  0.00000e+00 -2.49991e-04    48, 62
   97    96     0     1  1.37473e+00  0.00000e+00 -4.79050e-04    25, 77
   97    96     0     1  1.36914e+00  0.00000e+00 -3.70062e-04    94, 71
   97    96     0     1  1.36985e+00  0.00000e+00 -2.64591e-04    81, 64
   97    96     0     1  1.37127e+00  0.00000e+00 -2.10216e-04    48, 62
   97    96     0     1  1.36405e+00  0.00000e+00 -2.79874e-04    83, 73
   97    96     0     1  1.36102e+00  0.00000e+00 -3.05961e-04    50, 66
   97    96     0     1  1.37147e+00  0.00000e+00 -2.77178e-04    82, 62
   97    96     0     1  1.36468e+00  0.00000e+00 -2.42515e-04    50, 62
   97    96     0     1  1.35822e+00  0.00000e+00 -2.99449e-04    82, 73
   97    96     0     1  1.36627e+00  0.00000e+00 -3.93200e-04    80, 75
   97    96     0     1  1.37359e+00  0.00000e+00 -6.11940e-04    96, 83
   97    96     0     1  1.37269e+00  0.00000e+00  5.01117e-04    96, 75
   97    96     0     1  1.35811e+00  0.00000e+00 -3.46350e-04    96, 70
   97    96     0     1  1.36019e+00  0.00000e+00 -2.35425e-04    83, 60
   97    96     0     1  1.35676e+00  0.00000e+00 -4.14712e-04    82, 62
   97    96     0     1  1.36463e+00  0.00000e+00  2.92892e-04    63, 61
   97    96     0     1  1.36789e+00  0.00000e+00 -3.73451e-04    46, 68
   97    96     0     1  1.36659e+00  0.00000e+00 -5.48641e-04    50, 73
   97    96     0     1  1.37093e+00  0.00000e+00 -3.55248e-04    82, 61
   97    96     0     1  1.35403e+00  0.00000e+00 -2.19579e-04    96, 62
   97    96     0     1  1.36836e+00  0.00000e+00  3.29278e-04    81, 62
   97    96     0     1  1.37016e+00  0.00000e+00 -2.62359e-04    81, 62
   97    96     0     1  1.36870e+00  0.00000e+00 -3.83886e-04    25, 73
   97    96     0     1  1.36056e+00  0.00000e+00 -3.83791e-04    82, 61
   97    96     0     1  1.36250e+00  0.00000e+00 -4.12158e-04    25, 73
   97    96     0     1  1.37134e+00  0.00000e+00 -3.51150e-04    82, 62
   97    96     0     1  1.36426e+00  0.00000e+00  3.28798e-04    47, 72
   97    96     0     1  1.37134e+00  0.00000e+00 -3.58722e-04    84, 75
   97    96     0     1  1.36280e+00  0.00000e+00 -4.85369e-04    90, 79
   97    96     0     1  1.36965e+00  0.00000e+00 -2.67834e-04    83, 62
   97    96     0     1  1.37012e+00  0.00000e+00  2.47065e-04    49, 62
   97    96     0     1  1.38124e+00  0.00000e+00 -3.49868e-04    52, 73
   97    96     0     1  1.37226e+00  0.00000e+00 -3.43499e-04    19, 73
   97    96     0     1  1.36762e+00  0.00000e+00 -2.41069e-04    82, 54
   97    96     0     1  1.35080e+00  0.00000e+00 -4.01504e-04    94, 72
   97    96     0     1  1.35707e+00  0.00000e+00 -2.77827e-04    95, 71
   97    96     0     1  1.36585e+00  0.00000e+00  2.87429e-04    49, 71
   97    96     0     1  1.36001e+00  0.00000e+00  2.62178e-04    82, 62
   97    96     0     1  1.36333e+00  0.00000e+00 -2.14666e-04    82, 61
   97    96     0     1  1.35909e+00  0.00000e+00 -2.79136e-04    82, 62
   97    96     0     1  1.34872e+00  0.00000e+00 -1.99734e-04    95, 56
   97    96     0     1  1.36197e+00  0.00000e+00 -3.60191e-04    48, 69
   97    96     0     1  1.36148e+00  0.00000e+00  3.66861e-04    48, 69
   97    96     0     1  1.36529e+00  0.00000e+00 -2.97553e-04    80, 64
   97    96     0     1  1.36487e+00  0.00000e+00  4.35497e-04    49, 73
   97    96     0     1  1.36850e+00  0.00000e+00 -3.04971e-04    83, 74
   97    96     0     1  1.35983e+00  0.00000e+00 -3.30629e-04    17, 62
   97    96     0     1  1.36949e+00  0.00000e+00 -2.72015e-04    62, 72
   97    96     0     1  1.37051e+00  0.00000e+00  3.63095e-04    51, 62
   97    96     0     1  1.35513e+00  0.00000e+00  2.97030e-04    53, 71
   97    96     0     1  1.35951e+00  0.00000e+00 -4.75323e-04    25, 78
   97    96     0     1  1.36447e+00  0.00000e+00  3.74240e-04    47, 71
   97    96     0     1  1.36790e+00  0.00000e+00 -5.33820e-04    50, 68
   97    96     0     1  1.36912e+00  0.00000e+00 -3.66061e-04    80, 75
   97    96     0     1  1.36535e+00  0.00000e+00 -2.01607e-04    81, 47
   97    96     0     1  1.36712e+00  0.00000e+00 -2.79339e-04    62, 61
   97    96     0     1  1.37410e+00  0.00000e+00 -3.42850e-04    25, 75
   97    96     0     1  1.37100e+00  0.00000e+00 -2.12023e-04    64, 63
   97    96     0     1  1.37014e+00  0.00000e+00 -3.93551e-04    84, 74
   97    96     0     1  1.36662e+00  0.00000e+00  2.00583e-04    57, 62
   97    96     0     1  1.36964e+00  0.00000e+00 -3.00449e-04    78, 64
   97    96     0     1  1.35985e+00  0.00000e+00  2.11744e-04    21, 61
   97    96     0     1  1.36369e+00  0.00000e+00 -2.71249e-04    80, 62
   97    96     0     1  1.37041e+00  0.00000e+00 -4.67032e-04    25, 90
   97    96     0     1  1.37425e+00  0.00000e+00  2.98139e-04    49, 69
   97    96     0     1  1.37110e+00  0.00000e+00  2.68646e-04    81, 62
   97    96     0     1  1.35954e+00  0.00000e+00 -4.09388e-04    81, 69
   97    96     0     1  1.37475e+00  0.00000e+00  2.46837e-04    81, 61
   97    96     0     1  1.36551e+00  0.00000e+00  2.73194e-04    82, 57
   97    96     0     1  1.36631e+00  0.00000e+00 -3.16627e-04    82, 56
   97    96     0     1  1.35727e+00  0.00000e+00 -2.30868e-04    52, 71
   97    96     0     1  1.36021e+00  0.00000e+00  3.61815e-04    95, 62
   97    96     0     1  1.37098e+00  0.00000e+00 -2.77255e-04    95, 61
   97    96     0     1  1.36242e+00  0.00000e+00  2.78126e-04    16, 64
   97    96     0     1  1.36692e+00  0.00000e+00  1.75295e-04    49, 54
   97    96     0     1  1.37314e+00  0.00000e+00 -4.14503e-04    52, 62
   97    96     0     1  1.36863e+00  0.00000e+00 -3.99964e-04    48, 74
   97    96     0     1  1.36375e+00  0.00000e+00 -2.33181e-04    81, 66
   97    96     0     1  1.36534e+00  0.00000e+00  3.22988e-04    51, 62
   97    96     0     1  1.35590e+00  0.00000e+00  3.14108e-04    53, 64
   97    96     0     1  1.36569e+00  0.00000e+00 -2.94662e-04    81, 67
   97    96     0     1  1.37009e+00  0.00000e+00 -3.92428e-04    25, 83
   97    96     0     1  1.36183e+00  0.00000e+00  3.37027e-04    63, 72
   97    96     0     1  1.36308e+00  0.00000e+00  2.23505e-04    49, 62
   97    96     0     1  1.36103e+00  0.00000e+00  2.40007e-04    64, 62
   97    96     0     1  1.36571e+00  0.00000e+00 -2.39066e-04    82, 56
   97    96     0     1  1.37488e+00  0.00000e+00  3.08608e-04    96, 56
   97    96     0     1  1.36411e+00  0.00000e+00  4.10263e-04    49, 74
   97    96     0     1  1.37215e+00  0.00000e+00  4.19383e-04    47, 79
   97    96     0     1  1.36541e+00  0.00000e+00  3.03429e-04    59, 69
   97    96     0     1  1.36523e+00  0.00000e+00  2.15823e-04    63, 62
   97    96     0     1  1.37503e+00  0.00000e+00 -2.71442e-04    82, 73
   97    96     0     1  1.37583e+00  0.00000e+00  3.26749e-04    51, 74
   97    96     0     1  1.36599e+00  0.00000e+00  2.50133e-04    95, 60
   97    96     0     1  1.36014e+00  0.00000e+00  1.65169e-04    63, 46
   97    96     0     1  1.36359e+00  0.00000e+00 -3.05951e-04    48, 64
   97    96     0     1  1.36717e+00  0.00000e+00 -2.41749e-04    25, 66
   97    96     0     1  1.37103e+00  0.00000e+00 -2.49055e-04    96, 61
   97    96     0     1  1.36410e+00  0.00000e+00  3.32789e-04    53, 70
   97    96     0     1  1.36699e+00  0.00000e+00 -3.10393e-04    96, 76
   97    96     0     1  1.37970e+00  0.00000e+00 -2.58581e-04    50, 61
   97    96     0     1  1.35769e+00  0.00000e+00 -2.36630e-04    81, 66
   97    96     0     1  1.36386e+00  0.00000e+00 -1.96291e-04    64, 58
   97    96     0     1  1.36505e+00  0.00000e+00  3.24213e-04    17, 62
   97    96     0     1  1.36808e+00  0.00000e+00 -3.70259e-04    52, 63
   97    96     0     1  1.36939e+00  0.00000e+00 -1.88094e-04    50, 61
   97    96     0     1  1.35176e+00  0.00000e+00  3.69337e-04    49, 82
   97    96     0     1  1.36480e+00  0.00000e+00  3.45853e-04    50, 67
   97    96     0     1  1.37065e+00  0.00000e+00 -2.70056e-04    48, 75
   97    96     0     1  1.37388e+00  0.00000e+00 -2.21015e-04    52, 74
   97    96     0     1  1.36660e+00  0.00000e+00 -2.94184e-04    48, 71
   97    96     0     1  1.37189e+00  0.00000e+00  3.24328e-04    16, 73
   97    96     0     1  1.36663e+00  0.00000e+00  2.06254e-04    49, 56
   97    96     0     1  1.36388e+00  0.00000e+00 -2.73603e-04    95, 71
   97    96     0     1  1.36809e+00  0.00000e+00 -4.75717e-04    25, 81
   97    96     0     1  1.35367e+00  0.00000e+00 -2.63479e-04    96, 65
   97    96     0     1  1.36708e+00  0.00000e+00 -2.49491e-04    83, 60
   97    96     0     1  1.36847e+00  0.00000e+00  3.55583e-04    51, 65
   97    96     0     1  1.35711e+00  0.00000e+00  1.82482e-04    59, 56
   97    96     0     1  1.36586e+00  0.00000e+00 -3.40681e-04    50, 56
   97    96     0     1  1.36364e+00  0.00000e+00 -1.61191e-04    82, 45
   97    96     0     1  1.37196e+00  0.00000e+00  1.28519e-04    49, 45
   97    96     0     1  1.36692e+00  0.00000e+00  3.88080e-04    51, 61
   97    96     0     1  1.36248e+00  0.00000e+00 -2.46282e-04    95, 54
   97    96     0     1  1.36111e+00  0.00000e+00 -2.93261e-04    91, 66
   97    96     0     1  1.35545e+00  0.00000e+00  2.87776e-04    95, 65
   97    96     0     1  1.36404e+00  0.00000e+00 -2.29482e-04    83, 70
   97    96     0     1  1.36299e+00  0.00000e+00 -4.27984e-04    81, 75
   97    96     0     1  1.37484e+00  0.00000e+00  3.19500e-04    81, 66
   97    96     0     1  1.36612e+00  0.00000e+00 -4.44325e-04    50, 63
   97    96     0     1  1.36390e+00  0.00000e+00 -2.72297e-04    82, 55
   97    96     0     1  1.35338e+00  0.00000e+00  2.18892e-04    47, 65
   97    96     0     1  1.36092e+00  0.00000e+00  2.63270e-04    49, 62
   97    96     0     1  1.36284e+00  0.00000e+00  1.95174e-04    63, 60
   97    96     0     1  1.37082e+00  0.00000e+00 -2.13449e-04    82, 62
   97    96     0     1  1.36644e+00  0.00000e+00 -3.19381e-04    82, 62
   97    96     0     1  1.37187e+00  0.00000e+00 -2.83023e-04    94, 66
   97    96     0     1  1.36785e+00  0.00000e+00 -3.23553e-04    83, 65
   97    96     0     1  1.37575e+00  0.00000e+00 -3.25777e-04    64, 75
   97    96     0     1  1.36752e+00  0.00000e+00 -2.50192e-04    81, 56
   97    96     0     1  1.36448e+00  0.00000e+00  1.93836e-04    47, 61
   97    96     0     1  1.36790e+00  0.00000e+00  2.47367e-04    81, 56
   97    96     0     1  1.35280e+00  0.00000e+00 -2.39234e-04    48, 66
   97    96     0     1  1.36472e+00  0.00000e+00  2.82893e-04    49, 62
   97    96     0     1  1.36350e+00  0.00000e+00  1.99569e-04    48, 50
   97    96     0     1  1.36442e+00  0.00000e+00 -2.10510e-04    82, 45
   97    96     0     1  1.35790e+00  0.00000e+00 -3.26102e-04    81, 70
   97    96     0     1  1.36540e+00  0.00000e+00 -2.18393e-04    82, 53
   97    96     0     1  1.37214e+00  0.00000e+00  2.59166e-04    14, 70
   97    96     0     1  1.36788e+00  0.00000e+00 -2.00616e-04    64, 54
   97    96     0     1  1.36944e+00  0.00000e+00 -2.06316e-04    81, 57
   97    96     0     1  1.36353e+00  0.00000e+00  1.39287e-04    51, 45
   97    96     0     1  1.37749e+00  0.00000e+00  2.10438e-04    95, 53
   97    96     0     1  1.36722e+00  0.00000e+00 -2.26624e-04    50, 57
   97    96     0     1  1.36243e+00  0.00000e+00  2.34324e-04    26, 64
   97    96     0     1  1.37056e+00  0.00000e+00 -2.36151e-04    96, 62
   97    96     0     1  1.35962e+00  0.00000e+00 -2.06983e-04    95, 67
   97    96     0     1  1.36194e+00  0.00000e+00  2.18332e-04    81, 53
   97    96     0     1  1.36055e+00  0.00000e+00  2.59922e-04    49, 47
   97    96     0     1  1.36944e+00  0.00000e+00  3.44835e-04    49, 79
   97    96     0     1  1.37160e+00  0.00000e+00 -2.80777e-04    50, 62
   97    96     0     1  1.36399e+00  0.00000e+00  1.56390e-04    95, 45
   97    96     0     1  1.35876e+00  0.00000e+00  3.47793e-04    47, 74
   97    96     0     1  1.37134e+00  0.00000e+00 -2.73403e-04    62, 66
   97    96     0     1  1.36177e+00  0.00000e+00  3.53103e-04    94, 73
   97    96     0     1  1.36876e+00  0.00000e+00 -2.87385e-04    82, 53
   97    96     0     1  1.36838e+00  0.00000e+00 -2.85253e-04    50, 54
   97    96     0     1  1.35816e+00  0.00000e+00  2.36369e-04    95, 54
   97    96     0     1  1.36574e+00  0.00000e+00  2.43681e-04    82, 62
   97    96     0     1  1.35877e+00  0.00000e+00 -2.58396e-04    95, 66
   97    96     0     1  1.36442e+00  0.00000e+00 -3.53621e-04    82, 64
   97    96     0     1  1.36913e+00  0.00000e+00 -2.89709e-04    79, 65
   97    96     0     1  1.37006e+00  0.00000e+00 -1.70600e-04    47, 53
   97    96     0     1  1.36008e+00  0.00000e+00 -2.89128e-04    64, 65
   97    96     0     1  1.37180e+00  0.00000e+00  2.12365e-04    52, 64
   97    96     0     1  1.36509e+00  0.00000e+00 -3.54393e-04    51, 64
   97    96     0     1  1.35827e+00  0.00000e+00 -2.05515e-04    64, 53
   97    96     0     1  1.37502e+00  0.00000e+00 -2.52925e-04    96, 53
   97    96     0     1  1.37693e+00  0.00000e+00  2.25113e-04    90, 56
   97    96     0     1  1.36614e+00  0.00000e+00 -2.67168e-04    82, 57
   97    96     0     1  1.37018e+00  0.00000e+00 -2.43710e-04    49, 48
   97    96     0     1  1.36463e+00  0.00000e+00 -2.02565e-04    64, 54
   97    96     0     1  1.37004e+00  0.00000e+00 -1.88154e-04    51, 52
   97    96     0     1  1.36930e+00  0.00000e+00 -4.64852e-04    25, 75
   97    96     0     1  1.35880e+00  0.00000e+00  2.70288e-04    47, 64
   97    96     0     1  1.36732e+00  0.00000e+00 -3.14273e-04    46, 65
   97    96     0     1  1.36328e+00  0.00000e+00 -1.90039e-04    95, 48
   97    96     0     1  1.36330e+00  0.00000e+00 -3.68493e-04    96, 62
   97    96     0     1  1.35948e+00  0.00000e+00 -2.64401e-04    64, 46
   97    96     0     1  1.37494e+00  0.00000e+00  2.03812e-04    95, 62
   97    96     0     1  1.36345e+00  0.00000e+00  2.94560e-04    51, 65
   97    96     0     1  1.36271e+00  0.00000e+00 -2.67318e-04    94, 66
   97    96     0     1  1.36939e+00  0.00000e+00  3.51201e-04    63, 72
   97    96     0     1  1.36902e+00  0.00000e+00  2.89743e-04    47, 57
   97    96     0     1  1.37180e+00  0.00000e+00  2.67894e-04    28, 66
   97    96     0     1  1.37401e+00  0.00000e+00 -2.87324e-04    80, 46
   97    96     0     1  1.36766e+00  0.00000e+00  2.96498e-04    80, 63
   97    96     0     1  1.36842e+00  0.00000e+00 -2.11358e-04    82, 58
   97    96     0     1  1.37646e+00  0.00000e+00  2.16473e-04    50, 48
   97    96     0     1  1.36146e+00  0.00000e+00 -2.08545e-04    50, 52
   97    96     0     1  1.36985e+00  0.00000e+00 -1.03199e-04    81, 42
   97    96     0     1  1.36504e+00  0.00000e+00 -1.82304e-04    96, 54
   97    96     0     1  1.37520e+00  0.00000e+00  1.82073e-04    95, 54
   97    96     0     1  1.38088e+00  0.00000e+00 -2.32250e-04    50, 54
   97    96     0     1  1.36823e+00  0.00000e+00 -1.69659e-04    95, 62
   97    96     0     1  1.36429e+00  0.00000e+00 -2.18753e-04    96, 53
   97    96     0     1  1.37289e+00  0.00000e+00 -2.11910e-04    83, 61
   97    96     0     1  1.37622e+00  0.00000e+00  2.12165e-04    49, 54
   97    96     0     1  1.36849e+00  0.00000e+00 -2.60355e-04    95, 44
   97    96     0     1  1.36348e+00  0.00000e+00 -1.79902e-04    49, 54
   97    96     0     1  1.35993e+00  0.00000e+00 -2.38584e-04    81, 57
   97    96     0     1  1.37406e+00  0.00000e+00  1.54590e-04    47, 53
   97    96     0     1  1.36830e+00  0.00000e+00 -1.92990e-04    81, 53
   97    96     0     1  1.36851e+00  0.00000e+00  2.67583e-04    81, 47
   97    96     0     1  1.36547e+00  0.00000e+00  3.35355e-04    63, 62
   97    96     0     1  1.37376e+00  0.00000e+00 -1.86253e-04    95, 53
   97    96     0     1  1.37013e+00  0.00000e+00 -2.15523e-04    53, 58
   97    96     0     1  1.36200e+00  0.00000e+00  1.58810e-04    64, 47
   97    96     0     1  1.36470e+00  0.00000e+00 -2.58463e-04    25, 53
   97    96     0     1  1.37481e+00  0.00000e+00  2.48222e-04    95, 53
   97    96     0     1  1.36844e+00  0.00000e+00 -2.03067e-04    95, 56
   97    96     0     1  1.36576e+00  0.00000e+00  2.01070e-04    49, 45
   97    96     0     1  1.36889e+00  0.00000e+00 -2.26563e-04    49, 53
   97    96     0     1  1.36308e+00  0.00000e+00  2.01158e-04    63, 52
   97    96     0     1  1.37812e+00  0.00000e+00 -2.61628e-04    51, 63
   97    96     0     1  1.36487e+00  0.00000e+00 -1.89795e-04    64, 54
   97    96     0     1  1.37718e+00  0.00000e+00  2.78202e-04    49, 54
   97    96     0     1  1.37059e+00  0.00000e+00 -2.74835e-04    49, 55
   97    96     0     1  1.36795e+00  0.00000e+00  1.26688e-04    49, 42
   97    96     0     1  1.36905e+00  0.00000e+00  2.77211e-04    47, 61
   97    96     0     1  1.36530e+00  0.00000e+00  2.24414e-04    53, 67
   97    96     0     1  1.36367e+00  0.00000e+00  2.42630e-04    96, 46
   97    96     0     1  1.36648e+00  0.00000e+00 -2.66164e-04    90, 62
   97    96     0     1  1.37535e+00  0.00000e+00  1.92664e-04    80, 53
   97    96     0     1  1.36525e+00  0.00000e+00 -2.15746e-04    64, 58
   97    96     0     1  1.37300e+00  0.00000e+00  2.16317e-04    95, 54
