-8.382269462982709740e+01  0.000000000000000000e+00   7.070048998082880644e+03  6.234463567725702371e-03 5.048728125000000233e+01 2.592879875000000084e+03
-8.720632130043195218e+01  0.000000000000000000e+00   7.646930487272954451e+03  5.521147945322243782e-03 4.937190625000000210e+01 2.486063437499999964e+03
-9.051743662201967311e+01  0.000000000000000000e+00   8.231271853771335373e+03  4.621462626505896433e-03 4.745314062500000318e+01 2.304741718750000018e+03
-9.331856868998175969e+01  0.000000000000000000e+00   8.740106181428269338e+03  3.646029373504066935e-03 4.546953125000000284e+01 2.123726125000000138e+03
-9.567280211148539593e+01  0.000000000000000000e+00   9.178953528891066526e+03  2.804289918704639013e-03 4.344879687499999932e+01 1.947727656250000109e+03
-9.750076680310759514e+01  0.000000000000000000e+00   9.526224052882836986e+03  2.085387389006691187e-03 4.151546875000000369e+01 1.785442874999999958e+03
-9.891602059994015406e+01  0.000000000000000000e+00   9.799479587902615094e+03  1.543322920355875028e-03 3.976109375000000057e+01 1.644029749999999922e+03
-1.000353718890220449e+02  0.000000000000000000e+00   1.001837372525062892e+04  1.129010781428837606e-03 3.803212500000000063e+01 1.510329812500000116e+03
-1.008096824250110899e+02  0.000000000000000000e+00   1.017093718922677726e+04  8.211604418624000000e-04 3.674976562500000199e+01 1.414305343750000020e+03
-1.014450345517760610e+02  0.000000000000000000e+00   1.029718929900200601e+04  5.921880781505779170e-04 3.536121874999999903e+01 1.313809187500000007e+03
-1.018925039770468999e+02  0.000000000000000000e+00   1.038653499750565061e+04  4.288764658049833622e-04 3.424759375000000006e+01 1.236036937500000022e+03
-1.022141876122828137e+02  0.000000000000000000e+00   1.045106665146627165e+04  3.183944259529606757e-04 3.337821875000000205e+01 1.177517749999999978e+03
-1.024603719832580424e+02  0.000000000000000000e+00   1.050057563920124630e+04  2.331665506447067081e-04 3.255123437499999994e+01 1.123534218750000036e+03
-1.026306150222231963e+02  0.000000000000000000e+00   1.053486134164230498e+04  1.726188508279133112e-04 3.190635937500000097e+01 1.080479406250000011e+03
-1.027725673211525503e+02  0.000000000000000000e+00   1.056354464674083647e+04  1.272512245974907438e-04 3.131203125000000043e+01 1.042814562499999965e+03
-1.028684509110741487e+02  0.000000000000000000e+00   1.058290488538887439e+04  9.324325956985031591e-05 3.079431250000000020e+01 1.009702875000000063e+03
-1.029434608323084461e+02  0.000000000000000000e+00   1.059809787925889759e+04  6.999397933834569489e-05 3.032904687499999952e+01 9.814894062500000018e+02
-1.029982555340999397e+02  0.000000000000000000e+00   1.060919066827392271e+04  5.184690712784484340e-05 2.992921875000000043e+01 9.569289999999999736e+02
-1.030429070399680995e+02  0.000000000000000000e+00   1.061824963585418845e+04  3.851485613436095952e-05 2.958387499999999903e+01 9.356099375000000009e+02
-1.030672324439634480e+02  0.000000000000000000e+00   1.062316639322196534e+04  2.936965453149813300e-05 2.934182812499999926e+01 9.220113437500000373e+02
-1.030866168736613844e+02  0.000000000000000000e+00   1.062708451309768134e+04  2.201354379703198203e-05 2.917275000000000063e+01 9.117412500000000364e+02
-1.031116977618223842e+02  0.000000000000000000e+00   1.063219539707636795e+04  1.628869348214516649e-05 2.878350000000000009e+01 8.888577500000000100e+02
-1.031185168277288540e+02  0.000000000000000000e+00   1.063355904838617244e+04  1.227596869784734648e-05 2.875795312500000023e+01 8.869395937499999718e+02
-1.031295997533980398e+02  0.000000000000000000e+00   1.063581259100073839e+04  9.237339540302607095e-06 2.855362500000000026e+01 8.753650625000000218e+02
-1.031359675299471377e+02  0.000000000000000000e+00   1.063710216741042495e+04  6.991527475878735409e-06 2.840657812499999935e+01 8.672249687500000164e+02
-1.031421062014884882e+02  0.000000000000000000e+00   1.063835005718555476e+04  5.262639483988045712e-06 2.828185937499999980e+01 8.595012812500000337e+02
-1.031456431769758524e+02  0.000000000000000000e+00   1.063906598606839725e+04  3.974018438077489702e-06 2.819237500000000196e+01 8.545450624999999718e+02
-1.031495574880197950e+02  0.000000000000000000e+00   1.063986288934985896e+04  2.977432154138035485e-06 2.806660937500000230e+01 8.476736562500000218e+02
-1.031512218845183355e+02  0.000000000000000000e+00   1.064019857723408859e+04  2.255692778465469290e-06 2.803198437500000040e+01 8.450647187499999973e+02
-1.031529999968633291e+02  0.000000000000000000e+00   1.064055959754832293e+04  1.709423866526998765e-06 2.796831249999999969e+01 8.417744374999999764e+02
-1.031542849667055037e+02  0.000000000000000000e+00   1.064082019303189554e+04  1.286184426110391800e-06 2.792235937499999920e+01 8.391887812500000337e+02
-1.031555841995783709e+02  0.000000000000000000e+00   1.064108496277722043e+04  9.783993963141301679e-07 2.786817187500000159e+01 8.362142812499999991e+02
-1.031557206673487883e+02  0.000000000000000000e+00   1.064111060734283092e+04  7.424928561338974965e-07 2.784721874999999969e+01 8.348784375000000182e+02
-1.031566149294179695e+02  0.000000000000000000e+00   1.064129324214063672e+04  5.674543223085288628e-07 2.778515625000000000e+01 8.320845625000000609e+02
-1.031573240693344502e+02  0.000000000000000000e+00   1.064143810798095546e+04  4.321631350495428148e-07 2.772648437500000185e+01 8.276914062500000000e+02
-1.031573423919419383e+02  0.000000000000000000e+00   1.064144081402011579e+04  3.312195222059409573e-07 2.772465624999999889e+01 8.279026250000000573e+02
-1.031575219571261357e+02  0.000000000000000000e+00   1.064147703069714044e+04  2.531944441647493176e-07 2.769856250000000131e+01 8.261908750000000055e+02
-1.031579174925397098e+02  0.000000000000000000e+00   1.064155803122150610e+04  1.963833003192747712e-07 2.765539062499999901e+01 8.241396562500000300e+02
-1.031580406675600727e+02  0.000000000000000000e+00   1.064158297066588966e+04  1.518849367506283880e-07 2.763132812499999957e+01 8.227465937499999882e+02
-1.031583780569481661e+02  0.000000000000000000e+00   1.064165221787447808e+04  1.178890603302010213e-07 2.757464062500000068e+01 8.194974062500000400e+02
-1.031584942975917869e+02  0.000000000000000000e+00   1.064167594171793098e+04  9.359162524841271226e-08 2.752759375000000119e+01 8.169238125000000537e+02
-1.031582854115185910e+02  0.000000000000000000e+00   1.064163264254779460e+04  7.456595716227156473e-08 2.761267187500000020e+01 8.216915937500000382e+02
-1.031581768296700972e+02  0.000000000000000000e+00   1.064161008466389103e+04  5.993852801209917744e-08 2.763332812500000202e+01 8.234664062499999773e+02
-1.031582563883367953e+02  0.000000000000000000e+00   1.064162638102868186e+04  4.885971929024106901e-08 2.759054687500000114e+01 8.207621562499999754e+02
-1.031583581374528507e+02  0.000000000000000000e+00   1.064164728645865580e+04  4.067450063083830063e-08 2.756681250000000105e+01 8.195262500000000045e+02
-1.031583396917152839e+02  0.000000000000000000e+00   1.064164341083913132e+04  3.410073139754563518e-08 2.758779687500000222e+01 8.206289062500000000e+02
-1.031583600206035953e+02  0.000000000000000000e+00   1.064164754745443679e+04  2.869048023561212883e-08 2.754593750000000085e+01 8.180202500000000327e+02
-1.031584308909545911e+02  0.000000000000000000e+00   1.064166212898228696e+04  2.491137538148819527e-08 2.753984374999999929e+01 8.176087499999999864e+02
-1.031583648106052920e+02  0.000000000000000000e+00   1.064164846237624079e+04  2.179909610716553945e-08 2.753131250000000207e+01 8.175016249999999900e+02
-1.031583632180079917e+02  0.000000000000000000e+00   1.064164810860934085e+04  1.943222319592155281e-08 2.753973437500000188e+01 8.178494687500000282e+02
-1.031584272490504333e+02  0.000000000000000000e+00   1.064166129863101378e+04  1.749100823549140201e-08 2.745993750000000233e+01 8.135890625000000682e+02
-1.031584410690116584e+02  0.000000000000000000e+00   1.064166413535460924e+04  1.612208943689323379e-08 2.751500000000000057e+01 8.167201250000000528e+02
-1.031584429950720221e+02  0.000000000000000000e+00   1.064166451985547792e+04  1.491194873833665162e-08 2.753360937500000105e+01 8.174783437500000218e+02
-1.031583882250291708e+02  0.000000000000000000e+00   1.064165320785160839e+04  1.378223567342498776e-08 2.753393750000000040e+01 8.175254999999999654e+02
-1.031583782187484246e+02  0.000000000000000000e+00   1.064165113493792705e+04  1.298817044422352561e-08 2.754410937500000145e+01 8.179505312500000400e+02
-1.031583635454924490e+02  0.000000000000000000e+00   1.064164810027461681e+04  1.229984608700955021e-08 2.749310937499999952e+01 8.153254687500000273e+02
-1.031584656200808325e+02  0.000000000000000000e+00   1.064166915531335871e+04  1.186129355329918959e-08 2.744921875000000000e+01 8.130074375000000373e+02
-1.031584109606684478e+02  0.000000000000000000e+00   1.064165787178493883e+04  1.126279201450299693e-08 2.746956250000000210e+01 8.139637500000000045e+02
-1.031584285508136674e+02  0.000000000000000000e+00   1.064166149750635486e+04  1.094124515725344064e-08 2.749195312500000199e+01 8.148905312499999809e+02
-1.031584462204185968e+02  0.000000000000000000e+00   1.064166513719588329e+04  1.039169035394132478e-08 2.750648437499999943e+01 8.152972812499999691e+02
-1.031584610495874870e+02  0.000000000000000000e+00   1.064166819333258718e+04  1.007486121857557446e-08 2.750696875000000219e+01 8.159205625000000737e+02
-1.031584384296547796e+02  0.000000000000000000e+00   1.064166352265349815e+04  9.717336252053096104e-09 2.746593749999999901e+01 8.139779375000000528e+02
-1.031584079458342131e+02  0.000000000000000000e+00   1.064165723014939977e+04  9.418669251113961932e-09 2.746276562499999940e+01 8.135955312500000218e+02
-1.031584359290826143e+02  0.000000000000000000e+00   1.064166300033873813e+04  9.115501545431351903e-09 2.758920312500000094e+01 8.207828437499999836e+02
-1.031584696631047962e+02  0.000000000000000000e+00   1.064166995805327133e+04  8.910214329785790041e-09 2.748398437500000213e+01 8.149532187500000191e+02
-1.031584101416526522e+02  0.000000000000000000e+00   1.064165767588929521e+04  8.733213744770870878e-09 2.750014062500000023e+01 8.156192812499999718e+02
-1.031584040646489768e+02  0.000000000000000000e+00   1.064165641916690220e+04  8.457472406518698659e-09 2.752676562499999946e+01 8.171292812499999627e+02
-1.031584256256081318e+02  0.000000000000000000e+00   1.064166086500290112e+04  8.217587253101119456e-09 2.751293749999999960e+01 8.154811875000000327e+02
-1.031584455547438921e+02  0.000000000000000000e+00   1.064166497465728389e+04  8.023765525529823776e-09 2.752579687500000105e+01 8.166682187500000509e+02
-1.031584827778067819e+02  0.000000000000000000e+00   1.064167265253888581e+04  7.848374156008449241e-09 2.746962500000000063e+01 8.136866875000000618e+02
-1.031584565657341699e+02  0.000000000000000000e+00   1.064166724356367013e+04  7.756228971741009188e-09 2.749782812500000162e+01 8.155523437499999773e+02
-1.031584688309515769e+02  0.000000000000000000e+00   1.064166977304932516e+04  7.658846809497489363e-09 2.747940625000000026e+01 8.144136250000000246e+02
-1.031584207149452510e+02  0.000000000000000000e+00   1.064165984348358870e+04  7.431354212025081163e-09 2.751546875000000014e+01 8.161113750000000664e+02
-1.031584504692835509e+02  0.000000000000000000e+00   1.064166598129209342e+04  7.336113216864708874e-09 2.750901562499999997e+01 8.160029062500000236e+02
-1.031584578274682542e+02  0.000000000000000000e+00   1.064166749829685068e+04  7.231508122443861984e-09 2.744915625000000148e+01 8.127291874999999663e+02
-1.031584414989989682e+02  0.000000000000000000e+00   1.064166412786611545e+04  7.081949106329085247e-09 2.743901562499999969e+01 8.124569687499999873e+02
-1.031584268464751659e+02  0.000000000000000000e+00   1.064166110398999990e+04  7.005525831920018278e-09 2.747934375000000173e+01 8.146200625000000173e+02
-1.031584424881178279e+02  0.000000000000000000e+00   1.064166432892631565e+04  6.798936775085815337e-09 2.754734374999999957e+01 8.174863750000000664e+02
-1.031584488476190131e+02  0.000000000000000000e+00   1.064166564106955593e+04  6.805581900874163407e-09 2.750657812500000077e+01 8.157091562499999782e+02
-1.031584513353205068e+02  0.000000000000000000e+00   1.064166615280062797e+04  6.662390889851622224e-09 2.751582812500000230e+01 8.167019687499999918e+02
-1.031584023937062966e+02  0.000000000000000000e+00   1.064165605421920736e+04  6.558883249484506213e-09 2.746293749999999889e+01 8.132677499999999782e+02
-1.031584436880485782e+02  0.000000000000000000e+00   1.064166457269563216e+04  6.442163466886922683e-09 2.753203124999999929e+01 8.173899374999999736e+02
-1.031584375563205640e+02  0.000000000000000000e+00   1.064166330770147943e+04  6.450137476931898768e-09 2.747226562500000213e+01 8.140514062500000136e+02
-1.031583937837243639e+02  0.000000000000000000e+00   1.064165427524249208e+04  6.315235257284421655e-09 2.751184375000000060e+01 8.165356249999999818e+02
-1.031584232833679806e+02  0.000000000000000000e+00   1.064166036104977138e+04  6.271507672132171921e-09 2.748003124999999969e+01 8.147350000000000136e+02
-1.031584342779510450e+02  0.000000000000000000e+00   1.064166262786369771e+04  6.125485843424173482e-09 2.748715625000000173e+01 8.145376875000000609e+02
-1.031584386045857968e+02  0.000000000000000000e+00   1.064166351958929408e+04  6.037890408402469897e-09 2.750285937499999989e+01 8.151992187500000000e+02
-1.031584467302622841e+02  0.000000000000000000e+00   1.064166519615621110e+04  6.047535771644119448e-09 2.746753125000000040e+01 8.135823750000000700e+02
-1.031584528266885599e+02  0.000000000000000000e+00   1.064166645214251912e+04  5.877499683462045590e-09 2.745589062500000210e+01 8.132295312500000364e+02
-1.031584389767134837e+02  0.000000000000000000e+00   1.064166359419852415e+04  5.834257446667556168e-09 2.751114062499999946e+01 8.159940312500000346e+02
-1.031584164420363123e+02  0.000000000000000000e+00   1.064165894507866869e+04  5.849659511351941440e-09 2.749381250000000065e+01 8.153063124999999900e+02
-1.031584084700771484e+02  0.000000000000000000e+00   1.064165729877659396e+04  5.703745998688686542e-09 2.756523437499999929e+01 8.191265937499999836e+02
-1.031584169326869045e+02  0.000000000000000000e+00   1.064165904401884654e+04  5.634533391978340560e-09 2.749356249999999946e+01 8.150370000000000346e+02
-1.031584178644509961e+02  0.000000000000000000e+00   1.064165923601600480e+04  5.611843226040961434e-09 2.749528125000000145e+01 8.152331249999999727e+02
-1.031584448101385050e+02  0.000000000000000000e+00   1.064166479387901018e+04  5.472134190905508883e-09 2.753023437499999915e+01 8.171452187500000264e+02
-1.031584259652183846e+02  0.000000000000000000e+00   1.064166090576391252e+04  5.463665022291080770e-09 2.753342187500000193e+01 8.172579687500000318e+02
-1.031584280456987699e+02  0.000000000000000000e+00   1.064166133521263873e+04  5.483451086393793021e-09 2.747498437500000179e+01 8.140858437499999809e+02
-1.031584005545926317e+02  0.000000000000000000e+00   1.064165566174160995e+04  5.333740798110846944e-09 2.752987500000000054e+01 8.172061875000000555e+02
-1.031584629143349616e+02  0.000000000000000000e+00   1.064166852705018209e+04  5.281311055362624483e-09 2.749765625000000213e+01 8.153992500000000518e+02
-1.031584031635558176e+02  0.000000000000000000e+00   1.064165619933556627e+04  5.269935729760134068e-09 2.752253125000000011e+01 8.169826249999999845e+02
-1.031584193050692448e+02  0.000000000000000000e+00   1.064165952928550541e+04  5.240256187179103224e-09 2.752579687500000105e+01 8.166760312500000509e+02
-1.031584579298674669e+02  0.000000000000000000e+00   1.064166749747584436e+04  5.169077848057583712e-09 2.748004687499999932e+01 8.147960312500000555e+02
-1.031584082451823718e+02  0.000000000000000000e+00   1.064165724579837297e+04  5.085548321091411509e-09 2.749145312499999960e+01 8.148915312500000709e+02
-1.031584778303715240e+02  0.000000000000000000e+00   1.064167160161910033e+04  5.012356071857780981e-09 2.754557812500000225e+01 8.179884687500000382e+02
-1.031584419553855554e+02  0.000000000000000000e+00   1.064166420066793580e+04  5.074890873359385181e-09 2.747346875000000210e+01 8.138481874999999945e+02
-1.031584060242248597e+02  0.000000000000000000e+00   1.064165678647190362e+04  4.981655802115333932e-09 2.750254687500000017e+01 8.157048437500000091e+02
-1.031584405060581986e+02  0.000000000000000000e+00   1.064166390004499590e+04  4.924328394345586479e-09 2.746237500000000153e+01 8.138246249999999691e+02
-1.031584618584597024e+02  0.000000000000000000e+00   1.064166830494766327e+04  4.881225116308614164e-09 2.756267187499999949e+01 8.187132812500000227e+02
-1.031584314022039734e+02  0.000000000000000000e+00   1.064166202093694483e+04  4.846397398611335942e-09 2.754134374999999935e+01 8.174431875000000218e+02
-1.031584387836432342e+02  0.000000000000000000e+00   1.064166354338338533e+04  4.802324045811313370e-09 2.754074999999999918e+01 8.173921249999999645e+02
-1.031584433470470969e+02  0.000000000000000000e+00   1.064166448410042358e+04  4.728066617760087161e-09 2.752503125000000139e+01 8.171203125000000682e+02
-1.031584376412011892e+02  0.000000000000000000e+00   1.064166330694030694e+04  4.732973713155616104e-09 2.752789062500000128e+01 8.171891562499999964e+02
-1.031584309230589440e+02  0.000000000000000000e+00   1.064166191988618448e+04  4.640126858129347851e-09 2.752824999999999989e+01 8.167070625000000064e+02
-1.031584350546633999e+02  0.000000000000000000e+00   1.064166277233173969e+04  4.642557637193171429e-09 2.753360937500000105e+01 8.168107812499999909e+02
-1.031584236957167349e+02  0.000000000000000000e+00   1.064166042835313419e+04  4.601549070567140143e-09 2.754095312500000148e+01 8.182029687499999682e+02
-1.031584354384487341e+02  0.000000000000000000e+00   1.064166285101564063e+04  4.595808503927346441e-09 2.749254687500000216e+01 8.152326562499999909e+02
-1.031584646412651836e+02  0.000000000000000000e+00   1.064166887503523503e+04  4.500429056518335475e-09 2.750945312500000028e+01 8.159371562500000437e+02
-1.031584052502158215e+02  0.000000000000000000e+00   1.064165662127595715e+04  4.464361465100704576e-09 2.751549999999999940e+01 8.164905625000000100e+02
-1.031584330502208218e+02  0.000000000000000000e+00   1.064166235715956645e+04  4.490151342119730993e-09 2.742207812500000230e+01 8.114507812499999773e+02
-1.031584327499358693e+02  0.000000000000000000e+00   1.064166229494038635e+04  4.465218354773726218e-09 2.752673437500000020e+01 8.171398437500000682e+02
-1.031584172433685467e+02  0.000000000000000000e+00   1.064165909523638766e+04  4.424072503569896846e-09 2.753154687500000009e+01 8.170409062500000346e+02
-1.031584297656421541e+02  0.000000000000000000e+00   1.064166167828180915e+04  4.376091451821925662e-09 2.748840625000000060e+01 8.150206875000000082e+02
-1.031584418632885871e+02  0.000000000000000000e+00   1.064166417433017523e+04  4.385468550171325346e-09 2.741895312500000159e+01 8.111201562500000364e+02
-1.031584495969172934e+02  0.000000000000000000e+00   1.064166576881144283e+04  4.282385625792059336e-09 2.753882812500000199e+01 8.170464062500000182e+02
-1.031584098357435977e+02  0.000000000000000000e+00   1.064165756533677813e+04  4.275418188942728046e-09 2.750757812500000199e+01 8.161002187500000673e+02
-1.031584418395935216e+02  0.000000000000000000e+00   1.064166416793081225e+04  4.243510425880139705e-09 2.746590624999999974e+01 8.137146250000000691e+02
-1.031584580458355305e+02  0.000000000000000000e+00   1.064166751149709125e+04  4.238309717575262735e-09 2.746335937499999957e+01 8.138904062500000691e+02
-1.031584331549338884e+02  0.000000000000000000e+00   1.064166237609181189e+04  4.239079071897039473e-09 2.751664062500000085e+01 8.166257812500000455e+02
-1.031584091036513797e+02  0.000000000000000000e+00   1.064165741295887892e+04  4.149971457461484217e-09 2.746296875000000171e+01 8.139144374999999627e+02
-1.031584434506569323e+02  0.000000000000000000e+00   1.064166449906357047e+04  4.125405922003383206e-09 2.749575000000000102e+01 8.156409375000000637e+02
-1.031584405725510152e+02  0.000000000000000000e+00   1.064166390473539104e+04  4.075946435587874897e-09 2.747882812499999972e+01 8.142770937500000628e+02
-1.031584529786197777e+02  0.000000000000000000e+00   1.064166646422399936e+04  4.067210032612245048e-09 2.748187500000000227e+01 8.145505625000000691e+02
-1.031584051504060255e+02  0.000000000000000000e+00   1.064165659630390473e+04  4.052807736138486034e-09 2.752190625000000068e+01 8.168096249999999827e+02
-1.031584417212987290e+02  0.000000000000000000e+00   1.064166414111296945e+04  4.016889029237008802e-09 2.752339062500000111e+01 8.173555312500000127e+02
-1.031584462287997610e+02  0.000000000000000000e+00   1.064166507025209285e+04  3.938473955914886456e-09 2.756099999999999994e+01 8.187098124999999982e+02
-1.031584448393307696e+02  0.000000000000000000e+00   1.064166478369479591e+04  3.949151602963128716e-09 2.746799999999999997e+01 8.142278750000000400e+02
-1.031584352958000750e+02  0.000000000000000000e+00   1.064166281450637143e+04  3.930645128171434007e-09 2.748245312499999926e+01 8.142749062500000719e+02
-1.031584542736601264e+02  0.000000000000000000e+00   1.064166672969909087e+04  3.906179884116032666e-09 2.742948437500000125e+01 8.117282812500000091e+02
-1.031584434448519829e+02  0.000000000000000000e+00   1.064166449504416414e+04  3.860245585734250450e-09 2.758954687499999991e+01 8.199792812499999854e+02
-1.031584648267697020e+02  0.000000000000000000e+00   1.064166890657295335e+04  3.867539142830480493e-09 2.748328125000000099e+01 8.145226250000000618e+02
-1.031584373170441609e+02  0.000000000000000000e+00   1.064166323084121905e+04  3.866565702751905502e-09 2.749392187500000162e+01 8.154276562500000409e+02
-1.031584289127475387e+02  0.000000000000000000e+00   1.064166149663200667e+04  3.842033466803116678e-09 2.750570312500000014e+01 8.160080937500000573e+02
-1.031584446810008302e+02  0.000000000000000000e+00   1.064166474911593650e+04  3.769412809097595190e-09 2.746570312500000099e+01 8.136467187499999909e+02
-1.031584039283362699e+02  0.000000000000000000e+00   1.064165634094646339e+04  3.749856148133994821e-09 2.754556249999999906e+01 8.182338750000000118e+02
-1.031584264369661526e+02  0.000000000000000000e+00   1.064166098474266073e+04  3.739237989330578803e-09 2.752471875000000168e+01 8.170961875000000418e+02
-1.031584109325591356e+02  0.000000000000000000e+00   1.064165778546606634e+04  3.696353546215587749e-09 2.747828125000000199e+01 8.146657500000000027e+02
-1.031584287824729671e+02  0.000000000000000000e+00   1.064166146796676912e+04  3.674071245465132317e-09 2.751889062500000094e+01 8.165517812499999764e+02
-1.031584176113350111e+02  0.000000000000000000e+00   1.064165916320447286e+04  3.677046924274921275e-09 2.753862499999999969e+01 8.178620624999999791e+02
-1.031584138035800180e+02  0.000000000000000000e+00   1.064165837708048093e+04  3.628178191015390029e-09 2.749571875000000176e+01 8.151537500000000591e+02
-1.031584199213331345e+02  0.000000000000000000e+00   1.064165963865414960e+04  3.569748591533015203e-09 2.753126562499999963e+01 8.172481562499999654e+02
-1.031584217927563145e+02  0.000000000000000000e+00   1.064166002484667479e+04  3.577867854642666485e-09 2.751803124999999994e+01 8.161003749999999854e+02
-1.031584226694143496e+02  0.000000000000000000e+00   1.064166020569754983e+04  3.576134553692635520e-09 2.753139062500000023e+01 8.173611562500000218e+02
-1.031584372278117883e+02  0.000000000000000000e+00   1.064166320919708050e+04  3.562666408980549935e-09 2.750707812499999960e+01 8.161832187500000373e+02
-1.031584258750103942e+02  0.000000000000000000e+00   1.064166086660456858e+04  3.532771366557219381e-09 2.753467187500000080e+01 8.175499687500000618e+02
-1.031584090660281703e+02  0.000000000000000000e+00   1.064165739817608301e+04  3.490253254368055665e-09 2.754964062500000210e+01 8.179594687500000418e+02
-1.031584187703779207e+02  0.000000000000000000e+00   1.064165939996834823e+04  3.454695019711076376e-09 2.754128125000000082e+01 8.175421875000000682e+02
-1.031584489802848026e+02  0.000000000000000000e+00   1.064166563277047862e+04  3.453637498035109907e-09 2.752201562500000165e+01 8.169160937500000728e+02
-1.031584355195765994e+02  0.000000000000000000e+00   1.064166285536530086e+04  3.431668304061091479e-09 2.750479687500000026e+01 8.153735937500000546e+02
-1.031584349207691105e+02  0.000000000000000000e+00   1.064166273179531709e+04  3.429234971044627958e-09 2.748776562500000153e+01 8.151415312500000709e+02
-1.031584420011978409e+02  0.000000000000000000e+00   1.064166419231610962e+04  3.401874956003139514e-09 2.742868750000000233e+01 8.110847499999999854e+02
-1.031584467805641054e+02  0.000000000000000000e+00   1.064166517796503285e+04  3.362871798881332670e-09 2.752895312500000102e+01 8.167553437500000655e+02
-1.031584176017855583e+02  0.000000000000000000e+00   1.064165915796613444e+04  3.369940159632820664e-09 2.752753124999999912e+01 8.168614374999999654e+02
-1.031584469818455005e+02  0.000000000000000000e+00   1.064166521953887604e+04  3.367203003824193945e-09 2.744265624999999886e+01 8.126266249999999900e+02
-1.031584376208999885e+02  0.000000000000000000e+00   1.064166328778409115e+04  3.326451458954539778e-09 2.745807812500000011e+01 8.132802187500000173e+02
-1.031584514290619552e+02  0.000000000000000000e+00   1.064166613649166720e+04  3.312407399726421323e-09 2.743696875000000190e+01 8.117991875000000164e+02
-1.031584458624926697e+02  0.000000000000000000e+00   1.064166498745940225e+04  3.260257764183111107e-09 2.751781250000000156e+01 8.167148750000000064e+02
-1.031584350996256916e+02  0.000000000000000000e+00   1.064166276697580724e+04  3.267545914144656837e-09 2.750839062500000054e+01 8.163997187500000337e+02
-1.031584122743190335e+02  0.000000000000000000e+00   1.064165805733383422e+04  3.230272775624189568e-09 2.748874999999999957e+01 8.154094999999999800e+02
-1.031584427878783998e+02  0.000000000000000000e+00   1.064166435299704972e+04  3.249216334303600349e-09 2.750481249999999989e+01 8.160800625000000537e+02
-1.031584636684264495e+02  0.000000000000000000e+00   1.064166866024794763e+04  3.177874467090965189e-09 2.755523437500000128e+01 8.186087812499999927e+02
-1.031584264120520515e+02  0.000000000000000000e+00   1.064166097362746768e+04  3.177766170177598963e-09 2.749718749999999901e+01 8.153614374999999654e+02
-1.031584406783675973e+02  0.000000000000000000e+00   1.064166391699708220e+04  3.176645693708659951e-09 2.755168749999999989e+01 8.183447499999999764e+02
-1.031584592663772213e+02  0.000000000000000000e+00   1.064166775183878417e+04  3.159840848967102858e-09 2.753646875000000094e+01 8.174521250000000236e+02
-1.031584363526620365e+02  0.000000000000000000e+00   1.064166302426106449e+04  3.151278100075313258e-09 2.749357812499999909e+01 8.153958437500000400e+02
-1.031584231064356203e+02  0.000000000000000000e+00   1.064166029109039846e+04  3.127708211117719361e-09 2.743362499999999926e+01 8.119530624999999873e+02
-1.031584630254460109e+02  0.000000000000000000e+00   1.064166852684038167e+04  3.107414076895462641e-09 2.747826562499999881e+01 8.143680937500000709e+02
-1.031584379664303555e+02  0.000000000000000000e+00   1.064166335657077070e+04  3.091331669843680348e-09 2.750340625000000117e+01 8.152531874999999673e+02
-1.031584702183453857e+02  0.000000000000000000e+00   1.064167001031127256e+04  3.056101236185040911e-09 2.756832812500000074e+01 8.190340937500000109e+02
-1.031584606464650307e+02  0.000000000000000000e+00   1.064166803552874626e+04  3.061594495398850607e-09 2.750429687500000142e+01 8.155284687500000018e+02
-1.031584217045324721e+02  0.000000000000000000e+00   1.064166000117044132e+04  3.063458587152376367e-09 2.745531250000000156e+01 8.130059375000000728e+02
-1.031584489094415886e+02  0.000000000000000000e+00   1.064166561333855680e+04  3.001098475679724746e-09 2.754015624999999901e+01 8.173163124999999809e+02
-1.031584558617061305e+02  0.000000000000000000e+00   1.064166704766563089e+04  2.997092306223976948e-09 2.746451562500000065e+01 8.135677187500000400e+02
-1.031584234693314670e+02  0.000000000000000000e+00   1.064166036440505195e+04  2.981408365416911852e-09 2.748073437500000082e+01 8.145835937499999773e+02
-1.031584361423905136e+02  0.000000000000000000e+00   1.064166297917576048e+04  2.991271202519029374e-09 2.745742187500000142e+01 8.133114062500000045e+02
-1.031584262327892390e+02  0.000000000000000000e+00   1.064166093410919711e+04  2.939708228492220711e-09 2.753976562500000114e+01 8.176664062500000227e+02
-1.031584219902208304e+02  0.000000000000000000e+00   1.064166005861290250e+04  2.922516403008187928e-09 2.751228125000000091e+01 8.163778125000000045e+02
-1.031584446692375110e+02  0.000000000000000000e+00   1.064166473741785921e+04  2.898204640637933446e-09 2.754740625000000165e+01 8.179724375000000691e+02
-1.031584413365533806e+02  0.000000000000000000e+00   1.064166405006389687e+04  2.920292521168692169e-09 2.741742187500000227e+01 8.109959687499999745e+02
-1.031584220632656894e+02  0.000000000000000000e+00   1.064166007341707700e+04  2.897500478690314639e-09 2.754528125000000216e+01 8.179928125000000136e+02
-1.031584429091689685e+02  0.000000000000000000e+00   1.064166437409935861e+04  2.880666373192451773e-09 2.747851562500000000e+01 8.146639062499999682e+02
-1.031584400100993548e+02  0.000000000000000000e+00   1.064166377562307389e+04  2.847844721179681455e-09 2.748890624999999943e+01 8.145186250000000427e+02
-1.031584250393294582e+02  0.000000000000000000e+00   1.064166068672979600e+04  2.831779916600295512e-09 2.753520312499999889e+01 8.169748437499999909e+02
-1.031584160736519635e+02  0.000000000000000000e+00   1.064165883701478924e+04  2.836972438018059627e-09 2.749354687499999983e+01 8.155229687500000182e+02
-1.031584312737669933e+02  0.000000000000000000e+00   1.064166197267315147e+04  2.801126697682785456e-09 2.750637500000000202e+01 8.159714374999999791e+02
-1.031584207595001175e+02  0.000000000000000000e+00   1.064165980333968218e+04  2.795204680931368340e-09 2.755668749999999889e+01 8.186328125000000000e+02
-1.031584559383475010e+02  0.000000000000000000e+00   1.064166706136208086e+04  2.798255087048697804e-09 2.751012500000000216e+01 8.161575625000000400e+02
-1.031584262863650991e+02  0.000000000000000000e+00   1.064166094311189408e+04  2.746984071556416934e-09 2.754953125000000114e+01 8.180135000000000218e+02
-1.031584175355917239e+02  0.000000000000000000e+00   1.064165913766479753e+04  2.745560511463599495e-09 2.750978124999999963e+01 8.157369999999999663e+02
-1.031584183632444365e+02  0.000000000000000000e+00   1.064165930828778073e+04  2.732808160564241267e-09 2.748546874999999901e+01 8.152007499999999709e+02
-1.031584352383105738e+02  0.000000000000000000e+00   1.064166278996054461e+04  2.738653617368679995e-09 2.751157812499999977e+01 8.169911562500000173e+02
-1.031584773547831162e+02  0.000000000000000000e+00   1.064167147873667273e+04  2.685609332124541343e-09 2.751418750000000202e+01 8.154814374999999700e+02
-1.031584428669075209e+02  0.000000000000000000e+00   1.064166436335167418e+04  2.690053964125754892e-09 2.752357812500000023e+01 8.170493437500000482e+02
-1.031584182099655607e+02  0.000000000000000000e+00   1.064165927595670655e+04  2.666365410691377192e-09 2.752585937499999957e+01 8.166020937499999945e+02
-1.031584289611276830e+02  0.000000000000000000e+00   1.064166149411538208e+04  2.667568037937634500e-09 2.743582812500000045e+01 8.123032187500000418e+02
-1.031584456550552602e+02  0.000000000000000000e+00   1.064166493838091446e+04  2.670063791347567287e-09 2.745631249999999923e+01 8.130197500000000446e+02
-1.031584507425999675e+02  0.000000000000000000e+00   1.064166598759439512e+04  2.629378900079674381e-09 2.747962500000000219e+01 8.143234999999999673e+02
-1.031584454356801928e+02  0.000000000000000000e+00   1.064166489287134573e+04  2.646685240997075218e-09 2.752478125000000020e+01 8.173021250000000464e+02
-1.031584386527480035e+02  0.000000000000000000e+00   1.064166349295413056e+04  2.601224628708840119e-09 2.750578125000000185e+01 8.163556875000000446e+02
-1.031584467529827123e+02  0.000000000000000000e+00   1.064166516404981303e+04  2.589993547251719258e-09 2.751032812500000091e+01 8.161830312499999991e+02
-1.031584189634554036e+02  0.000000000000000000e+00   1.064165943037342549e+04  2.568549598492307476e-09 2.752962499999999935e+01 8.169997500000000628e+02
-1.031584374556131252e+02  0.000000000000000000e+00   1.064166324576676561e+04  2.582596294336968719e-09 2.751298437500000205e+01 8.168853437500000609e+02
-1.031584697381238982e+02  0.000000000000000000e+00   1.064166990583663210e+04  2.548961645238199936e-09 2.746732812500000165e+01 8.145988437500000146e+02
-1.031584458383699001e+02  0.000000000000000000e+00   1.064166497516625350e+04  2.572751280156094097e-09 2.748789062500000213e+01 8.150113437500000373e+02
-1.031584319542070176e+02  0.000000000000000000e+00   1.064166211007462698e+04  2.520646407650169624e-09 2.753987500000000210e+01 8.177387499999999818e+02
-1.031584428907060129e+02  0.000000000000000000e+00   1.064166436635350510e+04  2.510739913977181340e-09 2.750181249999999977e+01 8.158828125000000000e+02
-1.031584410665220304e+02  0.000000000000000000e+00   1.064166399003124025e+04  2.514281691420398987e-09 2.745881250000000051e+01 8.131001250000000482e+02
-1.031584795954993865e+02  0.000000000000000000e+00   1.064167193900262282e+04  2.494679350349471930e-09 2.752682812500000153e+01 8.168111562500000673e+02
-1.031584395831798986e+02  0.000000000000000000e+00   1.064166368359145599e+04  2.476575085581124642e-09 2.750799999999999912e+01 8.157004375000000209e+02
-1.031584393632664245e+02  0.000000000000000000e+00   1.064166363793445635e+04  2.449780477147260304e-09 2.753021874999999952e+01 8.168376875000000155e+02
-1.031584690902478201e+02  0.000000000000000000e+00   1.064166977118936302e+04  2.456921580761195834e-09 2.749395312500000088e+01 8.144265937500000518e+02
-1.031584288623529062e+02  0.000000000000000000e+00   1.064166147105881100e+04  2.415946559870514487e-09 2.752029687499999966e+01 8.163088437500000509e+02
-1.031584139393894191e+02  0.000000000000000000e+00   1.064165839225186755e+04  2.420811955375605098e-09 2.743689062500000020e+01 8.119354062500000282e+02
-1.031584570577759905e+02  0.000000000000000000e+00   1.064166728814668204e+04  2.406170728554749951e-09 2.748920312499999952e+01 8.149582812500000273e+02
-1.031584453046565670e+02  0.000000000000000000e+00   1.064166486309000902e+04  2.388365746304855974e-09 2.760454687500000048e+01 8.215784687500000700e+02
-1.031584254202934972e+02  0.000000000000000000e+00   1.064166076064284607e+04  2.391411631365750608e-09 2.755793750000000131e+01 8.185862500000000637e+02
-1.031584524565644330e+02  0.000000000000000000e+00   1.064166633860105685e+04  2.383817628104026074e-09 2.746235937500000190e+01 8.131115312499999845e+02
-1.031584189274424972e+02  0.000000000000000000e+00   1.064165942105458089e+04  2.391060840140615153e-09 2.743439062499999892e+01 8.120371562500000664e+02
-1.031584419228129832e+02  0.000000000000000000e+00   1.064166416490398115e+04  2.345648386650040244e-09 2.747835937500000014e+01 8.143740312500000300e+02
-1.031584333922005925e+02  0.000000000000000000e+00   1.064166240475556515e+04  2.332575292220717037e-09 2.754787500000000122e+01 8.180802499999999782e+02
-1.031584276013496861e+02  0.000000000000000000e+00   1.064166120980740197e+04  2.313971257062913102e-09 2.753776562500000225e+01 8.176713437500000055e+02
-1.031584399493045225e+02  0.000000000000000000e+00   1.064166375756198431e+04  2.329308505750232501e-09 2.749951562500000080e+01 8.154801562500000500e+02
-1.031584220684064803e+02  0.000000000000000000e+00   1.064166006814276079e+04  2.302203590883618565e-09 2.747317187500000202e+01 8.139579062500000646e+02
-1.031584529080345618e+02  0.000000000000000000e+00   1.064166643096670123e+04  2.310494926021429368e-09 2.749465625000000202e+01 8.151458125000000337e+02
-1.031584310531209212e+02  0.000000000000000000e+00   1.064166192182291707e+04  2.300525502558854613e-09 2.745595312500000063e+01 8.137522812500000100e+02
-1.031584457952289000e+02  0.000000000000000000e+00   1.064166496319037287e+04  2.283777376964078054e-09 2.742931250000000176e+01 8.111560624999999618e+02
-1.031584369604136384e+02  0.000000000000000000e+00   1.064166314022866391e+04  2.265907964699757858e-09 2.750206250000000097e+01 8.163357499999999618e+02
-1.031584374579402521e+02  0.000000000000000000e+00   1.064166324266813353e+04  2.246299601069995205e-09 2.751910937499999932e+01 8.169015312500000618e+02
-1.031584357875437234e+02  0.000000000000000000e+00   1.064166289794308432e+04  2.237460664146805188e-09 2.750643750000000054e+01 8.161318125000000236e+02
-1.031584618871621188e+02  0.000000000000000000e+00   1.064166828274543877e+04  2.238404608639984901e-09 2.753624999999999901e+01 8.179591874999999845e+02
-1.031584537816578404e+02  0.000000000000000000e+00   1.064166661020738502e+04  2.216283257213368069e-09 2.748523437500000099e+01 8.145642812500000218e+02
-1.031584184333061387e+02  0.000000000000000000e+00   1.064165931737736719e+04  2.228627190382535133e-09 2.747901562499999883e+01 8.143693437499999845e+02
-1.031584364470535746e+02  0.000000000000000000e+00   1.064166303344734661e+04  2.184485207507972960e-09 2.755992187500000057e+01 8.186949062500000309e+02
-1.031584535819637836e+02  0.000000000000000000e+00   1.064166656878756658e+04  2.195651396054441116e-09 2.750745312500000139e+01 8.161677812499999618e+02
-1.031584495628913629e+02  0.000000000000000000e+00   1.064166573937813882e+04  2.176213648067548305e-09 2.750949999999999918e+01 8.158478125000000318e+02
-1.031584475785948598e+02  0.000000000000000000e+00   1.064166532981563978e+04  2.160370146883768788e-09 2.743321875000000176e+01 8.118835625000000391e+02
-1.031584332162754691e+02  0.000000000000000000e+00   1.064166236658402886e+04  2.156360708466679954e-09 2.749287500000000151e+01 8.150760000000000218e+02
-1.031584376461391344e+02  0.000000000000000000e+00   1.064166328038027495e+04  2.141385093509279040e-09 2.753170312499999994e+01 8.169669687499999782e+02
-1.031584290869215295e+02  0.000000000000000000e+00   1.064166151431777689e+04  2.127145190667748496e-09 2.751392187500000119e+01 8.162689687499999991e+02
-1.031584344866951994e+02  0.000000000000000000e+00   1.064166262852237378e+04  2.140322376086667832e-09 2.743629687500000003e+01 8.126214687499999627e+02
-1.031584204249782033e+02  0.000000000000000000e+00   1.064165972707930814e+04  2.114590154053516991e-09 2.750529687499999909e+01 8.158056562499999700e+02
-1.031584385336965539e+02  0.000000000000000000e+00   1.064166346319661898e+04  2.113031376246111317e-09 2.745948437499999883e+01 8.132689687499999991e+02
-1.031584488385621654e+02  0.000000000000000000e+00   1.064166558903174700e+04  2.091167012572506523e-09 2.750485937500000233e+01 8.159112812500000018e+02
-1.031584417615470670e+02  0.000000000000000000e+00   1.064166412900879732e+04  2.099135927911594067e-09 2.750285937499999989e+01 8.150822812500000509e+02
-1.031584256363468910e+02  0.000000000000000000e+00   1.064166080201694240e+04  2.090578925132040877e-09 2.748000000000000043e+01 8.149030625000000327e+02
-1.031584517759584259e+02  0.000000000000000000e+00   1.064166619485965384e+04  2.071753931152358482e-09 2.745034375000000182e+01 8.131476874999999609e+02
-1.031584303802324030e+02  0.000000000000000000e+00   1.064166178037281134e+04  2.054148731281911484e-09 2.745246875000000131e+01 8.127746875000000273e+02
-1.031584304777862968e+02  0.000000000000000000e+00   1.064166180059978615e+04  2.063542067061405727e-09 2.749414062500000000e+01 8.153573437500000409e+02
-1.031584385050747272e+02  0.000000000000000000e+00   1.064166345627176815e+04  2.017211259811298735e-09 2.750750000000000028e+01 8.160265000000000555e+02
-1.031584366738411660e+02  0.000000000000000000e+00   1.064166307856882486e+04  2.027683756950292999e-09 2.744560937500000009e+01 8.124127187500000673e+02
-1.031584391151874200e+02  0.000000000000000000e+00   1.064166358226317607e+04  2.028005011116359451e-09 2.748168749999999960e+01 8.147778749999999945e+02
-1.031584592521349606e+02  0.000000000000000000e+00   1.064166773681955601e+04  2.024604404581810876e-09 2.748385937500000153e+01 8.143912187500000073e+02
-1.031584564664315877e+02  0.000000000000000000e+00   1.064166716164933860e+04  1.983963306977781380e-09 2.757600000000000051e+01 8.194862500000000409e+02
-1.031584334103031750e+02  0.000000000000000000e+00   1.064166240504869893e+04  2.009154628988124414e-09 2.749164062500000227e+01 8.153425312499999791e+02
-1.031584466611530502e+02  0.000000000000000000e+00   1.064166513878749538e+04  1.996448477119363285e-09 2.747812500000000213e+01 8.139912500000000364e+02
-1.031584190061257118e+02  0.000000000000000000e+00   1.064165943278441591e+04  1.967833819186887532e-09 2.745464062499999969e+01 8.138366562500000327e+02
-1.031584314569712433e+02  0.000000000000000000e+00   1.064166200178688814e+04  1.985052073524393875e-09 2.747200000000000131e+01 8.145359375000000455e+02
-1.031584495141125615e+02  0.000000000000000000e+00   1.064166572714766517e+04  1.972619233003955447e-09 2.747442187500000088e+01 8.140189687499999991e+02
-1.031584190304289734e+02  0.000000000000000000e+00   1.064165943756724664e+04  1.946094643731511251e-09 2.754301562499999889e+01 8.178712812500000382e+02
-1.031584395581389231e+02  0.000000000000000000e+00   1.064166367264327891e+04  1.933257640529787090e-09 2.745042187499999997e+01 8.130330937500000346e+02
-1.031584093277998733e+02  0.000000000000000000e+00   1.064165743559105977e+04  1.931010517839252632e-09 2.742448437500000225e+01 8.116315312499999663e+02
-1.031584404529521350e+02  0.000000000000000000e+00   1.064166385724150859e+04  1.931675128521799409e-09 2.746998437499999923e+01 8.143866562499999873e+02
-1.031584385129125820e+02  0.000000000000000000e+00   1.064166345671778072e+04  1.907165586384388726e-09 2.748775000000000190e+01 8.143994374999999764e+02
-1.031584309700290305e+02  0.000000000000000000e+00   1.064166190039182402e+04  1.897596466829809968e-09 2.746478125000000148e+01 8.140403125000000273e+02
-1.031584509473827751e+02  0.000000000000000000e+00   1.064166602195906307e+04  1.888377771017066374e-09 2.747700000000000031e+01 8.141737500000000409e+02
-1.031584374317964290e+02  0.000000000000000000e+00   1.064166323328288308e+04  1.871232355052248249e-09 2.757704687500000063e+01 8.199197812500000282e+02
-1.031584428270668070e+02  0.000000000000000000e+00   1.064166434643953653e+04  1.873233760314354639e-09 2.750309375000000145e+01 8.159398750000000291e+02
-1.031584303544342731e+02  0.000000000000000000e+00   1.064166177313151275e+04  1.873847000763332166e-09 2.751220312499999920e+01 8.166927187500000400e+02
-1.031584304305895046e+02  0.000000000000000000e+00   1.064166178868214229e+04  1.858672773442525415e-09 2.741401562500000111e+01 8.106441562500000373e+02
-1.031584237723895541e+02  0.000000000000000000e+00   1.064166041499198946e+04  1.859492114612481154e-09 2.746325000000000216e+01 8.133120625000000246e+02
-1.031584436807983280e+02  0.000000000000000000e+00   1.064166452227891750e+04  1.845056965215791839e-09 2.750359375000000028e+01 8.161287499999999682e+02
-1.031584476579305232e+02  0.000000000000000000e+00   1.064166534278085783e+04  1.840582877639921441e-09 2.749954687500000006e+01 8.149803437499999745e+02
-1.031584390982900743e+02  0.000000000000000000e+00   1.064166357662156406e+04  1.825460924084405057e-09 2.751742187500000014e+01 8.168444687500000327e+02
-1.031584489213889526e+02  0.000000000000000000e+00   1.064166560323185877e+04  1.819738151988155480e-09 2.750731250000000117e+01 8.156416249999999764e+02
-1.031584395357719615e+02  0.000000000000000000e+00   1.064166366669886884e+04  1.808302691487295185e-09 2.741410937499999889e+01 8.107297187499999609e+02
-1.031584260177284591e+02  0.000000000000000000e+00   1.064166087759255606e+04  1.798347120185857652e-09 2.747518750000000054e+01 8.144076250000000528e+02
-1.031584518333770859e+02  0.000000000000000000e+00   1.064166620371001954e+04  1.790212132148457857e-09 2.751515625000000043e+01 8.161343124999999645e+02
-1.031584430553116789e+02  0.000000000000000000e+00   1.064166439267126589e+04  1.792509406421908359e-09 2.748723437499999989e+01 8.145584062499999618e+02
-1.031584337498547512e+02  0.000000000000000000e+00   1.064166247261526223e+04  1.775295103560202676e-09 2.747789062500000057e+01 8.140209687500000655e+02
-1.031584255841550970e+02  0.000000000000000000e+00   1.064166078776024733e+04  1.762749564168164805e-09 2.755251562500000162e+01 8.186279687500000364e+02
-1.031584118572645394e+02  0.000000000000000000e+00   1.064165795558353784e+04  1.754474750012995531e-09 2.745795312499999952e+01 8.134858437500000719e+02
-1.031584525253332316e+02  0.000000000000000000e+00   1.064166634620035802e+04  1.764660505345134555e-09 2.750270312500000003e+01 8.158519687499999691e+02
-1.031584651825881451e+02  0.000000000000000000e+00   1.064166895741825647e+04  1.747001036365718023e-09 2.749739062500000131e+01 8.150763437499999782e+02
-1.031584336134555002e+02  0.000000000000000000e+00   1.064166244386131257e+04  1.717739753602664005e-09 2.753760937499999883e+01 8.180867812500000582e+02
-1.031584402167189722e+02  0.000000000000000000e+00   1.064166380647466758e+04  1.741108012842414915e-09 2.748567187500000131e+01 8.148708437500000628e+02
-1.031584407596995021e+02  0.000000000000000000e+00   1.064166391841572113e+04  1.733120905402462976e-09 2.757817187499999889e+01 8.200688437500000418e+02
-1.031584370544375417e+02  0.000000000000000000e+00   1.064166315366411254e+04  1.705537905319296845e-09 2.749470312500000091e+01 8.153547812499999736e+02
-1.031584273917319337e+02  0.000000000000000000e+00   1.064166116007957862e+04  1.705029876141401108e-09 2.753209375000000136e+01 8.174320000000000164e+02
-1.031584235213052949e+02  0.000000000000000000e+00   1.064166036166221602e+04  1.716012490312546554e-09 2.745320312500000171e+01 8.129081562500000473e+02
-1.031584295503449624e+02  0.000000000000000000e+00   1.064166160539292105e+04  1.700809177584784926e-09 2.746779687500000122e+01 8.139427812500000528e+02
-1.031584357888641108e+02  0.000000000000000000e+00   1.064166289240132937e+04  1.691101291181479688e-09 2.746489062499999889e+01 8.133807187500000282e+02
-1.031584521503010023e+02  0.000000000000000000e+00   1.064166626790745431e+04  1.678450843856217114e-09 2.745489062500000088e+01 8.131357187500000236e+02
-1.031584464919904178e+02  0.000000000000000000e+00   1.064166510048059354e+04  1.676405326958200342e-09 2.748625000000000185e+01 8.145955000000000155e+02
-1.031584284924432637e+02  0.000000000000000000e+00   1.064166138675022376e+04  1.665124810413251015e-09 2.753135937500000097e+01 8.177876562500000546e+02
-1.031584495511165898e+02  0.000000000000000000e+00   1.064166573143589267e+04  1.658163995623304892e-09 2.752043749999999989e+01 8.166523124999999936e+02
-1.031584494163680716e+02  0.000000000000000000e+00   1.064166570335666984e+04  1.632009522373562057e-09 2.755334374999999980e+01 8.187082500000000209e+02
-1.031584362271335920e+02  0.000000000000000000e+00   1.064166298228621963e+04  1.640592381952544814e-09 2.747698437500000068e+01 8.141914687500000127e+02
-1.031584567968729544e+02  0.000000000000000000e+00   1.064166722617083724e+04  1.640582497419354383e-09 2.751532812499999991e+01 8.168307812499999727e+02
-1.031584108080421061e+02  0.000000000000000000e+00   1.064165773783154327e+04  1.634215754125575359e-09 2.743674999999999997e+01 8.120196250000000191e+02
-1.031584293674676331e+02  0.000000000000000000e+00   1.064166156692294498e+04  1.631337030624947855e-09 2.742957812499999903e+01 8.118060312500000464e+02
-1.031584366421852224e+02  0.000000000000000000e+00   1.064166306763985813e+04  1.614420107874692352e-09 2.753268750000000153e+01 8.168709374999999682e+02
-1.031584276900193942e+02  0.000000000000000000e+00   1.064166122056893801e+04  1.606138099166834748e-09 2.754506250000000023e+01 8.183079374999999800e+02
-1.031584531030883625e+02  0.000000000000000000e+00   1.064166646368388683e+04  1.603302077327291549e-09 2.745754687500000202e+01 8.132433437500000082e+02
-1.031584373857810562e+02  0.000000000000000000e+00   1.064166322083630621e+04  1.593754193126904899e-09 2.754635937500000153e+01 8.187289687500000355e+02
-1.031584382871269554e+02  0.000000000000000000e+00   1.064166340680925896e+04  1.594701635412513967e-09 2.752139062500000222e+01 8.168432812500000182e+02
-1.031584663295456039e+02  0.000000000000000000e+00   1.064166919230169697e+04  1.582242645394350295e-09 2.747170312500000122e+01 8.137171562500000164e+02
-1.031584346006543456e+02  0.000000000000000000e+00   1.064166264615740693e+04  1.588090824327640816e-09 2.748884375000000091e+01 8.147810624999999618e+02
-1.031584475673430177e+02  0.000000000000000000e+00   1.064166532110013577e+04  1.559518812748112247e-09 2.746143749999999883e+01 8.136284375000000182e+02
-1.031584326645169227e+02  0.000000000000000000e+00   1.064166224645902912e+04  1.565484411532747121e-09 2.748740624999999937e+01 8.149741250000000719e+02
-1.031584347441410898e+02  0.000000000000000000e+00   1.064166267540188710e+04  1.554331446427910889e-09 2.750379687499999903e+01 8.157327812500000164e+02
-1.031584355874591523e+02  0.000000000000000000e+00   1.064166284931004520e+04  1.546570985525624175e-09 2.751054687499999929e+01 8.158575937499999782e+02
-1.031584263788627283e+02  0.000000000000000000e+00   1.064166094937798334e+04  1.542498147605175464e-09 2.749265624999999957e+01 8.152845624999999927e+02
-1.031584571646973956e+02  0.000000000000000000e+00   1.064166730086805728e+04  1.528646698878560092e-09 2.755306249999999935e+01 8.179558124999999791e+02
-1.031584332026425983e+02  0.000000000000000000e+00   1.064166235704790415e+04  1.524557715241625880e-09 2.756029687499999881e+01 8.189802187500000628e+02
-1.031584344808649405e+02  0.000000000000000000e+00   1.064166262072081918e+04  1.520243209576893130e-09 2.749785937500000088e+01 8.152637812499999654e+02
-1.031584331501879888e+02  0.000000000000000000e+00   1.064166234617686132e+04  1.519974716281849213e-09 2.745304687500000185e+01 8.130692187500000045e+02
-1.031584247736417126e+02  0.000000000000000000e+00   1.064166061772813737e+04  1.498736105979282021e-09 2.750803125000000193e+01 8.164819375000000719e+02
-1.031584318652385122e+02  0.000000000000000000e+00   1.064166208092289344e+04  1.506140457730632795e-09 2.747906250000000128e+01 8.143443750000000136e+02
-1.031584441546547168e+02  0.000000000000000000e+00   1.064166461627142053e+04  1.490594274560427575e-09 2.752671875000000057e+01 8.163061250000000655e+02
-1.031584264932227057e+02  0.000000000000000000e+00   1.064166097237561735e+04  1.486420650733104867e-09 2.744767187500000105e+01 8.127319687499999645e+02
-1.031584187633126817e+02  0.000000000000000000e+00   1.064165937755014056e+04  1.485027614970082133e-09 2.746956250000000210e+01 8.136273750000000291e+02
-1.031584132378155658e+02  0.000000000000000000e+00   1.064165823732681201e+04  1.464329225084050452e-09 2.751206249999999898e+01 8.161418750000000273e+02
-1.031584486094113657e+02  0.000000000000000000e+00   1.064166553512382779e+04  1.468121861154974201e-09 2.749245312500000082e+01 8.148843437499999709e+02
-1.031584481718120401e+02  0.000000000000000000e+00   1.064166544492120556e+04  1.475781628908620865e-09 2.749671874999999943e+01 8.157214374999999791e+02
-1.031584227992825333e+02  0.000000000000000000e+00   1.064166021016067680e+04  1.477696269046786122e-09 2.741759375000000176e+01 8.111330625000000509e+02
-1.031584471420389093e+02  0.000000000000000000e+00   1.064166523225563469e+04  1.456426127080616401e-09 2.753018750000000026e+01 8.177293750000000045e+02
-1.031584315570987798e+02  0.000000000000000000e+00   1.064166201671000454e+04  1.446143532080977910e-09 2.752767187499999935e+01 8.170408437500000218e+02
-1.031584298965700981e+02  0.000000000000000000e+00   1.064166167414240590e+04  1.448724807008288171e-09 2.753837500000000205e+01 8.173202499999999873e+02
-1.031584430418455014e+02  0.000000000000000000e+00   1.064166438613052378e+04  1.438951633789382320e-09 2.755442187499999918e+01 8.186859062500000164e+02
-1.031584261462308802e+02  0.000000000000000000e+00   1.064166090025179801e+04  1.436282163410607975e-09 2.750964062499999940e+01 8.160343437500000618e+02
-1.031584356721711089e+02  0.000000000000000000e+00   1.064166286543324532e+04  1.419306404922461893e-09 2.756192187499999946e+01 8.188386562499999854e+02
-1.031584375252948860e+02  0.000000000000000000e+00   1.064166324780063769e+04  1.422754030807906721e-09 2.749679687500000114e+01 8.152584062500000073e+02
-1.031584368964445133e+02  0.000000000000000000e+00   1.064166311795936781e+04  1.413467370560603203e-09 2.757310937500000136e+01 8.194904062499999782e+02
-1.031584403436954460e+02  0.000000000000000000e+00   1.064166382913621601e+04  1.408843936524233224e-09 2.750257812499999943e+01 8.159765312499999936e+02
-1.031584223221801011e+02  0.000000000000000000e+00   1.064166011096795592e+04  1.406424387933073865e-09 2.749854687499999883e+01 8.150089062499999955e+02
-1.031584330394050397e+02  0.000000000000000000e+00   1.064166232179163308e+04  1.376309310733341319e-09 2.753195312500000114e+01 8.170922187500000291e+02
-1.031584181852777959e+02  0.000000000000000000e+00   1.064165925736629288e+04  1.398056402940330243e-09 2.751612499999999883e+01 8.168213124999999764e+02
-1.031584511086204685e+02  0.000000000000000000e+00   1.064166604995202943e+04  1.392863655821964756e-09 2.748451562500000023e+01 8.148559062499999754e+02
-1.031584360864630980e+02  0.000000000000000000e+00   1.064166295044503386e+04  1.375738149171111339e-09 2.745448437499999983e+01 8.133332187500000146e+02
-1.031584413981789368e+02  0.000000000000000000e+00   1.064166404638905442e+04  1.380191783498488060e-09 2.747207812499999946e+01 8.139162187499999845e+02
-1.031584284905973732e+02  0.000000000000000000e+00   1.064166138317532204e+04  1.364977734987704702e-09 2.754779687499999952e+01 8.183909687500000700e+02
-1.031584430811044228e+02  0.000000000000000000e+00   1.064166439346643710e+04  1.367171076200651291e-09 2.744921875000000000e+01 8.125388749999999618e+02
-1.031584211444220642e+02  0.000000000000000000e+00   1.064165986751703167e+04  1.363235288000038834e-09 2.752067187500000145e+01 8.168507812500000682e+02
-1.031584532493491793e+02  0.000000000000000000e+00   1.064166649121637965e+04  1.354883611381922603e-09 2.752170312500000193e+01 8.164580312499999764e+02
-1.031584481362583858e+02  0.000000000000000000e+00   1.064166543617081152e+04  1.342806794179602610e-09 2.747940625000000026e+01 8.140375625000000355e+02
-1.031584458302505425e+02  0.000000000000000000e+00   1.064166496032276882e+04  1.335320422504219517e-09 2.751410937500000031e+01 8.167787812500000655e+02
-1.031584305226323437e+02  0.000000000000000000e+00   1.064166180199480368e+04  1.325172648048940982e-09 2.757114062500000173e+01 8.195815312500000118e+02
-1.031584556376992623e+02  0.000000000000000000e+00   1.064166698365236516e+04  1.324717155745527541e-09 2.752993749999999906e+01 8.164061249999999745e+02
-1.031584127915848086e+02  0.000000000000000000e+00   1.064165814380659867e+04  1.327574171533814502e-09 2.755393749999999997e+01 8.189534999999999627e+02
-1.031584337499146073e+02  0.000000000000000000e+00   1.064166246780109213e+04  1.321745570647562091e-09 2.749407812500000148e+01 8.148657187500000418e+02
-1.031584369068817040e+02  0.000000000000000000e+00   1.064166311915120423e+04  1.323111911627207391e-09 2.745543750000000216e+01 8.124014375000000427e+02
-1.031584376647168284e+02  0.000000000000000000e+00   1.064166327546006141e+04  1.318853489915173545e-09 2.749878125000000040e+01 8.150779374999999618e+02
-1.031584335180760519e+02  0.000000000000000000e+00   1.064166241989724585e+04  1.315013461348839479e-09 2.749215625000000074e+01 8.150218750000000227e+02
-1.031584356715597721e+02  0.000000000000000000e+00   1.064166286404800485e+04  1.300987326538111379e-09 2.745100000000000051e+01 8.128398750000000064e+02
-1.031584557451503343e+02  0.000000000000000000e+00   1.064166700556553405e+04  1.300679144653167012e-09 2.742398437499999986e+01 8.114472187500000473e+02
-1.031584423521000673e+02  0.000000000000000000e+00   1.064166424236089370e+04  1.301426279554846648e-09 2.748564062500000205e+01 8.150863437499999691e+02
-1.031584401420349337e+02  0.000000000000000000e+00   1.064166378608028026e+04  1.272590117793818693e-09 2.756878125000000068e+01 8.190731250000000045e+02
-1.031584402770113797e+02  0.000000000000000000e+00   1.064166381412178634e+04  1.290781437822775187e-09 2.750475000000000136e+01 8.164569374999999809e+02
-1.031584519896043730e+02  0.000000000000000000e+00   1.064166623040160084e+04  1.269546572042525496e-09 2.750448437500000054e+01 8.158344062500000291e+02
-1.031584370821202867e+02  0.000000000000000000e+00   1.064166315469045549e+04  1.265280161032527463e-09 2.750570312500000014e+01 8.162551562500000273e+02
-1.031584373580067506e+02  0.000000000000000000e+00   1.064166321164673354e+04  1.268686124006584100e-09 2.754340625000000031e+01 8.180346875000000182e+02
-1.031584367434847564e+02  0.000000000000000000e+00   1.064166308478751489e+04  1.261829928445382150e-09 2.752160937500000060e+01 8.169702187500000719e+02
-1.031584193132650142e+02  0.000000000000000000e+00   1.064165948866984218e+04  1.264693107099886887e-09 2.753342187500000193e+01 8.177024062499999673e+02
-1.031584293865104200e+02  0.000000000000000000e+00   1.064166156686189788e+04  1.256405443544256919e-09 2.757348437499999960e+01 8.197142187499999864e+02
-1.031584268080449363e+02  0.000000000000000000e+00   1.064166103485551503e+04  1.254010079787971316e-09 2.749245312500000082e+01 8.158080937500000118e+02
-1.031584396754268340e+02  0.000000000000000000e+00   1.064166368950307879e+04  1.243640242456485185e-09 2.752948437499999912e+01 8.167596562500000346e+02
-1.031584369121869287e+02  0.000000000000000000e+00   1.064166311932190729e+04  1.236297116199463620e-09 2.749128125000000011e+01 8.146668124999999918e+02
-1.031584188287106514e+02  0.000000000000000000e+00   1.064165938848302540e+04  1.244480870927640846e-09 2.754228125000000205e+01 8.178028125000000728e+02
-1.031584305870111820e+02  0.000000000000000000e+00   1.064166181435855287e+04  1.238843113435472818e-09 2.744267187500000205e+01 8.124070937500000582e+02
-1.031584215321220341e+02  0.000000000000000000e+00   1.064165994608213441e+04  1.229428110458524019e-09 2.758021875000000023e+01 8.199706250000000409e+02
-1.031584443942588507e+02  0.000000000000000000e+00   1.064166466289321579e+04  1.226295085699001242e-09 2.753201562499999966e+01 8.167020937500000173e+02
-1.031584493742649329e+02  0.000000000000000000e+00   1.064166569031766267e+04  1.223011726731407547e-09 2.745064062500000190e+01 8.126218437500000391e+02
-1.031584592173645234e+02  0.000000000000000000e+00   1.064166772110789861e+04  1.222293241868597988e-09 2.745485937500000162e+01 8.130580937500000118e+02
-1.031584336355733456e+02  0.000000000000000000e+00   1.064166244295037905e+04  1.203325983111041071e-09 2.752729687500000111e+01 8.169505937500000528e+02
-1.031584362051871722e+02  0.000000000000000000e+00   1.064166297316140481e+04  1.208620679816390140e-09 2.746295312500000207e+01 8.134142812500000446e+02
-1.031584447830353213e+02  0.000000000000000000e+00   1.064166474269885111e+04  1.188188594719562255e-09 2.754879687500000074e+01 8.179085312500000100e+02
-1.031584207340048494e+02  0.000000000000000000e+00   1.064165978109011121e+04  1.198699182292420095e-09 2.747785937500000131e+01 8.146999687500000391e+02
-1.031584424583280111e+02  0.000000000000000000e+00   1.064166426311300893e+04  1.191997501842728498e-09 2.756943749999999937e+01 8.191506249999999909e+02
-1.031584370423919381e+02  0.000000000000000000e+00   1.064166314566262372e+04  1.187171733985628540e-09 2.749575000000000102e+01 8.154312499999999773e+02
-1.031584398095745740e+02  0.000000000000000000e+00   1.064166371649832945e+04  1.179581482640774468e-09 2.754485937500000148e+01 8.181620312500000409e+02
-1.031584452125298554e+02  0.000000000000000000e+00   1.064166483130040797e+04  1.187209321668002207e-09 2.742889062500000108e+01 8.117095312500000546e+02
-1.031584581386985064e+02  0.000000000000000000e+00   1.064166749805716790e+04  1.174961998764444104e-09 2.753595312499999892e+01 8.177368437500000482e+02
-1.031584332764478233e+02  0.000000000000000000e+00   1.064166236838757322e+04  1.159239482139043342e-09 2.749548437500000020e+01 8.156250937500000191e+02
-1.031584312903722065e+02  0.000000000000000000e+00   1.064166195863392022e+04  1.159920002894454747e-09 2.751926562499999918e+01 8.164455312500000446e+02
-1.031584353073285314e+02  0.000000000000000000e+00   1.064166278734475782e+04  1.154751131916431313e-09 2.755026562500000153e+01 8.181005937500000300e+02
-1.031584589194112027e+02  0.000000000000000000e+00   1.064166765888426562e+04  1.151738288744090258e-09 2.756165625000000219e+01 8.186312500000000227e+02
-1.031584533531137993e+02  0.000000000000000000e+00   1.064166651045247818e+04  1.150752312798494633e-09 2.753725000000000023e+01 8.176779374999999845e+02
-1.031584484468825167e+02  0.000000000000000000e+00   1.064166549824294452e+04  1.153468514176576081e-09 2.748654687500000193e+01 8.152266562500000191e+02
-1.031584413786651027e+02  0.000000000000000000e+00   1.064166403999937756e+04  1.158079533762204339e-09 2.745665625000000176e+01 8.131900625000000673e+02
-1.031584346984262481e+02  0.000000000000000000e+00   1.064166266156405800e+04  1.140290387994942194e-09 2.748640625000000171e+01 8.149805625000000191e+02
-1.031584345477886160e+02  0.000000000000000000e+00   1.064166263047239045e+04  1.139107891076382750e-09 2.753701562500000222e+01 8.176055312500000127e+02
-1.031584303017423139e+02  0.000000000000000000e+00   1.064166175431144620e+04  1.126893429741148304e-09 2.747723437500000188e+01 8.143407812499999636e+02
-1.031584471070300140e+02  0.000000000000000000e+00   1.064166522153130245e+04  1.127398163389548468e-09 2.742231250000000031e+01 8.117834374999999909e+02
-1.031584467687087994e+02  0.000000000000000000e+00   1.064166515172242725e+04  1.126693935475001454e-09 2.751189062499999949e+01 8.160726562500000227e+02
-1.031584269444009152e+02  0.000000000000000000e+00   1.064166106156508613e+04  1.120293687561755446e-09 2.747801562500000117e+01 8.149182812500000637e+02
-1.031584363622393141e+02  0.000000000000000000e+00   1.064166300457305624e+04  1.115509638934342034e-09 2.757698437500000210e+01 8.194969062500000518e+02
-1.031584342067648095e+02  0.000000000000000000e+00   1.064166255979651032e+04  1.109327284310615205e-09 2.756050000000000111e+01 8.189108125000000200e+02
-1.031584300178108862e+02  0.000000000000000000e+00   1.064166169556972636e+04  1.111681606458580236e-09 2.746634375000000006e+01 8.136873124999999618e+02
-1.031584352142060084e+02  0.000000000000000000e+00   1.064166276748188466e+04  1.093658707221955238e-09 2.749415624999999963e+01 8.154729375000000573e+02
-1.031584500602750296e+02  0.000000000000000000e+00   1.064166583045101106e+04  1.091253394819321479e-09 2.762500000000000000e+01 8.221791249999999991e+02
-1.031584318166438692e+02  0.000000000000000000e+00   1.064166206654926100e+04  1.097582157355124272e-09 2.751554687500000185e+01 8.166874687499999936e+02
-1.031584327629177409e+02  0.000000000000000000e+00   1.064166226166523302e+04  1.086654692723213171e-09 2.748864062500000216e+01 8.150980312499999627e+02
-1.031584404431670237e+02  0.000000000000000000e+00   1.064166384627359548e+04  1.090727643842086905e-09 2.747325000000000017e+01 8.138787499999999682e+02
-1.031584463488553638e+02  0.000000000000000000e+00   1.064166506462728466e+04  1.082313103456613983e-09 2.759715625000000117e+01 8.207963750000000118e+02
-1.031584574814488775e+02  0.000000000000000000e+00   1.064166736141388537e+04  1.077085804008739300e-09 2.756704687499999906e+01 8.190725937500000100e+02
-1.031584330368351914e+02  0.000000000000000000e+00   1.064166231792240978e+04  1.062540774696770862e-09 2.752937500000000171e+01 8.169406874999999673e+02
-1.031584517316074283e+02  0.000000000000000000e+00   1.064166617505586328e+04  1.070648496059232315e-09 2.749107812500000136e+01 8.152704687499999636e+02
-1.031584306360303742e+02  0.000000000000000000e+00   1.064166182271989419e+04  1.074193529137022524e-09 2.753196875000000077e+01 8.174624999999999773e+02
-1.031584247532554883e+02  0.000000000000000000e+00   1.064166060890041263e+04  1.064433322145446482e-09 2.750695312499999901e+01 8.163621562499999982e+02
-1.031584656657489631e+02  0.000000000000000000e+00   1.064166904982572487e+04  1.063199553707770167e-09 2.751943750000000222e+01 8.167796875000000227e+02
-1.031584319786087036e+02  0.000000000000000000e+00   1.064166209954884107e+04  1.058443923502098465e-09 2.755365624999999952e+01 8.182647500000000491e+02
-1.031584480785919880e+02  0.000000000000000000e+00   1.064166542123936961e+04  1.057711325160030775e-09 2.749471875000000054e+01 8.152293750000000045e+02
-1.031584342436971156e+02  0.000000000000000000e+00   1.064166256679637445e+04  1.051075727841148203e-09 2.750859374999999929e+01 8.156140000000000327e+02
-1.031584465500899483e+02  0.000000000000000000e+00   1.064166510584496427e+04  1.054083177198133343e-09 2.747342187499999966e+01 8.141292187500000637e+02
-1.031584120012578580e+02  0.000000000000000000e+00   1.064165797767551157e+04  1.038771370077739493e-09 2.757037500000000207e+01 8.197129375000000664e+02
-1.031584453166368149e+02  0.000000000000000000e+00   1.064166485120128164e+04  1.038910178746800546e-09 2.752325000000000088e+01 8.168543124999999918e+02
-1.031584420360714631e+02  0.000000000000000000e+00   1.064166417432802518e+04  1.035412314558353504e-09 2.758101562499999915e+01 8.205203437500000518e+02
-1.031584457361760911e+02  0.000000000000000000e+00   1.064166493784263002e+04  1.046738805689124166e-09 2.749399999999999977e+01 8.153411250000000337e+02
-1.031584244576260261e+02  0.000000000000000000e+00   1.064166054753973185e+04  1.029914159851062756e-09 2.751853125000000233e+01 8.168634375000000318e+02
-1.031584179612006835e+02  0.000000000000000000e+00   1.064165920719117275e+04  1.027415107479414914e-09 2.753985937499999892e+01 8.179055312499999673e+02
-1.031584493193318366e+02  0.000000000000000000e+00   1.064166567684329129e+04  1.021845383462836784e-09 2.750717187500000094e+01 8.155585937500000000e+02
-1.031584400588582611e+02  0.000000000000000000e+00   1.064166376622589996e+04  1.019469114307085570e-09 2.747781249999999886e+01 8.145390625000000000e+02
-1.031584310764965409e+02  0.000000000000000000e+00   1.064166191300415085e+04  1.018625063870836493e-09 2.752270312499999960e+01 8.170563437499999964e+02
-1.031584382482276965e+02  0.000000000000000000e+00   1.064166339264433554e+04  1.017785309516910239e-09 2.750657812500000077e+01 8.162634062500000027e+02
-1.031584455526579092e+02  0.000000000000000000e+00   1.064166489959623505e+04  1.010701617774124608e-09 2.751628125000000225e+01 8.169828750000000355e+02
-1.031584431761753251e+02  0.000000000000000000e+00   1.064166440931035686e+04  1.012826848373672066e-09 2.754171875000000114e+01 8.177400000000000091e+02
-1.031584142380121563e+02  0.000000000000000000e+00   1.064165843881414548e+04  1.006688600386520131e-09 2.753876562499999991e+01 8.176939062500000546e+02
-1.031584244566772810e+02  0.000000000000000000e+00   1.064166054702255315e+04  9.997086055413007312e-10 2.747657812499999963e+01 8.143748437499999682e+02
-1.031584362623598139e+02  0.000000000000000000e+00   1.064166298270084735e+04  9.966013651150097783e-10 2.749735937500000205e+01 8.154620937500000082e+02
-1.031584300325545343e+02  0.000000000000000000e+00   1.064166169739639918e+04  9.974898136631871447e-10 2.745292187500000125e+01 8.131980312499999854e+02
-1.031584586294312089e+02  0.000000000000000000e+00   1.064166759737203392e+04  9.934498225205960759e-10 2.751892187500000020e+01 8.166360312499999736e+02
-1.031584341140328007e+02  0.000000000000000000e+00   1.064166253941534706e+04  9.919597768867016653e-10 2.749554687500000227e+01 8.152434062500000209e+02
-1.031584140089617847e+02  0.000000000000000000e+00   1.064165839138607953e+04  9.906084411244854895e-10 2.754357812499999980e+01 8.181327187499999809e+02
-1.031584653068449029e+02  0.000000000000000000e+00   1.064166897487570895e+04  9.784354708806672149e-10 2.752523437500000014e+01 8.161180312500000582e+02
-1.031584305099787855e+02  0.000000000000000000e+00   1.064166179567297331e+04  9.764312818001654799e-10 2.747487500000000082e+01 8.144464375000000018e+02
-1.031584230555482122e+02  0.000000000000000000e+00   1.064166025758081742e+04  9.653903072646554190e-10 2.757501562499999892e+01 8.199258437500000127e+02
-1.031584378610574930e+02  0.000000000000000000e+00   1.064166331226585862e+04  9.709194748054184080e-10 2.761764062499999994e+01 8.221549687499999663e+02
-1.031584342580754594e+02  0.000000000000000000e+00   1.064166256881821209e+04  9.623059906078014396e-10 2.752412500000000151e+01 8.172975000000000136e+02
-1.031584339048882981e+02  0.000000000000000000e+00   1.064166249598114518e+04  9.652567780658084970e-10 2.749779687499999881e+01 8.154129687500000045e+02
-1.031584371864736625e+02  0.000000000000000000e+00   1.064166317296107081e+04  9.590078236381568362e-10 2.745379687500000188e+01 8.125120937499999627e+02
-1.031584109307844273e+02  0.000000000000000000e+00   1.064165775591963029e+04  9.542730097855230500e-10 2.751571875000000134e+01 8.169859374999999773e+02
-1.031584499477527856e+02  0.000000000000000000e+00   1.064166580571521081e+04  9.483659419617415531e-10 2.752651562500000182e+01 8.169210937500000682e+02
-1.031584373424035306e+02  0.000000000000000000e+00   1.064166320507269847e+04  9.534320537505927348e-10 2.749203125000000014e+01 8.148648124999999709e+02
-1.031584317798366754e+02  0.000000000000000000e+00   1.064166205741553676e+04  9.528887670834745928e-10 2.743726562500000199e+01 8.123861562499999991e+02
-1.031584455710537469e+02  0.000000000000000000e+00   1.064166490274149692e+04  9.496107412795501589e-10 2.748250000000000171e+01 8.142351875000000518e+02
-1.031584519844840315e+02  0.000000000000000000e+00   1.064166622588192149e+04  9.441025464278210035e-10 2.746040625000000190e+01 8.132375624999999673e+02
-1.031584476230500655e+02  0.000000000000000000e+00   1.064166532602313237e+04  9.421052987217149076e-10 2.754864062500000088e+01 8.184757187500000555e+02
-1.031584446694199642e+02  0.000000000000000000e+00   1.064166471653506414e+04  9.323057128236378655e-10 2.752892187500000176e+01 8.172652187500000309e+02
-1.031584335059009305e+02  0.000000000000000000e+00   1.064166241341776549e+04  9.421819627065486041e-10 2.751782812500000119e+01 8.161901562499999727e+02
-1.031584372709663029e+02  0.000000000000000000e+00   1.064166319015766385e+04  9.368623524019487961e-10 2.751165625000000148e+01 8.163737499999999727e+02
-1.031584396039244353e+02  0.000000000000000000e+00   1.064166367138289024e+04  9.271448869924543553e-10 2.750779687500000037e+01 8.159095937499999991e+02
-1.031584408795934280e+02  0.000000000000000000e+00   1.064166393455676553e+04  9.254372641726442093e-10 2.743704687500000006e+01 8.127022812500000555e+02
-1.031584418023873866e+02  0.000000000000000000e+00   1.064166412497243255e+04  9.280396708242104250e-10 2.752004687500000202e+01 8.163662187500000300e+02
-1.031584400783836912e+02  0.000000000000000000e+00   1.064166376916101399e+04  9.167302282857336190e-10 2.754698437500000097e+01 8.178549062499999991e+02
-1.031584406348736422e+02  0.000000000000000000e+00   1.064166388383977210e+04  9.040900477420228959e-10 2.757479687500000054e+01 8.193257812499999773e+02
-1.031584500162896347e+02  0.000000000000000000e+00   1.064166581947839222e+04  9.129271812253781429e-10 2.747620312500000139e+01 8.142140937499999609e+02
-1.031584363467900829e+02  0.000000000000000000e+00   1.064166299933143637e+04  9.224775054319649386e-10 2.748403125000000102e+01 8.151447500000000446e+02
-1.031584323068565396e+02  0.000000000000000000e+00   1.064166216565721697e+04  9.067112488778989453e-10 2.761168750000000216e+01 8.215901250000000573e+02
-1.031584341596027059e+02  0.000000000000000000e+00   1.064166254785013189e+04  9.010851952790416623e-10 2.753787499999999966e+01 8.176570625000000518e+02
-1.031584402631124817e+02  0.000000000000000000e+00   1.064166380713138460e+04  9.033586408434761861e-10 2.749234374999999986e+01 8.153099375000000464e+02
-1.031584407274513353e+02  0.000000000000000000e+00   1.064166390282872635e+04  8.936230912104896710e-10 2.751626562499999906e+01 8.164966562500000009e+02
-1.031584422605738069e+02  0.000000000000000000e+00   1.064166421922846530e+04  9.021451672922987348e-10 2.750429687500000142e+01 8.156797812500000191e+02
-1.031584360255160107e+02  0.000000000000000000e+00   1.064166293276818578e+04  8.962608079453828832e-10 2.749903125000000159e+01 8.151683749999999691e+02
-1.031584253120579149e+02  0.000000000000000000e+00   1.064166072240930407e+04  8.970284741685132744e-10 2.748806250000000162e+01 8.152290625000000546e+02
-1.031584425469672084e+02  0.000000000000000000e+00   1.064166427821310026e+04  8.924511573382040836e-10 2.748234375000000185e+01 8.146376874999999700e+02
-1.031584422637947966e+02  0.000000000000000000e+00   1.064166421983065629e+04  8.962856554602340843e-10 2.744842187500000108e+01 8.126176562499999818e+02
-1.031584306570807996e+02  0.000000000000000000e+00   1.064166182510418184e+04  8.901273858163105701e-10 2.752045312499999952e+01 8.171391562500000418e+02
-1.031584454682044623e+02  0.000000000000000000e+00   1.064166488088548977e+04  8.898021905639077421e-10 2.750767187499999977e+01 8.159952812500000618e+02
-1.031584507958961439e+02  0.000000000000000000e+00   1.064166597994218500e+04  8.770111694496528481e-10 2.755181250000000048e+01 8.184586874999999964e+02
-1.031584550688521063e+02  0.000000000000000000e+00   1.064166686158450830e+04  8.825807083564964772e-10 2.747374999999999901e+01 8.137922499999999673e+02
-1.031584401268202953e+02  0.000000000000000000e+00   1.064166377868962445e+04  8.730643849297540378e-10 2.752810937499999966e+01 8.170466562500000691e+02
-1.031584441718503058e+02  0.000000000000000000e+00   1.064166461325949240e+04  8.741804952963483185e-10 2.748828125000000000e+01 8.147286874999999782e+02
-1.031584269129103717e+02  0.000000000000000000e+00   1.064166105234021416e+04  8.639575776517702672e-10 2.750182812499999940e+01 8.156080937499999663e+02
-1.031584500821096384e+02  0.000000000000000000e+00   1.064166583254468605e+04  8.646747574387980645e-10 2.752240624999999952e+01 8.165469375000000127e+02
-1.031584499428439585e+02  0.000000000000000000e+00   1.064166580380394043e+04  8.639341162278164043e-10 2.752926562500000074e+01 8.164968437500000391e+02
-1.031584312490499400e+02  0.000000000000000000e+00   1.064166194687981624e+04  8.565252563065961896e-10 2.752121874999999918e+01 8.171466874999999845e+02
-1.031584370789313567e+02  0.000000000000000000e+00   1.064166314967293692e+04  8.556084569047183451e-10 2.758249999999999957e+01 8.201240625000000364e+02
-1.031584349201371538e+02  0.000000000000000000e+00   1.064166270429872566e+04  8.576247940790080484e-10 2.746228125000000020e+01 8.135669374999999945e+02
-1.031584458721828952e+02  0.000000000000000000e+00   1.064166496387654479e+04  8.562998974750024350e-10 2.755904687499999994e+01 8.192192187499999818e+02
-1.031584458523737879e+02  0.000000000000000000e+00   1.064166495968480922e+04  8.464534231143400132e-10 2.752120312499999955e+01 8.169221562500000573e+02
-1.031584397952060073e+02  0.000000000000000000e+00   1.064166371003407949e+04  8.507069676163255171e-10 2.746037499999999909e+01 8.134175625000000309e+02
-1.031584318098955038e+02  0.000000000000000000e+00   1.064166206245148896e+04  8.433483509946769108e-10 2.748287499999999994e+01 8.139526250000000118e+02
-1.031584398861275673e+02  0.000000000000000000e+00   1.064166372873759246e+04  8.455253661121430992e-10 2.752362499999999912e+01 8.165138749999999845e+02
-1.031584375091825905e+02  0.000000000000000000e+00   1.064166323825215113e+04  8.378598365436417858e-10 2.752509374999999991e+01 8.166716250000000628e+02
-1.031584335240750079e+02  0.000000000000000000e+00   1.064166241604533207e+04  8.367423547648271685e-10 2.752800000000000225e+01 8.168531874999999900e+02
-1.031584497425960336e+02  0.000000000000000000e+00   1.064166576215399436e+04  8.324149761675551535e-10 2.745739062500000216e+01 8.129526562500000182e+02
-1.031584394532206090e+02  0.000000000000000000e+00   1.064166363931874002e+04  8.358616224559439332e-10 2.753071875000000190e+01 8.176315000000000737e+02
-1.031584469731394904e+02  0.000000000000000000e+00   1.064166519082064588e+04  8.373327028461742961e-10 2.743540624999999977e+01 8.119434375000000728e+02
-1.031584509853995684e+02  0.000000000000000000e+00   1.064166601849238577e+04  8.255568670873451782e-10 2.745243750000000205e+01 8.130284374999999955e+02
-1.031584370644595055e+02  0.000000000000000000e+00   1.064166314637592222e+04  8.263623455235472505e-10 2.756085937499999972e+01 8.190455312500000673e+02
-1.031584431337313390e+02  0.000000000000000000e+00   1.064166439849915150e+04  8.197843139846793558e-10 2.746129687500000216e+01 8.129282187500000418e+02
