#Npara Msize optCut diagCut sDiagMax  sDiagMin    absRmax       imax
   97    96     0     1  3.17225e+00  0.00000e+00  3.63477e-01    37, 96
   97    96     0     1  2.26728e+00  0.00000e+00 -2.99290e-01     1, 96
   97    96     0     1  1.81814e+00  0.00000e+00 -1.97106e-01     1, 96
   97    96     0     1  1.51826e+00  0.00000e+00 -9.91854e-02     1, 96
   97    96     0     1  1.30091e+00  0.00000e+00 -8.79498e-02     5, 96
   97    96     0     1  1.16077e+00  0.00000e+00 -6.85706e-02     9, 96
   97    96     0     1  1.06711e+00  0.00000e+00 -6.11007e-02     9, 96
   97    96     0     1  1.00584e+00  0.00000e+00 -4.88760e-02    11, 96
   97    96     0     1  9.79008e-01  0.00000e+00 -4.67765e-02    11, 96
   97    96     0     1  9.60857e-01  0.00000e+00 -3.99328e-02    11, 96
   97    96     0     1  9.45047e-01  0.00000e+00 -3.23483e-02    13, 96
   97    96     0     1  9.34851e-01  0.00000e+00 -3.34575e-02    13, 96
   97    96     0     1  9.17213e-01  0.00000e+00 -3.00948e-02    13, 96
   97    96     0     1  9.10239e-01  0.00000e+00 -2.73246e-02    13, 96
   97    96     0     1  8.97696e-01  0.00000e+00 -2.61411e-02    30, 96
   97    96     0     1  8.84106e-01  0.00000e+00 -2.75020e-02    30, 96
   97    96     0     1  8.78493e-01  0.00000e+00 -2.74531e-02    15, 96
   97    96     0     1  8.75178e-01  0.00000e+00  2.85648e-02    72, 96
   97    96     0     1  8.70397e-01  0.00000e+00 -3.26150e-02     7, 96
   97    96     0     1  8.62947e-01  0.00000e+00 -3.74257e-02     9, 96
   97    96     0     1  8.59241e-01  0.00000e+00  4.25516e-02    74, 96
   97    96     0     1  8.59112e-01  0.00000e+00 -6.24001e-02     9, 96
   97    96     0     1  8.56665e-01  0.00000e+00  5.73249e-02    74, 96
   97    96     0     1  8.46042e-01  0.00000e+00 -6.35533e-02     9, 96
   97    96     0     1  8.46515e-01  0.00000e+00  5.96204e-02    74, 96
   97    96     0     1  8.32543e-01  0.00000e+00 -6.60486e-02     9, 96
   97    96     0     1  8.33746e-01  0.00000e+00  3.57465e-02    74, 96
   97    96     0     1  8.31336e-01  0.00000e+00 -6.50158e-02    42, 96
   97    96     0     1  8.29146e-01  0.00000e+00 -2.75940e-02    42, 96
   97    96     0     1  8.23294e-01  0.00000e+00 -2.28845e-02    30, 96
   97    96     0     1  8.26327e-01  0.00000e+00 -2.21299e-02    30, 96
   97    96     0     1  8.37800e-01  0.00000e+00 -2.11767e-02    30, 96
   97    96     0     1  8.23317e-01  0.00000e+00 -1.99601e-02    28, 96
   97    96     0     1  8.31153e-01  0.00000e+00  2.06652e-02    63, 96
   97    96     0     1  8.27517e-01  0.00000e+00  2.52065e-02    63, 96
   97    96     0     1  8.26002e-01  0.00000e+00  3.77811e-02    63, 96
   97    96     0     1  8.29382e-01  0.00000e+00  3.53410e-02    61, 96
   97    96     0     1  8.53008e-01  0.00000e+00  4.69526e-02    21, 96
   97    96     0     1  8.58211e-01  0.00000e+00 -2.45403e-02    20, 96
   97    96     0     1  8.61028e-01  0.00000e+00 -1.66921e-02    17, 96
   97    96     0     1  8.63607e-01  0.00000e+00 -1.45777e-02    17, 96
   97    96     0     1  8.67743e-01  0.00000e+00 -1.16697e-02    17, 96
   97    96     0     1  8.75226e-01  0.00000e+00 -9.97725e-03    17, 96
   97    96     0     1  8.86113e-01  0.00000e+00 -8.58976e-03    17, 96
   97    96     0     1  8.87410e-01  0.00000e+00 -7.36145e-03    17, 96
   97    96     0     1  8.84090e-01  0.00000e+00 -6.45464e-03    17, 96
   97    96     0     1  8.89553e-01  0.00000e+00 -5.77017e-03    17, 96
   97    96     0     1  8.87541e-01  0.00000e+00 -4.77408e-03    15, 96
   97    96     0     1  8.85891e-01  0.00000e+00 -4.48227e-03    17, 96
   97    96     0     1  8.90598e-01  0.00000e+00 -3.98648e-03    17, 96
   97    96     0     1  8.95136e-01  0.00000e+00 -3.80319e-03    20, 96
   97    96     0     1  9.00737e-01  0.00000e+00 -3.75179e-03    15, 96
   97    96     0     1  9.09724e-01  0.00000e+00 -3.46551e-03    20, 96
   97    96     0     1  8.99938e-01  0.00000e+00 -3.26056e-03    15, 96
   97    96     0     1  9.01458e-01  0.00000e+00 -3.37018e-03    15, 96
   97    96     0     1  9.06930e-01  0.00000e+00 -3.28408e-03    15, 96
   97    96     0     1  9.03132e-01  0.00000e+00 -3.02947e-03    15, 96
   97    96     0     1  9.08177e-01  0.00000e+00 -2.63853e-03    48, 96
   97    96     0     1  9.02555e-01  0.00000e+00 -2.94782e-03    15, 96
   97    96     0     1  9.06831e-01  0.00000e+00 -3.06818e-03    15, 96
   97    96     0     1  8.95939e-01  0.00000e+00 -2.55720e-03    15, 96
   97    96     0     1  9.10516e-01  0.00000e+00 -2.72400e-03    15, 96
   97    96     0     1  9.06181e-01  0.00000e+00 -2.70345e-03    15, 96
   97    96     0     1  9.05637e-01  0.00000e+00 -2.68563e-03    62, 96
   97    96     0     1  8.99267e-01  0.00000e+00 -2.39181e-03    15, 96
   97    96     0     1  8.97705e-01  0.00000e+00 -2.64341e-03    15, 96
   97    96     0     1  9.08738e-01  0.00000e+00 -2.64354e-03    15, 96
   97    96     0     1  9.06304e-01  0.00000e+00 -2.45457e-03    48, 96
   97    96     0     1  9.11478e-01  0.00000e+00 -2.64534e-03    15, 96
   97    96     0     1  9.06761e-01  0.00000e+00 -2.30467e-03    15, 96
   97    96     0     1  9.04372e-01  0.00000e+00 -2.37943e-03    15, 96
   97    96     0     1  9.06630e-01  0.00000e+00 -2.32967e-03    15, 96
   97    96     0     1  9.00541e-01  0.00000e+00 -2.19907e-03    15, 96
   97    96     0     1  9.11872e-01  0.00000e+00 -2.53324e-03    15, 96
   97    96     0     1  9.17296e-01  0.00000e+00 -2.03965e-03    29, 96
   97    96     0     1  9.14872e-01  0.00000e+00 -2.14427e-03    29, 96
   97    96     0     1  9.05736e-01  0.00000e+00 -2.25044e-03    15, 96
   97    96     0     1  9.17886e-01  0.00000e+00 -2.11291e-03    31, 96
   97    96     0     1  9.08156e-01  0.00000e+00 -2.32055e-03    15, 96
   97    96     0     1  9.10670e-01  0.00000e+00 -2.13393e-03    15, 96
   97    96     0     1  9.11045e-01  0.00000e+00 -2.36872e-03    29, 96
   97    96     0     1  9.10341e-01  0.00000e+00 -2.04006e-03    48, 96
   97    96     0     1  9.11762e-01  0.00000e+00 -2.28142e-03    26, 96
   97    96     0     1  9.09995e-01  0.00000e+00 -1.92339e-03    24, 96
   97    96     0     1  9.11164e-01  0.00000e+00 -2.13680e-03    26, 96
   97    96     0     1  9.17039e-01  0.00000e+00 -2.02579e-03    15, 96
   97    96     0     1  9.09228e-01  0.00000e+00 -2.09704e-03    26, 96
   97    96     0     1  9.12233e-01  0.00000e+00 -1.91235e-03    31, 96
   97    96     0     1  9.08992e-01  0.00000e+00 -1.98638e-03    15, 96
   97    96     0     1  9.09569e-01  0.00000e+00 -1.98409e-03    15, 96
   97    96     0     1  9.13369e-01  0.00000e+00 -2.22602e-03    15, 96
   97    96     0     1  9.03712e-01  0.00000e+00 -1.71277e-03    26, 96
   97    96     0     1  9.09072e-01  0.00000e+00 -1.78412e-03    48, 96
   97    96     0     1  9.04917e-01  0.00000e+00 -2.15375e-03    26, 96
   97    96     0     1  9.14226e-01  0.00000e+00 -1.92021e-03    28, 96
   97    96     0     1  9.08975e-01  0.00000e+00 -1.90341e-03    26, 96
   97    96     0     1  9.13441e-01  0.00000e+00 -1.77441e-03    48, 96
   97    96     0     1  9.14672e-01  0.00000e+00 -1.70017e-03    48, 96
   97    96     0     1  8.99925e-01  0.00000e+00 -1.67853e-03    15, 96
   97    96     0     1  9.14384e-01  0.00000e+00 -1.78313e-03    26, 96
   97    96     0     1  9.06463e-01  0.00000e+00 -1.72115e-03    26, 96
   97    96     0     1  9.07652e-01  0.00000e+00 -1.71284e-03    15, 96
   97    96     0     1  9.07676e-01  0.00000e+00 -1.60729e-03    15, 96
   97    96     0     1  8.99941e-01  0.00000e+00 -1.83307e-03    15, 96
   97    96     0     1  9.08286e-01  0.00000e+00 -1.62111e-03    48, 96
   97    96     0     1  9.04352e-01  0.00000e+00 -1.68890e-03    15, 96
   97    96     0     1  9.07388e-01  0.00000e+00 -2.15570e-03    64, 96
   97    96     0     1  9.07093e-01  0.00000e+00 -1.52269e-03    48, 96
   97    96     0     1  9.11713e-01  0.00000e+00 -1.66277e-03    26, 96
   97    96     0     1  9.10937e-01  0.00000e+00 -1.60550e-03    15, 96
   97    96     0     1  9.05937e-01  0.00000e+00 -2.06737e-03    26, 96
   97    96     0     1  9.13245e-01  0.00000e+00 -1.56896e-03    15, 96
   97    96     0     1  9.05931e-01  0.00000e+00 -1.58561e-03    48, 96
   97    96     0     1  9.05223e-01  0.00000e+00 -1.50968e-03    62, 96
   97    96     0     1  9.08618e-01  0.00000e+00 -1.77490e-03    64, 96
   97    96     0     1  9.10272e-01  0.00000e+00 -1.55067e-03    24, 96
   97    96     0     1  8.98372e-01  0.00000e+00 -1.86957e-03    31, 96
   97    96     0     1  8.98485e-01  0.00000e+00 -1.58640e-03    26, 96
   97    96     0     1  9.08137e-01  0.00000e+00 -1.57866e-03    31, 96
   97    96     0     1  9.12221e-01  0.00000e+00 -1.64135e-03    31, 96
   97    96     0     1  8.97731e-01  0.00000e+00 -1.51385e-03    48, 96
   97    96     0     1  9.03198e-01  0.00000e+00 -1.34133e-03    48, 96
   97    96     0     1  9.11399e-01  0.00000e+00 -1.71515e-03    64, 96
   97    96     0     1  9.11111e-01  0.00000e+00 -1.43655e-03    48, 96
   97    96     0     1  9.06487e-01  0.00000e+00 -2.20458e-03    31, 96
   97    96     0     1  9.09025e-01  0.00000e+00 -1.68544e-03    29, 96
   97    96     0     1  9.12683e-01  0.00000e+00 -1.90409e-03    26, 96
   97    96     0     1  9.06356e-01  0.00000e+00 -1.89225e-03    62, 96
   97    96     0     1  9.08213e-01  0.00000e+00 -1.89326e-03    26, 96
   97    96     0     1  8.98449e-01  0.00000e+00 -1.78652e-03    64, 96
   97    96     0     1  9.01469e-01  0.00000e+00 -1.81854e-03    26, 96
   97    96     0     1  9.07703e-01  0.00000e+00 -1.81109e-03    31, 96
   97    96     0     1  9.17599e-01  0.00000e+00 -1.70883e-03    28, 96
   97    96     0     1  9.06794e-01  0.00000e+00 -1.58391e-03    26, 96
   97    96     0     1  8.99810e-01  0.00000e+00 -1.41690e-03    18, 94
   97    96     0     1  9.04400e-01  0.00000e+00 -1.85571e-03    64, 96
   97    96     0     1  9.03520e-01  0.00000e+00 -1.83461e-03    26, 96
   97    96     0     1  9.03778e-01  0.00000e+00 -1.28653e-03    24, 96
   97    96     0     1  9.02470e-01  0.00000e+00 -1.42886e-03    29, 96
   97    96     0     1  9.01338e-01  0.00000e+00 -1.60962e-03    31, 96
   97    96     0     1  9.09069e-01  0.00000e+00 -1.43743e-03    29, 96
   97    96     0     1  9.03755e-01  0.00000e+00 -1.63779e-03    31, 96
   97    96     0     1  9.08217e-01  0.00000e+00 -1.60465e-03    26, 96
   97    96     0     1  8.99155e-01  0.00000e+00 -1.28476e-03    18, 96
   97    96     0     1  9.02408e-01  0.00000e+00 -1.50906e-03    24, 96
   97    96     0     1  9.00654e-01  0.00000e+00 -1.38707e-03    26, 96
   97    96     0     1  9.02034e-01  0.00000e+00 -1.30634e-03    26, 96
   97    96     0     1  9.02031e-01  0.00000e+00 -1.30949e-03    18, 96
   97    96     0     1  8.99215e-01  0.00000e+00 -1.32291e-03    26, 96
   97    96     0     1  9.07994e-01  0.00000e+00 -1.41859e-03    26, 96
   97    96     0     1  9.01268e-01  0.00000e+00 -1.28745e-03    31, 96
   97    96     0     1  9.02127e-01  0.00000e+00 -1.19720e-03    64, 96
   97    96     0     1  9.05589e-01  0.00000e+00 -1.51820e-03    29, 96
   97    96     0     1  9.07906e-01  0.00000e+00 -1.24595e-03    31, 96
   97    96     0     1  9.04028e-01  0.00000e+00 -1.23717e-03    48, 96
   97    96     0     1  8.99716e-01  0.00000e+00 -1.56179e-03    62, 96
   97    96     0     1  8.97280e-01  0.00000e+00 -1.34268e-03    64, 96
   97    96     0     1  9.00296e-01  0.00000e+00 -1.22271e-03    48, 96
   97    96     0     1  9.03020e-01  0.00000e+00 -1.53841e-03    26, 96
   97    96     0     1  8.94917e-01  0.00000e+00 -1.29911e-03    18, 96
   97    96     0     1  9.04068e-01  0.00000e+00 -1.30966e-03    24, 96
   97    96     0     1  8.95752e-01  0.00000e+00 -1.40845e-03    31, 96
   97    96     0     1  8.98807e-01  0.00000e+00 -1.23027e-03    64, 96
   97    96     0     1  9.03870e-01  0.00000e+00 -1.68750e-03    64, 96
   97    96     0     1  8.92429e-01  0.00000e+00 -1.99799e-03    31, 96
   97    96     0     1  9.05116e-01  0.00000e+00 -1.71373e-03    26, 96
   97    96     0     1  8.91998e-01  0.00000e+00 -1.32504e-03    26, 96
   97    96     0     1  8.94951e-01  0.00000e+00 -1.13584e-03    31, 96
   97    96     0     1  9.00473e-01  0.00000e+00 -1.31144e-03    64, 96
   97    96     0     1  8.93890e-01  0.00000e+00 -1.55330e-03    62, 96
   97    96     0     1  8.93814e-01  0.00000e+00 -1.74548e-03    26, 96
   97    96     0     1  8.94332e-01  0.00000e+00 -1.19079e-03    24, 90
   97    96     0     1  9.01499e-01  0.00000e+00 -1.73195e-03    29, 96
   97    96     0     1  8.83667e-01  0.00000e+00 -1.39149e-03    64, 90
   97    96     0     1  9.02434e-01  0.00000e+00 -1.40122e-03    28, 91
   97    96     0     1  8.97693e-01  0.00000e+00 -1.66549e-03    64, 96
   97    96     0     1  8.97606e-01  0.00000e+00 -1.47161e-03    31, 96
   97    96     0     1  9.00500e-01  0.00000e+00 -1.30655e-03    29, 96
   97    96     0     1  8.95413e-01  0.00000e+00 -1.10683e-03    31, 90
   97    96     0     1  8.88690e-01  0.00000e+00 -1.29875e-03    31, 96
   97    96     0     1  8.96509e-01  0.00000e+00 -1.42423e-03    29, 96
   97    96     0     1  8.95456e-01  0.00000e+00 -1.30772e-03    62, 96
   97    96     0     1  8.91836e-01  0.00000e+00 -1.54634e-03    31, 96
   97    96     0     1  8.89039e-01  0.00000e+00 -9.49050e-04    64, 96
   97    96     0     1  8.95058e-01  0.00000e+00 -1.39145e-03    31, 96
   97    96     0     1  8.91603e-01  0.00000e+00 -1.13611e-03    24, 94
   97    96     0     1  8.98857e-01  0.00000e+00 -1.57964e-03    64, 96
   97    96     0     1  8.88062e-01  0.00000e+00 -1.16797e-03    62, 96
   97    96     0     1  8.91593e-01  0.00000e+00 -1.15312e-03    26, 87
   97    96     0     1  8.95195e-01  0.00000e+00 -1.07080e-03    64, 95
   97    96     0     1  8.96799e-01  0.00000e+00 -1.26689e-03    26, 96
   97    96     0     1  8.91711e-01  0.00000e+00 -1.37851e-03    26, 93
   97    96     0     1  8.97798e-01  0.00000e+00 -1.54957e-03    62, 96
   97    96     0     1  8.91423e-01  0.00000e+00 -1.48461e-03    64, 96
   97    96     0     1  8.88132e-01  0.00000e+00 -1.63395e-03    64, 96
   97    96     0     1  8.91252e-01  0.00000e+00 -1.15420e-03    31, 96
   97    96     0     1  8.96071e-01  0.00000e+00 -1.50629e-03    26, 96
   97    96     0     1  8.91251e-01  0.00000e+00 -1.03114e-03    28, 88
   97    96     0     1  8.94505e-01  0.00000e+00 -1.47524e-03    62, 96
   97    96     0     1  8.95498e-01  0.00000e+00 -2.08752e-03    64, 96
   97    96     0     1  8.95062e-01  0.00000e+00 -1.05814e-03    28, 91
   97    96     0     1  8.89440e-01  0.00000e+00 -1.39789e-03    64, 96
   97    96     0     1  8.87581e-01  0.00000e+00 -1.32269e-03    26, 96
   97    96     0     1  8.91962e-01  0.00000e+00 -1.08110e-03    29, 90
   97    96     0     1  8.94311e-01  0.00000e+00 -1.54397e-03    64, 96
   97    96     0     1  8.93330e-01  0.00000e+00  1.21722e-03    93, 92
   97    96     0     1  8.91404e-01  0.00000e+00 -1.30073e-03    64, 96
   97    96     0     1  8.89568e-01  0.00000e+00 -9.26582e-04    24, 91
   97    96     0     1  8.93230e-01  0.00000e+00 -1.46398e-03    64, 96
   97    96     0     1  8.95317e-01  0.00000e+00 -1.91542e-03    26, 96
   97    96     0     1  8.81944e-01  0.00000e+00 -9.03368e-04    18, 80
   97    96     0     1  8.93846e-01  0.00000e+00 -1.34372e-03    28, 96
   97    96     0     1  8.87787e-01  0.00000e+00 -1.11900e-03    64, 89
   97    96     0     1  8.88397e-01  0.00000e+00 -1.13850e-03    60, 96
   97    96     0     1  8.84231e-01  0.00000e+00 -1.10684e-03    60, 96
   97    96     0     1  8.82579e-01  0.00000e+00 -8.19594e-04    24, 79
   97    96     0     1  8.89540e-01  0.00000e+00 -1.79869e-03    60, 96
   97    96     0     1  8.87138e-01  0.00000e+00 -1.25004e-03    31, 96
   97    96     0     1  8.81487e-01  0.00000e+00 -7.60587e-04    48, 78
   97    96     0     1  8.93049e-01  0.00000e+00 -7.92452e-04    48, 79
   97    96     0     1  8.94790e-01  0.00000e+00 -1.50401e-03    62, 96
   97    96     0     1  8.84159e-01  0.00000e+00 -8.05612e-04    48, 78
   97    96     0     1  8.83376e-01  0.00000e+00 -9.23054e-04    31, 93
   97    96     0     1  8.86635e-01  0.00000e+00 -1.82691e-03    64, 96
   97    96     0     1  8.77918e-01  0.00000e+00 -1.32228e-03    60, 96
   97    96     0     1  8.80370e-01  0.00000e+00 -9.90675e-04    31, 96
   97    96     0     1  8.81825e-01  0.00000e+00 -7.53827e-04    48, 70
   97    96     0     1  8.91806e-01  0.00000e+00 -9.44241e-04    24, 92
   97    96     0     1  8.79534e-01  0.00000e+00 -1.41008e-03    26, 91
   97    96     0     1  8.79916e-01  0.00000e+00 -8.60596e-04    24, 78
   97    96     0     1  8.79429e-01  0.00000e+00 -1.41470e-03    29, 91
   97    96     0     1  8.89783e-01  0.00000e+00 -1.06446e-03    26, 78
   97    96     0     1  8.82480e-01  0.00000e+00 -1.02461e-03    64, 90
   97    96     0     1  8.85297e-01  0.00000e+00 -1.01178e-03    62, 91
   97    96     0     1  8.85120e-01  0.00000e+00 -1.45958e-03    60, 90
   97    96     0     1  8.79549e-01  0.00000e+00 -1.52377e-03    64, 91
   97    96     0     1  8.87436e-01  0.00000e+00 -9.20231e-04    31, 79
   97    96     0     1  8.77113e-01  0.00000e+00 -1.38617e-03    62, 96
   97    96     0     1  8.79408e-01  0.00000e+00 -8.16799e-04    24, 82
   97    96     0     1  8.75823e-01  0.00000e+00 -1.39629e-03    26, 88
   97    96     0     1  8.71988e-01  0.00000e+00 -8.75229e-04    24, 78
   97    96     0     1  8.79767e-01  0.00000e+00 -1.47267e-03    64, 96
   97    96     0     1  8.80633e-01  0.00000e+00 -8.44968e-04    26, 92
   97    96     0     1  8.81935e-01  0.00000e+00 -1.18375e-03    60, 89
   97    96     0     1  8.79578e-01  0.00000e+00 -1.11415e-03    29, 91
   97    96     0     1  8.76658e-01  0.00000e+00 -1.08490e-03    62, 90
   97    96     0     1  8.80037e-01  0.00000e+00 -9.63536e-04    64, 80
   97    96     0     1  8.84933e-01  0.00000e+00 -1.50766e-03    62, 96
   97    96     0     1  8.77638e-01  0.00000e+00 -1.12568e-03    27, 88
   97    96     0     1  8.76277e-01  0.00000e+00 -9.00941e-04    24, 80
   97    96     0     1  8.85353e-01  0.00000e+00 -1.31035e-03    62, 96
   97    96     0     1  8.81372e-01  0.00000e+00 -7.21204e-04    26, 76
   97    96     0     1  8.75865e-01  0.00000e+00 -1.26865e-03    26, 90
   97    96     0     1  8.92530e-01  0.00000e+00 -1.35286e-03    62, 96
   97    96     0     1  8.85155e-01  0.00000e+00 -7.12976e-04    24, 74
   97    96     0     1  8.83994e-01  0.00000e+00 -1.31218e-03    31, 96
   97    96     0     1  8.70003e-01  0.00000e+00 -6.83274e-04    52, 73
   97    96     0     1  8.74168e-01  0.00000e+00 -1.38234e-03    64, 96
   97    96     0     1  8.79641e-01  0.00000e+00  8.24480e-04    93, 88
   97    96     0     1  8.80469e-01  0.00000e+00 -7.15245e-04    24, 74
   97    96     0     1  8.76659e-01  0.00000e+00 -6.89838e-04    24, 74
   97    96     0     1  8.72829e-01  0.00000e+00 -1.53773e-03    31, 91
   97    96     0     1  8.75611e-01  0.00000e+00 -9.33706e-04    24, 72
   97    96     0     1  8.78626e-01  0.00000e+00 -1.57046e-03    64, 96
   97    96     0     1  8.82041e-01  0.00000e+00 -8.64698e-04    31, 79
   97    96     0     1  8.76974e-01  0.00000e+00 -1.25937e-03    64, 96
   97    96     0     1  8.75810e-01  0.00000e+00 -7.41679e-04    58, 75
   97    96     0     1  8.77836e-01  0.00000e+00 -8.10574e-04    26, 83
   97    96     0     1  8.72265e-01  0.00000e+00 -1.65436e-03    31, 96
   97    96     0     1  8.80426e-01  0.00000e+00 -1.13404e-03    29, 87
   97    96     0     1  8.75976e-01  0.00000e+00 -6.24123e-04    54, 77
   97    96     0     1  8.80692e-01  0.00000e+00 -9.68898e-04    58, 77
   97    96     0     1  8.77353e-01  0.00000e+00 -6.89717e-04    24, 75
   97    96     0     1  8.74277e-01  0.00000e+00 -7.01344e-04    64, 74
   97    96     0     1  8.77282e-01  0.00000e+00 -8.12037e-04    62, 80
   97    96     0     1  8.74235e-01  0.00000e+00 -1.34868e-03    64, 91
   97    96     0     1  8.76173e-01  0.00000e+00 -6.94798e-04    18, 75
   97    96     0     1  8.80046e-01  0.00000e+00 -6.40247e-04    54, 76
   97    96     0     1  8.75308e-01  0.00000e+00 -1.10032e-03    64, 91
   97    96     0     1  8.82187e-01  0.00000e+00 -8.84086e-04    26, 77
   97    96     0     1  8.72628e-01  0.00000e+00 -6.97165e-04    64, 75
   97    96     0     1  8.73572e-01  0.00000e+00 -1.27803e-03    62, 96
   97    96     0     1  8.73991e-01  0.00000e+00 -1.59609e-03    60, 94
   97    96     0     1  8.70022e-01  0.00000e+00 -1.06318e-03    64, 88
   97    96     0     1  8.72809e-01  0.00000e+00 -5.92817e-04    54, 74
   97    96     0     1  8.76260e-01  0.00000e+00 -6.09274e-04    54, 74
   97    96     0     1  8.77642e-01  0.00000e+00 -9.82061e-04    62, 83
   97    96     0     1  8.66935e-01  0.00000e+00 -7.61186e-04    26, 79
   97    96     0     1  8.78834e-01  0.00000e+00 -6.32371e-04    54, 75
   97    96     0     1  8.67433e-01  0.00000e+00 -7.46757e-04    24, 77
   97    96     0     1  8.71351e-01  0.00000e+00 -1.96161e-03    62, 96
   97    96     0     1  8.74814e-01  0.00000e+00 -6.66999e-04    24, 74
   97    96     0     1  8.71244e-01  0.00000e+00 -5.85787e-04    54, 74
   97    96     0     1  8.77793e-01  0.00000e+00 -8.20946e-04    62, 77
   97    96     0     1  8.70050e-01  0.00000e+00 -5.81988e-04    54, 75
   97    96     0     1  8.73403e-01  0.00000e+00 -1.39777e-03    62, 90
   97    96     0     1  8.74649e-01  0.00000e+00 -6.06344e-04    54, 71
   97    96     0     1  8.78302e-01  0.00000e+00 -6.81873e-04    24, 77
   97    96     0     1  8.73707e-01  0.00000e+00 -9.26092e-04    60, 76
   97    96     0     1  8.74112e-01  0.00000e+00 -1.57310e-03    29, 89
   97    96     0     1  8.68294e-01  0.00000e+00 -7.20560e-04    26, 78
   97    96     0     1  8.71223e-01  0.00000e+00 -8.69690e-04    62, 76
   97    96     0     1  8.69348e-01  0.00000e+00 -7.10891e-04    64, 75
   97    96     0     1  8.70663e-01  0.00000e+00 -1.41465e-03    62, 96
   97    96     0     1  8.67425e-01  0.00000e+00 -5.76208e-04    29, 78
   97    96     0     1  8.71712e-01  0.00000e+00 -8.78059e-04    58, 88
   97    96     0     1  8.70163e-01  0.00000e+00 -6.62080e-04    64, 74
   97    96     0     1  8.65601e-01  0.00000e+00 -1.13048e-03    64, 82
   97    96     0     1  8.68803e-01  0.00000e+00 -6.22013e-04    54, 74
   97    96     0     1  8.72244e-01  0.00000e+00 -5.60907e-04    54, 71
   97    96     0     1  8.73379e-01  0.00000e+00 -7.38239e-04    60, 80
   97    96     0     1  8.67675e-01  0.00000e+00 -1.07929e-03    62, 89
   97    96     0     1  8.75775e-01  0.00000e+00 -6.08908e-04    24, 74
   97    96     0     1  8.68819e-01  0.00000e+00 -1.17378e-03    64, 89
   97    96     0     1  8.70485e-01  0.00000e+00 -6.41630e-04    60, 80
   97    96     0     1  8.70713e-01  0.00000e+00 -1.20702e-03    26, 89
   97    96     0     1  8.71025e-01  0.00000e+00 -1.02418e-03    62, 76
   97    96     0     1  8.67451e-01  0.00000e+00 -6.47679e-04    24, 72
   97    96     0     1  8.73796e-01  0.00000e+00 -9.45494e-04    58, 88
   97    96     0     1  8.67656e-01  0.00000e+00 -8.09209e-04    60, 76
   97    96     0     1  8.72420e-01  0.00000e+00 -7.10276e-04    62, 78
   97    96     0     1  8.67476e-01  0.00000e+00 -6.68368e-04    24, 71
   97    96     0     1  8.69412e-01  0.00000e+00 -6.79634e-04    58, 79
   97    96     0     1  8.62230e-01  0.00000e+00 -5.54868e-04    54, 67
   97    96     0     1  8.70795e-01  0.00000e+00 -9.16735e-04    24, 90
   97    96     0     1  8.70788e-01  0.00000e+00 -8.19906e-04    64, 77
   97    96     0     1  8.62356e-01  0.00000e+00 -5.36379e-04    54, 69
   97    96     0     1  8.68824e-01  0.00000e+00 -6.19633e-04    24, 77
   97    96     0     1  8.66196e-01  0.00000e+00 -8.64650e-04    64, 81
   97    96     0     1  8.73713e-01  0.00000e+00 -1.09227e-03    29, 87
   97    96     0     1  8.63632e-01  0.00000e+00 -6.12331e-04    24, 69
   97    96     0     1  8.71581e-01  0.00000e+00 -7.26385e-04    26, 76
   97    96     0     1  8.64104e-01  0.00000e+00 -6.70375e-04    62, 67
   97    96     0     1  8.64993e-01  0.00000e+00 -6.12739e-04    24, 68
   97    96     0     1  8.67362e-01  0.00000e+00 -5.48488e-04    62, 69
   97    96     0     1  8.67930e-01  0.00000e+00 -7.36254e-04    60, 78
   97    96     0     1  8.68350e-01  0.00000e+00 -1.08753e-03    64, 88
   97    96     0     1  8.61313e-01  0.00000e+00 -1.07719e-03    28, 84
   97    96     0     1  8.63632e-01  0.00000e+00 -5.17496e-04    54, 67
   97    96     0     1  8.62105e-01  0.00000e+00  5.93289e-04    95, 68
   97    96     0     1  8.66735e-01  0.00000e+00 -1.13476e-03    26, 89
   97    96     0     1  8.66943e-01  0.00000e+00  7.16165e-04    93, 75
   97    96     0     1  8.60020e-01  0.00000e+00 -5.22605e-04    54, 72
   97    96     0     1  8.63247e-01  0.00000e+00 -1.26419e-03    62, 84
   97    96     0     1  8.63456e-01  0.00000e+00 -5.21395e-04    54, 69
   97    96     0     1  8.63790e-01  0.00000e+00 -5.52670e-04    24, 70
   97    96     0     1  8.69412e-01  0.00000e+00 -4.71254e-04    54, 52
   97    96     0     1  8.68735e-01  0.00000e+00 -4.25630e-04    54, 42
   97    96     0     1  8.60690e-01  0.00000e+00 -8.37659e-04    26, 83
   97    96     0     1  8.66140e-01  0.00000e+00 -1.35230e-03    64, 94
   97    96     0     1  8.63809e-01  0.00000e+00 -5.39015e-04    24, 68
   97    96     0     1  8.60991e-01  0.00000e+00 -4.68581e-04    54, 42
   97    96     0     1  8.68355e-01  0.00000e+00 -7.41287e-04    24, 75
   97    96     0     1  8.68490e-01  0.00000e+00 -5.33494e-04    54, 70
   97    96     0     1  8.67317e-01  0.00000e+00 -8.68986e-04    64, 83
   97    96     0     1  8.58570e-01  0.00000e+00 -6.01023e-04    62, 68
   97    96     0     1  8.58117e-01  0.00000e+00 -7.04258e-04    24, 74
   97    96     0     1  8.65835e-01  0.00000e+00 -7.95354e-04    60, 69
   97    96     0     1  8.62291e-01  0.00000e+00 -1.03874e-03    64, 84
   97    96     0     1  8.59921e-01  0.00000e+00  7.66052e-04    93, 79
   97    96     0     1  8.60430e-01  0.00000e+00 -8.33219e-04    24, 74
   97    96     0     1  8.62958e-01  0.00000e+00 -8.61181e-04    60, 71
   97    96     0     1  8.61846e-01  0.00000e+00 -1.27365e-03    64, 79
   97    96     0     1  8.61948e-01  0.00000e+00 -5.79491e-04    60, 69
   97    96     0     1  8.55141e-01  0.00000e+00 -1.75437e-03    64, 88
   97    96     0     1  8.60918e-01  0.00000e+00 -6.98521e-04    62, 73
   97    96     0     1  8.60995e-01  0.00000e+00 -4.74364e-04    26, 66
   97    96     0     1  8.66059e-01  0.00000e+00 -7.81377e-04    60, 74
   97    96     0     1  8.58877e-01  0.00000e+00 -1.01970e-03    24, 88
   97    96     0     1  8.63845e-01  0.00000e+00  6.35676e-04    93, 74
   97    96     0     1  8.59714e-01  0.00000e+00 -6.21324e-04    26, 74
   97    96     0     1  8.58112e-01  0.00000e+00 -4.69560e-04    54, 67
   97    96     0     1  8.61404e-01  0.00000e+00 -4.07486e-04    54, 42
   97    96     0     1  8.51576e-01  0.00000e+00 -4.08538e-04    54, 42
   97    96     0     1  8.56606e-01  0.00000e+00 -1.19902e-03    60, 85
   97    96     0     1  8.64253e-01  0.00000e+00 -6.37778e-04    64, 74
   97    96     0     1  8.62437e-01  0.00000e+00 -4.62353e-04    54, 52
   97    96     0     1  8.59052e-01  0.00000e+00  1.19350e-03    93, 87
   97    96     0     1  8.62076e-01  0.00000e+00 -5.32729e-04    24, 75
   97    96     0     1  8.64936e-01  0.00000e+00 -6.26974e-04    24, 73
   97    96     0     1  8.59230e-01  0.00000e+00  5.19453e-04    91, 74
   97    96     0     1  8.62885e-01  0.00000e+00 -8.49475e-04    24, 84
   97    96     0     1  8.57763e-01  0.00000e+00 -4.45994e-04    54, 58
   97    96     0     1  8.59164e-01  0.00000e+00 -4.64636e-04    54, 58
   97    96     0     1  8.62071e-01  0.00000e+00  5.71325e-04    91, 74
   97    96     0     1  8.58110e-01  0.00000e+00 -1.03061e-03    64, 84
   97    96     0     1  8.59597e-01  0.00000e+00 -1.04442e-03    60, 82
   97    96     0     1  8.56693e-01  0.00000e+00 -5.37243e-04    24, 73
   97    96     0     1  8.60328e-01  0.00000e+00 -5.64214e-04    64, 68
   97    96     0     1  8.64300e-01  0.00000e+00 -5.07896e-04    29, 74
   97    96     0     1  8.60202e-01  0.00000e+00 -8.30597e-04    62, 84
   97    96     0     1  8.61025e-01  0.00000e+00 -9.71192e-04    60, 87
   97    96     0     1  8.51570e-01  0.00000e+00 -4.86021e-04    54, 68
   97    96     0     1  8.53249e-01  0.00000e+00 -4.25776e-04    54, 53
   97    96     0     1  8.52069e-01  0.00000e+00 -5.55042e-04    24, 68
   97    96     0     1  8.62626e-01  0.00000e+00 -7.49756e-04    64, 80
   97    96     0     1  8.58351e-01  0.00000e+00 -1.12835e-03    62, 83
   97    96     0     1  8.65967e-01  0.00000e+00 -4.11559e-04    54, 50
   97    96     0     1  8.63399e-01  0.00000e+00  4.54855e-04    91, 67
   97    96     0     1  8.61155e-01  0.00000e+00 -5.37147e-04    64, 69
   97    96     0     1  8.47768e-01  0.00000e+00 -4.12744e-04    54, 52
   97    96     0     1  8.56510e-01  0.00000e+00 -4.70137e-04    54, 68
   97    96     0     1  8.58887e-01  0.00000e+00 -4.11689e-04    54, 61
   97    96     0     1  8.62500e-01  0.00000e+00 -5.45104e-04    64, 69
   97    96     0     1  8.61459e-01  0.00000e+00 -1.29109e-03    64, 84
   97    96     0     1  8.58448e-01  0.00000e+00 -4.43637e-04    60, 74
   97    96     0     1  8.49402e-01  0.00000e+00 -9.18151e-04    62, 72
   97    96     0     1  8.62617e-01  0.00000e+00 -4.79504e-04    60, 65
   97    96     0     1  8.67954e-01  0.00000e+00 -5.08705e-04    62, 68
   97    96     0     1  8.61638e-01  0.00000e+00 -4.19872e-04    64, 51
   97    96     0     1  8.58587e-01  0.00000e+00 -6.31430e-04    62, 69
   97    96     0     1  8.59968e-01  0.00000e+00 -4.11206e-04    54, 51
   97    96     0     1  8.55194e-01  0.00000e+00 -4.80105e-04    62, 67
   97    96     0     1  8.51633e-01  0.00000e+00 -4.50275e-04    54, 69
   97    96     0     1  8.51324e-01  0.00000e+00 -1.29737e-03    60, 83
   97    96     0     1  8.54514e-01  0.00000e+00 -6.87772e-04    64, 69
   97    96     0     1  8.56585e-01  0.00000e+00  5.79425e-04    93, 74
   97    96     0     1  8.62156e-01  0.00000e+00  5.22734e-04    95, 65
   97    96     0     1  8.51630e-01  0.00000e+00 -4.00954e-04    54, 53
   97    96     0     1  8.59383e-01  0.00000e+00 -3.51158e-04    54, 55
   97    96     0     1  8.52392e-01  0.00000e+00 -5.01023e-04    24, 69
   97    96     0     1  8.59359e-01  0.00000e+00 -1.34358e-03    64, 88
   97    96     0     1  8.56021e-01  0.00000e+00 -4.00580e-04    54, 54
   97    96     0     1  8.53039e-01  0.00000e+00 -6.93472e-04    58, 74
   97    96     0     1  8.53562e-01  0.00000e+00 -7.83684e-04    60, 66
   97    96     0     1  8.65439e-01  0.00000e+00 -5.47199e-04    62, 70
   97    96     0     1  8.53534e-01  0.00000e+00 -4.75872e-04    19, 68
   97    96     0     1  8.48631e-01  0.00000e+00 -3.78646e-04    54, 49
   97    96     0     1  8.56775e-01  0.00000e+00 -6.22619e-04    64, 74
   97    96     0     1  8.58918e-01  0.00000e+00 -4.32066e-04    60, 68
   97    96     0     1  8.47066e-01  0.00000e+00 -5.92880e-04    64, 75
   97    96     0     1  8.57281e-01  0.00000e+00 -7.67601e-04    60, 76
   97    96     0     1  8.59977e-01  0.00000e+00 -4.37441e-04    62, 69
   97    96     0     1  8.44324e-01  0.00000e+00 -3.71286e-04    54, 51
   97    96     0     1  8.59788e-01  0.00000e+00 -5.22214e-04    24, 73
   97    96     0     1  8.59203e-01  0.00000e+00 -5.31051e-04    58, 72
   97    96     0     1  8.51204e-01  0.00000e+00 -4.88230e-04    60, 68
   97    96     0     1  8.45627e-01  0.00000e+00 -3.62650e-04    64, 56
   97    96     0     1  8.53773e-01  0.00000e+00 -3.67531e-04    62, 54
   97    96     0     1  8.53748e-01  0.00000e+00 -4.71371e-04    62, 63
   97    96     0     1  8.57224e-01  0.00000e+00 -3.50560e-04    54, 50
   97    96     0     1  8.52324e-01  0.00000e+00 -7.31419e-04    62, 73
   97    96     0     1  8.49118e-01  0.00000e+00 -2.86540e-04    48, 42
   97    96     0     1  8.50367e-01  0.00000e+00 -5.58350e-04    62, 72
   97    96     0     1  8.57152e-01  0.00000e+00 -1.52799e-03    64, 96
   97    96     0     1  8.58696e-01  0.00000e+00  1.03386e-03    94, 80
   97    96     0     1  8.56687e-01  0.00000e+00 -5.94256e-04    94, 72
   97    96     0     1  8.45768e-01  0.00000e+00 -2.74942e-04    54, 42
   97    96     0     1  8.44297e-01  0.00000e+00 -3.56428e-04    54, 52
   97    96     0     1  8.54787e-01  0.00000e+00 -3.42081e-04    54, 51
   97    96     0     1  8.46371e-01  0.00000e+00  4.85071e-04    63, 70
   97    96     0     1  8.55068e-01  0.00000e+00 -3.42236e-04    54, 54
   97    96     0     1  8.52470e-01  0.00000e+00 -6.27881e-04    64, 69
   97    96     0     1  8.52474e-01  0.00000e+00 -5.71994e-04    60, 70
   97    96     0     1  8.60168e-01  0.00000e+00 -6.96577e-04    62, 75
   97    96     0     1  8.48528e-01  0.00000e+00 -5.50466e-04    24, 73
   97    96     0     1  8.58214e-01  0.00000e+00  4.92361e-04    61, 53
   97    96     0     1  8.44536e-01  0.00000e+00  3.00291e-04    93, 51
   97    96     0     1  8.49800e-01  0.00000e+00 -4.53948e-04    24, 68
   97    96     0     1  8.63781e-01  0.00000e+00 -8.13711e-04    30, 78
   97    96     0     1  8.57831e-01  0.00000e+00 -9.93830e-04    60, 79
   97    96     0     1  8.55365e-01  0.00000e+00  5.58475e-04    63, 64
   97    96     0     1  8.61645e-01  0.00000e+00  8.60776e-04    91, 76
   97    96     0     1  8.46934e-01  0.00000e+00 -2.76912e-04    54, 42
   97    96     0     1  8.59926e-01  0.00000e+00 -3.87059e-04    54, 54
   97    96     0     1  8.50732e-01  0.00000e+00 -3.87694e-04    24, 68
   97    96     0     1  8.54400e-01  0.00000e+00 -4.17376e-04    24, 69
   97    96     0     1  8.42752e-01  0.00000e+00  9.82470e-04    95, 76
   97    96     0     1  8.53423e-01  0.00000e+00 -5.16426e-04    60, 68
   97    96     0     1  8.46886e-01  0.00000e+00  4.84437e-04    95, 52
   97    96     0     1  8.48557e-01  0.00000e+00 -4.39946e-04    62, 67
   97    96     0     1  8.49637e-01  0.00000e+00 -4.42176e-04    64, 66
   97    96     0     1  8.45118e-01  0.00000e+00 -4.50565e-04    62, 70
   97    96     0     1  8.50924e-01  0.00000e+00 -2.52990e-04    52, 41
   97    96     0     1  8.47502e-01  0.00000e+00 -4.40386e-04    24, 70
   97    96     0     1  8.50332e-01  0.00000e+00 -4.04620e-04    95, 66
   97    96     0     1  8.46908e-01  0.00000e+00 -3.24925e-04    54, 48
   97    96     0     1  8.45955e-01  0.00000e+00 -2.87064e-04    52, 49
   97    96     0     1  8.54567e-01  0.00000e+00 -3.57089e-04    62, 58
   97    96     0     1  8.53766e-01  0.00000e+00  7.52627e-04    25, 78
   97    96     0     1  8.52562e-01  0.00000e+00 -4.31870e-04    24, 67
   97    96     0     1  8.50369e-01  0.00000e+00  6.08206e-04    63, 51
   97    96     0     1  8.52455e-01  0.00000e+00 -5.07869e-04    94, 69
   97    96     0     1  8.52112e-01  0.00000e+00 -5.38790e-04    62, 47
   97    96     0     1  8.48984e-01  0.00000e+00 -3.11904e-04    60, 42
   97    96     0     1  8.53684e-01  0.00000e+00  5.76944e-04    95, 66
   97    96     0     1  8.51343e-01  0.00000e+00 -1.03977e-03    60, 75
   97    96     0     1  8.50973e-01  0.00000e+00 -2.89535e-04    94, 42
   97    96     0     1  8.51916e-01  0.00000e+00 -5.70893e-04    24, 74
   97    96     0     1  8.43422e-01  0.00000e+00 -2.80835e-04    64, 42
   97    96     0     1  8.43825e-01  0.00000e+00 -3.13633e-04    54, 52
   97    96     0     1  8.51182e-01  0.00000e+00 -7.26659e-04    62, 78
   97    96     0     1  8.55002e-01  0.00000e+00  5.54959e-04    95, 69
   97    96     0     1  8.47917e-01  0.00000e+00 -5.75189e-04    62, 67
   97    96     0     1  8.49961e-01  0.00000e+00  5.10177e-04    95, 70
   97    96     0     1  8.46526e-01  0.00000e+00 -3.16111e-04    54, 60
   97    96     0     1  8.44946e-01  0.00000e+00 -1.37453e-03    62, 87
   97    96     0     1  8.48742e-01  0.00000e+00 -6.03130e-04    94, 69
   97    96     0     1  8.46228e-01  0.00000e+00 -5.50161e-04    95, 66
   97    96     0     1  8.50472e-01  0.00000e+00  3.59917e-04    95, 51
