-1.436176208941102459e+02  0.000000000000000000e+00   2.103201574223928765e+04  1.968361761772316476e-02 4.976910937499999932e+01 2.516484406250000120e+03
-1.718960828500494813e+02  0.000000000000000000e+00   2.976621483521340269e+04  7.376120004599169902e-03 4.184128125000000153e+01 1.801282437500000015e+03
-1.870858304877458806e+02  0.000000000000000000e+00   3.510174016047170153e+04  2.875114446960082889e-03 3.423210937500000028e+01 1.229095031249999920e+03
-1.939745872851427464e+02  0.000000000000000000e+00   3.767337497276575596e+04  1.255362885509818133e-03 2.862392187500000063e+01 8.791850937499999645e+02
-1.971147407228695272e+02  0.000000000000000000e+00   3.887650822468653496e+04  5.736111511945755437e-04 2.475512499999999960e+01 6.731246875000000500e+02
-1.986055712929539254e+02  0.000000000000000000e+00   3.945481823210558650e+04  2.698822844847162633e-04 2.202462500000000034e+01 5.453742499999999609e+02
-1.993092781089532366e+02  0.000000000000000000e+00   3.972934007320271485e+04  1.296875557661286411e-04 2.011814062499999878e+01 4.652138437500000236e+02
-1.996414442504010083e+02  0.000000000000000000e+00   3.985925148846438969e+04  6.385941832872949874e-05 1.883134375000000205e+01 4.153614375000000223e+02
-1.998034279065684871e+02  0.000000000000000000e+00   3.992268890148278297e+04  3.204040823647276860e-05 1.791996874999999889e+01 3.817308750000000259e+02
-1.998811092705357453e+02  0.000000000000000000e+00   3.995312152023678937e+04  1.661166928802310547e-05 1.725900000000000034e+01 3.584390625000000341e+02
-1.999225447014129031e+02  0.000000000000000000e+00   3.996938343581723166e+04  8.995864644425079876e-06 1.677885937499999969e+01 3.419970937500000332e+02
-1.999374913450209306e+02  0.000000000000000000e+00   3.997520773919098428e+04  5.185587200968472169e-06 1.651428124999999980e+01 3.330373124999999845e+02
-1.999454670070204827e+02  0.000000000000000000e+00   3.997831674503910472e+04  3.175941289354636720e-06 1.634490625000000108e+01 3.274781874999999900e+02
-1.999496560769731843e+02  0.000000000000000000e+00   3.997995100284308865e+04  2.152021856649325696e-06 1.620475000000000065e+01 3.232824375000000146e+02
-1.999539298255153881e+02  0.000000000000000000e+00   3.998163486613088753e+04  1.521037257777009444e-06 1.606818750000000051e+01 3.188960000000000150e+02
-1.999541121333232923e+02  0.000000000000000000e+00   3.998169338081612659e+04  1.161077495140839328e-06 1.603917187500000097e+01 3.176875937500000191e+02
-1.999551212321430000e+02  0.000000000000000000e+00   3.998208661344413849e+04  9.030673184561771224e-07 1.599698437500000026e+01 3.169721562500000118e+02
-1.999553475762327821e+02  0.000000000000000000e+00   3.998216931185549765e+04  7.075039682386303538e-07 1.586762500000000031e+01 3.126898125000000164e+02
-1.999551685376133037e+02  0.000000000000000000e+00   3.998209217571279441e+04  5.690252600819545852e-07 1.587192187499999996e+01 3.124418437500000323e+02
-1.999551615607518045e+02  0.000000000000000000e+00   3.998208548267307924e+04  4.714085165353713308e-07 1.578609375000000092e+01 3.094648750000000064e+02
-1.999555851401337350e+02  0.000000000000000000e+00   3.998225152886215074e+04  3.876753883708958622e-07 1.584042187500000054e+01 3.117348437499999818e+02
-1.999555264823470964e+02  0.000000000000000000e+00   3.998222512117021688e+04  3.138980260700572591e-07 1.584895312499999953e+01 3.120118437500000255e+02
-1.999559760794789156e+02  0.000000000000000000e+00   3.998240276797759725e+04  2.600664902658337713e-07 1.582082812500000024e+01 3.118947812499999941e+02
-1.999564414614731902e+02  0.000000000000000000e+00   3.998258701216869667e+04  2.133487500441894507e-07 1.588818750000000080e+01 3.134323749999999791e+02
-1.999565082088959684e+02  0.000000000000000000e+00   3.998261219714870094e+04  1.756277358959347609e-07 1.582882812500000114e+01 3.120745312500000068e+02
-1.999560205231101406e+02  0.000000000000000000e+00   3.998241572901690233e+04  1.397008944531592393e-07 1.587321874999999949e+01 3.131359375000000114e+02
-1.999564084039941179e+02  0.000000000000000000e+00   3.998256961292069900e+04  1.088248286357428763e-07 1.584310937500000094e+01 3.123871562500000323e+02
-1.999562973786614748e+02  0.000000000000000000e+00   3.998252403807973315e+04  7.945211964044189983e-08 1.585192187500000038e+01 3.125626562500000318e+02
-1.999563688192484960e+02  0.000000000000000000e+00   3.998255169539299823e+04  5.662504514884549027e-08 1.585154687500000037e+01 3.121070312500000341e+02
-1.999566786616049683e+02  0.000000000000000000e+00   3.998267505474723293e+04  4.285273456751514637e-08 1.580823437499999962e+01 3.107213437500000168e+02
-1.999564582053895094e+02  0.000000000000000000e+00   3.998258648191359680e+04  3.261094579654647387e-08 1.589146874999999959e+01 3.137469375000000014e+02
-1.999565880258084576e+02  0.000000000000000000e+00   3.998263812684093136e+04  2.580915414074586895e-08 1.581435937500000044e+01 3.120232187500000123e+02
-1.999563385409865646e+02  0.000000000000000000e+00   3.998253815603491967e+04  2.084203114653495178e-08 1.584287500000000115e+01 3.118517499999999814e+02
-1.999565364822116464e+02  0.000000000000000000e+00   3.998261716862605681e+04  1.717406408753803211e-08 1.580160937499999996e+01 3.113644687500000146e+02
-1.999565390351407075e+02  0.000000000000000000e+00   3.998261808155814651e+04  1.447244906502469907e-08 1.577935937500000030e+01 3.101174687500000005e+02
-1.999565612789940303e+02  0.000000000000000000e+00   3.998262691897613695e+04  1.301705492529165371e-08 1.579120312500000090e+01 3.102876562499999977e+02
-1.999564916302007020e+02  0.000000000000000000e+00   3.998259900359818130e+04  1.146848070701951744e-08 1.585442187499999989e+01 3.122972187500000132e+02
-1.999564990991944171e+02  0.000000000000000000e+00   3.998260194309587678e+04  1.028171571645072588e-08 1.575029687500000009e+01 3.092337812499999927e+02
-1.999565714273145147e+02  0.000000000000000000e+00   3.998263082654206664e+04  9.243397165241901769e-09 1.585339062500000118e+01 3.128605312500000082e+02
-1.999565687762982122e+02  0.000000000000000000e+00   3.998262973535137280e+04  8.467699583896319112e-09 1.581696875000000091e+01 3.111911249999999995e+02
-1.999565755186059732e+02  0.000000000000000000e+00   3.998263240591617068e+04  7.823101614911916701e-09 1.586159375000000082e+01 3.127715625000000159e+02
-1.999565964812938432e+02  0.000000000000000000e+00   3.998264077399197413e+04  7.443455461271247870e-09 1.588592187500000108e+01 3.136706562499999791e+02
-1.999565580234956315e+02  0.000000000000000000e+00   3.998262538412779395e+04  7.191229191975294174e-09 1.583567187500000095e+01 3.117639062499999909e+02
-1.999566555698908701e+02  0.000000000000000000e+00   3.998266438637918327e+04  6.995111969968996173e-09 1.582264062500000001e+01 3.119250312500000177e+02
-1.999565777536699613e+02  0.000000000000000000e+00   3.998263325189353782e+04  6.626228818771175115e-09 1.579950000000000010e+01 3.111599375000000123e+02
-1.999565585249061144e+02  0.000000000000000000e+00   3.998262555114011775e+04  6.353157385444702062e-09 1.585382812499999972e+01 3.122190937500000132e+02
-1.999565769368641668e+02  0.000000000000000000e+00   3.998263291310946806e+04  6.322779909738754618e-09 1.580731250000000010e+01 3.105978125000000318e+02
-1.999565874428961081e+02  0.000000000000000000e+00   3.998263710446871846e+04  6.069138584207747292e-09 1.590837499999999949e+01 3.139426250000000209e+02
-1.999565772806939492e+02  0.000000000000000000e+00   3.998263303668903245e+04  5.974566533524149262e-09 1.582081250000000061e+01 3.112450000000000045e+02
-1.999564958166035069e+02  0.000000000000000000e+00   3.998260045136773260e+04  5.805334134583271128e-09 1.584112499999999990e+01 3.118283124999999814e+02
-1.999565723119311826e+02  0.000000000000000000e+00   3.998263104033923446e+04  5.742560398817964067e-09 1.581081250000000082e+01 3.110054375000000277e+02
-1.999566572598995720e+02  0.000000000000000000e+00   3.998266500987587642e+04  5.685537141538124432e-09 1.582115624999999959e+01 3.119415000000000191e+02
-1.999565752161230421e+02  0.000000000000000000e+00   3.998263219359023060e+04  5.538133658108325570e-09 1.584537500000000065e+01 3.130171250000000214e+02
-1.999565707217898591e+02  0.000000000000000000e+00   3.998263039329837193e+04  5.464378420440072180e-09 1.576196875000000119e+01 3.095224375000000236e+02
-1.999564935884782244e+02  0.000000000000000000e+00   3.998259954138149624e+04  5.331878555475191554e-09 1.585560937500000023e+01 3.125030937500000050e+02
-1.999565956053362754e+02  0.000000000000000000e+00   3.998264033615851076e+04  5.254343424589925345e-09 1.581848437500000060e+01 3.115357187500000009e+02
-1.999565239001725558e+02  0.000000000000000000e+00   3.998261165719136625e+04  5.176027298461994063e-09 1.580357812499999959e+01 3.111154062499999782e+02
-1.999565682240343847e+02  0.000000000000000000e+00   3.998262938115865109e+04  5.132872386210337759e-09 1.573831250000000104e+01 3.091719375000000127e+02
-1.999566379780997636e+02  0.000000000000000000e+00   3.998265727112612512e+04  4.992696551427213781e-09 1.579306249999999956e+01 3.109133750000000305e+02
-1.999565050697747495e+02  0.000000000000000000e+00   3.998260411731411295e+04  4.942030663461819713e-09 1.582159374999999990e+01 3.117098750000000109e+02
-1.999565131355871586e+02  0.000000000000000000e+00   3.998260733989848086e+04  4.866021847167852578e-09 1.582114062499999996e+01 3.110467187500000250e+02
-1.999565816179014348e+02  0.000000000000000000e+00   3.998263472139617079e+04  4.729045353691272894e-09 1.579512500000000053e+01 3.108741875000000050e+02
-1.999565252596545974e+02  0.000000000000000000e+00   3.998261218223198375e+04  4.709974900451868018e-09 1.581939062500000048e+01 3.117009062500000027e+02
-1.999565722441424214e+02  0.000000000000000000e+00   3.998263096757511812e+04  4.600702018742654809e-09 1.581331250000000033e+01 3.112321249999999964e+02
-1.999565194082844926e+02  0.000000000000000000e+00   3.998260983572663099e+04  4.548251822886340999e-09 1.585267187500000041e+01 3.124244062500000041e+02
-1.999565193378408310e+02  0.000000000000000000e+00   3.998260980593410932e+04  4.507704567294647433e-09 1.581018749999999962e+01 3.108403124999999818e+02
-1.999565342122650691e+02  0.000000000000000000e+00   3.998261575239821104e+04  4.457374232912308868e-09 1.577185937500000001e+01 3.102418437499999868e+02
-1.999565826419852783e+02  0.000000000000000000e+00   3.998263511753989587e+04  4.393877604145130459e-09 1.587343749999999964e+01 3.132023750000000177e+02
-1.999565600758314758e+02  0.000000000000000000e+00   3.998262609055897337e+04  4.331865776690060015e-09 1.580610937500000013e+01 3.111543437500000095e+02
-1.999565739973375287e+02  0.000000000000000000e+00   3.998263165565582312e+04  4.274433658014199768e-09 1.581754687499999967e+01 3.112899062500000014e+02
-1.999565742481323696e+02  0.000000000000000000e+00   3.998263175417714228e+04  4.230043400267484829e-09 1.583751562499999999e+01 3.118663437499999986e+02
-1.999565504127861857e+02  0.000000000000000000e+00   3.998262221780298569e+04  4.122337999492318558e-09 1.582515625000000092e+01 3.115568124999999782e+02
-1.999565672505702025e+02  0.000000000000000000e+00   3.998262895034001122e+04  4.094483393216438577e-09 1.588012499999999960e+01 3.132133125000000291e+02
-1.999565614421939301e+02  0.000000000000000000e+00   3.998262662558118609e+04  4.046640346203240270e-09 1.579160937500000017e+01 3.110155937499999936e+02
-1.999565350205074878e+02  0.000000000000000000e+00   3.998261605703617533e+04  3.992453636110062694e-09 1.579793749999999974e+01 3.113224374999999782e+02
-1.999565425115661412e+02  0.000000000000000000e+00   3.998261905271260912e+04  3.990055048710481514e-09 1.583551562500000109e+01 3.123821562499999800e+02
-1.999565603903657802e+02  0.000000000000000000e+00   3.998262619936705596e+04  3.907223598958400097e-09 1.582859374999999957e+01 3.118227499999999850e+02
-1.999566125474641467e+02  0.000000000000000000e+00   3.998264705931307981e+04  3.948122364651363947e-09 1.577834374999999945e+01 3.105729375000000232e+02
-1.999564882640408996e+02  0.000000000000000000e+00   3.998259735035047197e+04  3.788221830334918459e-09 1.574371875000000109e+01 3.091275625000000105e+02
-1.999565598888488012e+02  0.000000000000000000e+00   3.998262599300198053e+04  3.762114192770200781e-09 1.582379687500000109e+01 3.120930937499999800e+02
-1.999565496229886037e+02  0.000000000000000000e+00   3.998262188623689872e+04  3.729275010823832672e-09 1.583606250000000060e+01 3.119014374999999859e+02
-1.999565902709394152e+02  0.000000000000000000e+00   3.998263813970534102e+04  3.674719969415125377e-09 1.581492187499999957e+01 3.113640312499999823e+02
-1.999565692391866776e+02  0.000000000000000000e+00   3.998262972746598098e+04  3.640589137080700154e-09 1.585921875000000014e+01 3.130299375000000168e+02
-1.999565888965106240e+02  0.000000000000000000e+00   3.998263758582590526e+04  3.568992844122256581e-09 1.585665625000000034e+01 3.125532499999999914e+02
-1.999565502098373031e+02  0.000000000000000000e+00   3.998262211380708322e+04  3.551240269408506713e-09 1.582404687500000051e+01 3.119239687500000286e+02
-1.999565112315223132e+02  0.000000000000000000e+00   3.998260652499357093e+04  3.529326216717806438e-09 1.581037500000000051e+01 3.113765000000000214e+02
-1.999565757312635128e+02  0.000000000000000000e+00   3.998263231805978285e+04  3.498700689655849746e-09 1.581235937499999977e+01 3.114353437500000155e+02
-1.999565325545385974e+02  0.000000000000000000e+00   3.998261504765920108e+04  3.412106679778050292e-09 1.580598437499999953e+01 3.111754687499999932e+02
-1.999566273148042512e+02  0.000000000000000000e+00   3.998265294339527463e+04  3.408571983395631502e-09 1.582470312500000098e+01 3.117141562500000305e+02
-1.999565522574108627e+02  0.000000000000000000e+00   3.998262292561116919e+04  3.374978310446996803e-09 1.581495312500000061e+01 3.112807187500000055e+02
-1.999565877239365932e+02  0.000000000000000000e+00   3.998263710707539576e+04  3.323318673532821526e-09 1.575404687500000023e+01 3.095235937500000318e+02
-1.999565366204099917e+02  0.000000000000000000e+00   3.998261666797572980e+04  3.270080335143211730e-09 1.586212500000000070e+01 3.129780625000000214e+02
-1.999565600232106988e+02  0.000000000000000000e+00   3.998262602541858359e+04  3.228970561357247751e-09 1.576260937500000026e+01 3.097732187500000123e+02
-1.999565738511979589e+02  0.000000000000000000e+00   3.998263155427212769e+04  3.200453258882572145e-09 1.585826562499999959e+01 3.125337812500000041e+02
-1.999566027711756817e+02  0.000000000000000000e+00   3.998264311896565778e+04  3.180778155851429001e-09 1.581342187499999952e+01 3.119462187500000141e+02
-1.999566091091489568e+02  0.000000000000000000e+00   3.998264565276399662e+04  3.159746041133783907e-09 1.579440624999999976e+01 3.108166875000000005e+02
-1.999565453823543919e+02  0.000000000000000000e+00   3.998262016694208432e+04  3.143779302855097697e-09 1.579560937499999973e+01 3.106765312499999823e+02
-1.999565809749008167e+02  0.000000000000000000e+00   3.998263439805059170e+04  3.073297397717666543e-09 1.585749999999999993e+01 3.131316874999999982e+02
-1.999565694351011587e+02  0.000000000000000000e+00   3.998262977991584194e+04  2.992834921008732995e-09 1.586460937500000057e+01 3.126129687499999932e+02
-1.999565453848495622e+02  0.000000000000000000e+00   3.998262016222974489e+04  3.000962414902583405e-09 1.576820312500000121e+01 3.102991562500000100e+02
-1.999565567666362824e+02  0.000000000000000000e+00   3.998262471361290955e+04  2.992396551306144515e-09 1.582014062500000051e+01 3.112718437500000164e+02
-1.999566077193926503e+02  0.000000000000000000e+00   3.998264508867272525e+04  2.951922050296289177e-09 1.579112500000000097e+01 3.107261250000000246e+02
-1.999565544024968915e+02  0.000000000000000000e+00   3.998262376422902162e+04  2.894015315429482737e-09 1.579489062500000074e+01 3.106805312500000014e+02
-1.999565318184990872e+02  0.000000000000000000e+00   3.998261473107305210e+04  2.856006763065668234e-09 1.585870312499999990e+01 3.119575937500000009e+02
-1.999565251313026693e+02  0.000000000000000000e+00   3.998261205723544117e+04  2.867500687509186963e-09 1.579082812500000088e+01 3.102787812500000086e+02
-1.999565303424057845e+02  0.000000000000000000e+00   3.998261413892673590e+04  2.810053711332082574e-09 1.581931250000000055e+01 3.109035000000000082e+02
-1.999565894440664806e+02  0.000000000000000000e+00   3.998263777279584610e+04  2.768523958779804093e-09 1.579042187499999983e+01 3.105057812499999841e+02
-1.999565779370174994e+02  0.000000000000000000e+00   3.998263317085651943e+04  2.765549847825817987e-09 1.579495312500000104e+01 3.109180937500000255e+02
-1.999566069669095327e+02  0.000000000000000000e+00   3.998264477871629788e+04  2.726111886732915910e-09 1.584168750000000081e+01 3.124378125000000068e+02
-1.999565950220022330e+02  0.000000000000000000e+00   3.998264000057958765e+04  2.695834544250871392e-09 1.578789062500000107e+01 3.105657812499999864e+02
-1.999565999612861162e+02  0.000000000000000000e+00   3.998264197587822855e+04  2.696180533052381839e-09 1.583289062500000099e+01 3.116097187500000132e+02
-1.999565942532952647e+02  0.000000000000000000e+00   3.998263969158695545e+04  2.656403043196401193e-09 1.589604687499999969e+01 3.138871562500000323e+02
-1.999565881528543798e+02  0.000000000000000000e+00   3.998263725013742805e+04  2.611313623241474060e-09 1.584345312499999991e+01 3.121909687500000246e+02
-1.999565575006204199e+02  0.000000000000000000e+00   3.998262499014834611e+04  2.567350907762007795e-09 1.579187500000000099e+01 3.101756874999999809e+02
-1.999565373184966006e+02  0.000000000000000000e+00   3.998261691799617984e+04  2.540925669201385013e-09 1.589828125000000014e+01 3.144332499999999868e+02
-1.999565545354757035e+02  0.000000000000000000e+00   3.998262380416956148e+04  2.562885607913166121e-09 1.577779687499999994e+01 3.102922187500000177e+02
-1.999565394209731437e+02  0.000000000000000000e+00   3.998261775657560065e+04  2.485190297550139458e-09 1.583445312499999957e+01 3.113492187500000341e+02
-1.999565635185648489e+02  0.000000000000000000e+00   3.998262739347341267e+04  2.484067804323327100e-09 1.586137500000000067e+01 3.124157500000000027e+02
-1.999565508106224172e+02  0.000000000000000000e+00   3.998262231100678036e+04  2.474218742808357521e-09 1.579270312500000095e+01 3.108252812499999891e+02
-1.999565636623686373e+02  0.000000000000000000e+00   3.998262744897158700e+04  2.433774729407455104e-09 1.580296874999999979e+01 3.114761874999999804e+02
-1.999565546615845335e+02  0.000000000000000000e+00   3.998262384833733086e+04  2.406197457562750459e-09 1.587604687500000011e+01 3.127570937500000241e+02
-1.999565187552533985e+02  0.000000000000000000e+00   3.998260948702417227e+04  2.358629621302423703e-09 1.582745312499999990e+01 3.118780937500000050e+02
-1.999565629839438543e+02  0.000000000000000000e+00   3.998262717481045547e+04  2.362489786613098096e-09 1.584240624999999980e+01 3.122988750000000095e+02
-1.999565956641425259e+02  0.000000000000000000e+00   3.998264024391537532e+04  2.359073652812491970e-09 1.575567187500000088e+01 3.098210312500000327e+02
-1.999565710160347862e+02  0.000000000000000000e+00   3.998263038499864342e+04  2.313706764285393942e-09 1.576151562499999947e+01 3.094962812499999814e+02
-1.999565376486784771e+02  0.000000000000000000e+00   3.998261703945286717e+04  2.276126526891982717e-09 1.583362499999999962e+01 3.119382499999999823e+02
-1.999565611534434311e+02  0.000000000000000000e+00   3.998262643953545921e+04  2.281608442408354161e-09 1.583906250000000071e+01 3.120296250000000100e+02
-1.999565080466528286e+02  0.000000000000000000e+00   3.998260520013215864e+04  2.249003550334460847e-09 1.582667187500000061e+01 3.115844062500000291e+02
-1.999565474266288732e+02  0.000000000000000000e+00   3.998262094832222647e+04  2.239586758504205326e-09 1.581257812499999993e+01 3.113957812500000273e+02
-1.999565902858546735e+02  0.000000000000000000e+00   3.998263808661210351e+04  2.197627693528895841e-09 1.584565625000000111e+01 3.120470000000000255e+02
-1.999565163806590533e+02  0.000000000000000000e+00   3.998260853015321482e+04  2.177557865672936634e-09 1.575646874999999980e+01 3.094130625000000236e+02
-1.999565202538345829e+02  0.000000000000000000e+00   3.998261007795248588e+04  2.149192497870375195e-09 1.581598437500000109e+01 3.114564687499999991e+02
-1.999565725557445717e+02  0.000000000000000000e+00   3.998263099373540172e+04  2.138294897259697431e-09 1.577026562500000040e+01 3.103560937500000136e+02
-1.999565841379867095e+02  0.000000000000000000e+00   3.998263562601870944e+04  2.148106354084279976e-09 1.590545312500000108e+01 3.144265312499999823e+02
-1.999565535247822368e+02  0.000000000000000000e+00   3.998262338141814689e+04  2.098637749771301734e-09 1.577414062500000114e+01 3.097294062500000109e+02
-1.999565628006986344e+02  0.000000000000000000e+00   3.998262708955420385e+04  2.063007722810634890e-09 1.578801562499999989e+01 3.103169687500000009e+02
-1.999565589759562556e+02  0.000000000000000000e+00   3.998262555924927437e+04  2.044493179573913413e-09 1.582709374999999952e+01 3.117728124999999864e+02
-1.999565555921486180e+02  0.000000000000000000e+00   3.998262420577333251e+04  2.038318189601090961e-09 1.577076562500000101e+01 3.102035937499999818e+02
-1.999565542376032852e+02  0.000000000000000000e+00   3.998262366282877338e+04  2.007201618131499536e-09 1.583329687500000027e+01 3.122884062499999800e+02
-1.999565282763934420e+02  0.000000000000000000e+00   3.998261328051797318e+04  2.005117580881878110e-09 1.581946875000000041e+01 3.115089375000000018e+02
-1.999565575350987103e+02  0.000000000000000000e+00   3.998262498105242412e+04  1.994996106330663279e-09 1.578568749999999987e+01 3.109123124999999845e+02
-1.999565642064724784e+02  0.000000000000000000e+00   3.998262764774152311e+04  1.962961844273510285e-09 1.583581250000000118e+01 3.121651875000000018e+02
-1.999565964377921716e+02  0.000000000000000000e+00   3.998264053751470055e+04  1.964067819159064231e-09 1.585153125000000074e+01 3.127130000000000223e+02
-1.999565525395636314e+02  0.000000000000000000e+00   3.998262297975187539e+04  1.906943604673570816e-09 1.580303125000000009e+01 3.109148749999999950e+02
-1.999565367504733331e+02  0.000000000000000000e+00   3.998261666503119341e+04  1.895518779464180967e-09 1.586014062499999966e+01 3.132058437499999854e+02
-1.999565564528074049e+02  0.000000000000000000e+00   3.998262454445201729e+04  1.900507150524726992e-09 1.580784374999999997e+01 3.112617500000000064e+02
-1.999565711024200709e+02  0.000000000000000000e+00   3.998263040140329394e+04  1.859960726112436618e-09 1.580773437500000078e+01 3.113072187500000041e+02
-1.999565873418364959e+02  0.000000000000000000e+00   3.998263689490795514e+04  1.838659906914535406e-09 1.585926562500000081e+01 3.128968437500000164e+02
-1.999565171856105508e+02  0.000000000000000000e+00   3.998260883895405277e+04  1.849671415750430742e-09 1.582840625000000045e+01 3.116389374999999973e+02
-1.999565349097774458e+02  0.000000000000000000e+00   3.998261592622147873e+04  1.828205323533999790e-09 1.586201562499999973e+01 3.133701562499999795e+02
-1.999565485283732471e+02  0.000000000000000000e+00   3.998262137128987524e+04  1.798536108662484225e-09 1.585798437500000091e+01 3.128470312499999864e+02
-1.999565762137904699e+02  0.000000000000000000e+00   3.998263244289041904e+04  1.794504798952278185e-09 1.585800000000000054e+01 3.128627500000000055e+02
-1.999565778289666298e+02  0.000000000000000000e+00   3.998263308824499836e+04  1.780108130337373793e-09 1.580110937500000112e+01 3.110802812499999845e+02
-1.999565807189748057e+02  0.000000000000000000e+00   3.998263424306217348e+04  1.756719909395949622e-09 1.586462500000000020e+01 3.131734999999999900e+02
-1.999565328083464522e+02  0.000000000000000000e+00   3.998261508223228157e+04  1.738179191481266236e-09 1.580528125000000017e+01 3.115158749999999941e+02
-1.999565846099450823e+02  0.000000000000000000e+00   3.998263579766362818e+04  1.720484393971077970e-09 1.584276562500000018e+01 3.123330937499999891e+02
-1.999565374131046553e+02  0.000000000000000000e+00   3.998261692188768211e+04  1.691969249782726815e-09 1.582193750000000065e+01 3.113465625000000045e+02
-1.999565471431264996e+02  0.000000000000000000e+00   3.998262081324598694e+04  1.696852646897921334e-09 1.578475000000000072e+01 3.101968125000000214e+02
-1.999565425617018661e+02  0.000000000000000000e+00   3.998261898021292291e+04  1.675308711445069558e-09 1.582481250000000017e+01 3.117238125000000082e+02
-1.999565012520528171e+02  0.000000000000000000e+00   3.998260245937862055e+04  1.661132946497567299e-09 1.586885937499999955e+01 3.132239687499999832e+02
-1.999565757976797897e+02  0.000000000000000000e+00   3.998263227199770336e+04  1.682341420472804983e-09 1.588962500000000055e+01 3.140281249999999886e+02
-1.999565536585566576e+02  0.000000000000000000e+00   3.998262341666324937e+04  1.642113373578626053e-09 1.587703124999999993e+01 3.131640625000000000e+02
-1.999565797778663523e+02  0.000000000000000000e+00   3.998263386076636380e+04  1.608301624001023300e-09 1.585067187499999974e+01 3.127930312500000127e+02
-1.999565973595890682e+02  0.000000000000000000e+00   3.998264089254986175e+04  1.623830790505261946e-09 1.583490624999999952e+01 3.122860000000000014e+02
-1.999565240356955940e+02  0.000000000000000000e+00   3.998261156826373190e+04  1.596344561155508384e-09 1.584979687500000090e+01 3.117925937499999804e+02
-1.999565759735166068e+02  0.000000000000000000e+00   3.998263233868829411e+04  1.591580458924840546e-09 1.572584375000000101e+01 3.089900625000000218e+02
-1.999565210050207043e+02  0.000000000000000000e+00   3.998261035502975574e+04  1.565642364146328589e-09 1.584146875000000065e+01 3.117986875000000282e+02
-1.999565305861763989e+02  0.000000000000000000e+00   3.998261418533071992e+04  1.532421577601915697e-09 1.586106250000000095e+01 3.123833124999999882e+02
-1.999565355011347094e+02  0.000000000000000000e+00   3.998261615150701982e+04  1.547934583186281916e-09 1.584034375000000061e+01 3.122166250000000218e+02
-1.999565652443899921e+02  0.000000000000000000e+00   3.998262804568788852e+04  1.534513793071436837e-09 1.581628125000000118e+01 3.113148125000000164e+02
-1.999565535056726731e+02  0.000000000000000000e+00   3.998262335041118058e+04  1.514263825934541708e-09 1.584351562500000021e+01 3.120107812499999795e+02
-1.999565016472164416e+02  0.000000000000000000e+00   3.998260261122960219e+04  1.506563480621707924e-09 1.585571875000000119e+01 3.124370625000000246e+02
-1.999565652624149834e+02  0.000000000000000000e+00   3.998262805157995899e+04  1.501590519820355419e-09 1.580515624999999957e+01 3.114563749999999800e+02
-1.999565361943385255e+02  0.000000000000000000e+00   3.998261642542189657e+04  1.465238843879854475e-09 1.581135937500000033e+01 3.105068437500000300e+02
-1.999565730867829529e+02  0.000000000000000000e+00   3.998263117949743901e+04  1.472826238164223354e-09 1.582353125000000027e+01 3.118084999999999809e+02
-1.999565822311501506e+02  0.000000000000000000e+00   3.998263483577479928e+04  1.455934182915930324e-09 1.577240624999999952e+01 3.104924374999999941e+02
-1.999565826363195811e+02  0.000000000000000000e+00   3.998263499724348367e+04  1.441830522570003856e-09 1.579417187499999997e+01 3.105402187500000082e+02
-1.999565888836997374e+02  0.000000000000000000e+00   3.998263749561267468e+04  1.440819363092334728e-09 1.583679687500000099e+01 3.120884687500000041e+02
-1.999565322333182564e+02  0.000000000000000000e+00   3.998261483958346071e+04  1.420853003724821217e-09 1.584050000000000047e+01 3.121207499999999868e+02
-1.999565775162983527e+02  0.000000000000000000e+00   3.998263294849472732e+04  1.412195487067731079e-09 1.585571875000000119e+01 3.124315000000000282e+02
-1.999565594714607073e+02  0.000000000000000000e+00   3.998262573144125054e+04  1.395042133226745077e-09 1.582385937499999962e+01 3.117832812500000159e+02
-1.999565528932658367e+02  0.000000000000000000e+00   3.998262310126553348e+04  1.408314608171232841e-09 1.578840624999999953e+01 3.101561874999999873e+02
-1.999565765194960250e+02  0.000000000000000000e+00   3.998263254823216994e+04  1.371473020773187878e-09 1.586343749999999986e+01 3.128174374999999827e+02
-1.999565434242003903e+02  0.000000000000000000e+00   3.998261931259320409e+04  1.361568229529721412e-09 1.580825000000000102e+01 3.106906875000000241e+02
-1.999565741241700323e+02  0.000000000000000000e+00   3.998263158984002075e+04  1.359723282862778283e-09 1.578004687500000003e+01 3.103768437500000346e+02
-1.999565661565038113e+02  0.000000000000000000e+00   3.998262840341031551e+04  1.358340722594793190e-09 1.579987500000000011e+01 3.106567499999999882e+02
-1.999565531033753985e+02  0.000000000000000000e+00   3.998262318242307811e+04  1.336582882878326065e-09 1.583198437500000111e+01 3.122356562500000337e+02
-1.999565507216064191e+02  0.000000000000000000e+00   3.998262222898921027e+04  1.313241688541189221e-09 1.586303125000000058e+01 3.128103750000000218e+02
-1.999565767069276490e+02  0.000000000000000000e+00   3.998263262139134895e+04  1.326523735999055796e-09 1.581303124999999987e+01 3.116460625000000277e+02
-1.999565737604422111e+02  0.000000000000000000e+00   3.998263144218290836e+04  1.304760121211263595e-09 1.584243750000000084e+01 3.125180000000000291e+02
-1.999565785623136378e+02  0.000000000000000000e+00   3.998263336285382684e+04  1.313248238008116418e-09 1.583725000000000094e+01 3.124811250000000200e+02
-1.999565567450556500e+02  0.000000000000000000e+00   3.998262463667232078e+04  1.283899296508494691e-09 1.582865624999999987e+01 3.118000625000000241e+02
-1.999565668072520168e+02  0.000000000000000000e+00   3.998262866020851652e+04  1.272189430816801432e-09 1.578821875000000041e+01 3.106737499999999841e+02
-1.999565695893706447e+02  0.000000000000000000e+00   3.998262977223403868e+04  1.257676470684628788e-09 1.578131250000000030e+01 3.101596875000000182e+02
-1.999565657276350521e+02  0.000000000000000000e+00   3.998262822818261338e+04  1.265363996736994680e-09 1.586737500000000090e+01 3.128432500000000118e+02
-1.999565323153183840e+02  0.000000000000000000e+00   3.998261486524550128e+04  1.242503429170938149e-09 1.584129687500000117e+01 3.121595937499999991e+02
-1.999565305452631492e+02  0.000000000000000000e+00   3.998261415738513460e+04  1.242699623492190927e-09 1.580274999999999963e+01 3.112311875000000327e+02
-1.999565548414466605e+02  0.000000000000000000e+00   3.998262387306998426e+04  1.225770454799505955e-09 1.576578124999999986e+01 3.099003749999999968e+02
-1.999565947985613548e+02  0.000000000000000000e+00   3.998263985251915437e+04  1.227610307612311934e-09 1.581424999999999947e+01 3.117350000000000136e+02
-1.999565260452243933e+02  0.000000000000000000e+00   3.998261235647479043e+04  1.210533422203903928e-09 1.575743749999999999e+01 3.095473125000000323e+02
-1.999565685869260676e+02  0.000000000000000000e+00   3.998262936894775339e+04  1.197762239294058690e-09 1.581592187500000080e+01 3.115710312500000327e+02
-1.999565723647929758e+02  0.000000000000000000e+00   3.998263087956668460e+04  1.192767808908463602e-09 1.581448437500000104e+01 3.117464062500000068e+02
-1.999565491248989133e+02  0.000000000000000000e+00   3.998262158551009634e+04  1.189816584939276795e-09 1.586385937500000054e+01 3.128180312499999900e+02
-1.999566190776033636e+02  0.000000000000000000e+00   3.998264955970689334e+04  1.169535228117783526e-09 1.581878125000000068e+01 3.120211249999999836e+02
-1.999565999112161592e+02  0.000000000000000000e+00   3.998264189467969118e+04  1.166144111986627657e-09 1.579137500000000038e+01 3.107668125000000146e+02
-1.999565896996207641e+02  0.000000000000000000e+00   3.998263781067980744e+04  1.159936599982163690e-09 1.580331250000000054e+01 3.109741875000000277e+02
-1.999565361699866912e+02  0.000000000000000000e+00   3.998261640268637711e+04  1.140174953296213545e-09 1.582531250000000078e+01 3.118667500000000246e+02
-1.999565540379227002e+02  0.000000000000000000e+00   3.998262354824315116e+04  1.138555873292870829e-09 1.582954687500000013e+01 3.118551562499999932e+02
-1.999565444140924626e+02  0.000000000000000000e+00   3.998261969918839168e+04  1.129577369786163069e-09 1.578798437500000063e+01 3.106468437500000164e+02
-1.999565625835900278e+02  0.000000000000000000e+00   3.998262696582762146e+04  1.140056730339581219e-09 1.579760937500000040e+01 3.115079687500000318e+02
-1.999565680072956582e+02  0.000000000000000000e+00   3.998262913440632838e+04  1.129242263762895537e-09 1.584678125000000115e+01 3.117495625000000246e+02
-1.999565871783797775e+02  0.000000000000000000e+00   3.998263680064015352e+04  1.115863393510217357e-09 1.578937499999999972e+01 3.110351249999999936e+02
-1.999565799851242218e+02  0.000000000000000000e+00   3.998263392318673868e+04  1.096460075235235255e-09 1.579981249999999982e+01 3.105730624999999918e+02
-1.999565738688863803e+02  0.000000000000000000e+00   3.998263147686490265e+04  1.087509374481442654e-09 1.585084375000000101e+01 3.124414375000000064e+02
-1.999565501174636211e+02  0.000000000000000000e+00   3.998262197874525009e+04  1.097164475679238681e-09 1.584976562499999986e+01 3.121754062499999804e+02
-1.999565628457470723e+02  0.000000000000000000e+00   3.998262706825419446e+04  1.079693904193503395e-09 1.579009375000000048e+01 3.101551249999999982e+02
-1.999565936338566132e+02  0.000000000000000000e+00   3.998263938068968855e+04  1.076327708062673396e-09 1.589092187500000009e+01 3.141577812500000277e+02
-1.999565512808852930e+02  0.000000000000000000e+00   3.998262244225340692e+04  1.053159999047671418e-09 1.581210937500000036e+01 3.111641562500000191e+02
-1.999565756804598209e+02  0.000000000000000000e+00   3.998263220055947022e+04  1.068064100451854849e-09 1.583968750000000014e+01 3.120538750000000050e+02
-1.999565721068322546e+02  0.000000000000000000e+00   3.998263077103851538e+04  1.058552332586895353e-09 1.583471875000000040e+01 3.123715000000000259e+02
-1.999566001854251454e+02  0.000000000000000000e+00   3.998264199985442247e+04  1.053968921635956434e-09 1.577217187499999973e+01 3.104411562500000059e+02
-1.999565581469430811e+02  0.000000000000000000e+00   3.998262518740416999e+04  1.036258721236501615e-09 1.583945312500000036e+01 3.119074062500000082e+02
-1.999565325669437357e+02  0.000000000000000000e+00   3.998261495782827114e+04  1.041278486451655983e-09 1.581801562500000102e+01 3.109770312499999818e+02
-1.999565723233696986e+02  0.000000000000000000e+00   3.998263085637941549e+04  1.027156946601997731e-09 1.584815625000000061e+01 3.125494375000000105e+02
-1.999565538514319201e+02  0.000000000000000000e+00   3.998262346935283131e+04  1.030753749456331963e-09 1.579189062500000063e+01 3.102938437500000077e+02
-1.999565475928612557e+02  0.000000000000000000e+00   3.998262096565502725e+04  1.010409946802036220e-09 1.582831250000000090e+01 3.116733125000000086e+02
-1.999565595040726862e+02  0.000000000000000000e+00   3.998262572884903057e+04  1.004017849739055691e-09 1.586843750000000064e+01 3.129261250000000132e+02
-1.999565786567359567e+02  0.000000000000000000e+00   3.998263338776436285e+04  9.918538873309553444e-10 1.579154687499999987e+01 3.108034062500000232e+02
-1.999565581525680500e+02  0.000000000000000000e+00   3.998262518777496007e+04  9.892705492740681624e-10 1.584809375000000031e+01 3.119214999999999804e+02
-1.999565449520221136e+02  0.000000000000000000e+00   3.998261990822158987e+04  9.772133628567977563e-10 1.595353125000000105e+01 3.159414375000000064e+02
-1.999565586412287814e+02  0.000000000000000000e+00   3.998262538268201752e+04  9.763954199882417590e-10 1.582284375000000054e+01 3.113839375000000018e+02
-1.999565504954849757e+02  0.000000000000000000e+00   3.998262212486296630e+04  9.706600989045726423e-10 1.583740625000000080e+01 3.126285000000000309e+02
-1.999565627857641061e+02  0.000000000000000000e+00   3.998262703942860389e+04  9.587009328058801984e-10 1.579923437500000105e+01 3.110450937499999782e+02
-1.999565335655319416e+02  0.000000000000000000e+00   3.998261535380877467e+04  9.570428472038306220e-10 1.581521874999999966e+01 3.113132499999999823e+02
-1.999565572054792426e+02  0.000000000000000000e+00   3.998262480753915588e+04  9.521901778577930569e-10 1.578150000000000119e+01 3.103253750000000082e+02
-1.999565872129765580e+02  0.000000000000000000e+00   3.998263680751962238e+04  9.418819340036893812e-10 1.583957812500000095e+01 3.119249687500000050e+02
-1.999565652608945925e+02  0.000000000000000000e+00   3.998262802894243941e+04  9.506138079324112936e-10 1.583576562500000051e+01 3.122288437500000100e+02
-1.999565841266639836e+02  0.000000000000000000e+00   3.998263557312771445e+04  9.385090019783759260e-10 1.586718750000000000e+01 3.126740624999999909e+02
-1.999565242719771732e+02  0.000000000000000000e+00   3.998261163601880253e+04  9.276283684379134693e-10 1.587951562499999980e+01 3.129299687500000005e+02
-1.999565339297295452e+02  0.000000000000000000e+00   3.998261549800315697e+04  9.207020130131321412e-10 1.584814062500000098e+01 3.119178437500000314e+02
-1.999565527774005602e+02  0.000000000000000000e+00   3.998262303552959929e+04  9.231066786636950211e-10 1.577026562500000040e+01 3.095015937499999836e+02
-1.999565370805555062e+02  0.000000000000000000e+00   3.998261675814051705e+04  9.227246697419031198e-10 1.581559374999999967e+01 3.113601249999999823e+02
-1.999565572286284976e+02  0.000000000000000000e+00   3.998262481536121049e+04  9.162837368592340677e-10 1.586859375000000050e+01 3.129628749999999968e+02
-1.999565554012031896e+02  0.000000000000000000e+00   3.998262408414862875e+04  9.062483952948490810e-10 1.583731249999999946e+01 3.119383124999999950e+02
-1.999565655117001199e+02  0.000000000000000000e+00   3.998262812692923035e+04  8.927479037677708765e-10 1.590017187499999984e+01 3.140680937500000027e+02
-1.999565396698958750e+02  0.000000000000000000e+00   3.998261779264059442e+04  8.974387999638668740e-10 1.581853124999999949e+01 3.111294374999999945e+02
-1.999565793877228828e+02  0.000000000000000000e+00   3.998263367617213953e+04  8.937233636406803357e-10 1.583781250000000007e+01 3.121498124999999959e+02
-1.999565725859733334e+02  0.000000000000000000e+00   3.998263095613500627e+04  8.955233684460256665e-10 1.584143749999999962e+01 3.126929375000000277e+02
-1.999565457450805184e+02  0.000000000000000000e+00   3.998262022132416314e+04  8.758727135680752856e-10 1.579310937500000023e+01 3.103509062499999800e+02
-1.999565543083664920e+02  0.000000000000000000e+00   3.998262364608053758e+04  8.805279995745639934e-10 1.586873437500000072e+01 3.131626562499999977e+02
-1.999565756525804261e+02  0.000000000000000000e+00   3.998263218162726116e+04  8.734077421436248565e-10 1.579700000000000060e+01 3.111929999999999836e+02
-1.999565652198013481e+02  0.000000000000000000e+00   3.998262800948075164e+04  8.748820368474807557e-10 1.585296875000000050e+01 3.125463750000000118e+02
-1.999565584849265178e+02  0.000000000000000000e+00   3.998262531551836582e+04  8.599367897457237495e-10 1.579231249999999953e+01 3.103173125000000141e+02
-1.999565581142951487e+02  0.000000000000000000e+00   3.998262516712593060e+04  8.556326495983859128e-10 1.580349999999999966e+01 3.115283749999999827e+02
-1.999565802648184842e+02  0.000000000000000000e+00   3.998263402549860621e+04  8.578176512071397368e-10 1.582362499999999983e+01 3.119086874999999850e+02
-1.999565408622402174e+02  0.000000000000000000e+00   3.998261826721276157e+04  8.408658270310663335e-10 1.580453125000000014e+01 3.112083125000000337e+02
-1.999565499105929973e+02  0.000000000000000000e+00   3.998262188585381955e+04  8.430251018942843650e-10 1.584956250000000111e+01 3.122232500000000073e+02
-1.999565634017917830e+02  0.000000000000000000e+00   3.998262728101000539e+04  8.392451235789943554e-10 1.580001562500000034e+01 3.103048437500000318e+02
-1.999565496105101658e+02  0.000000000000000000e+00   3.998262176559363434e+04  8.366940897379454116e-10 1.580771875000000115e+01 3.111191249999999968e+02
-1.999565632214261655e+02  0.000000000000000000e+00   3.998262720847349556e+04  8.290925737482875206e-10 1.577379687500000038e+01 3.100698437500000182e+02
-1.999565433942690049e+02  0.000000000000000000e+00   3.998261927926885255e+04  8.274762274779800565e-10 1.585592187499999994e+01 3.126646562500000073e+02
-1.999565403878184497e+02  0.000000000000000000e+00   3.998261807683646475e+04  8.246381231813580995e-10 1.582406250000000014e+01 3.112787500000000023e+02
-1.999565553308458732e+02  0.000000000000000000e+00   3.998262405247808783e+04  8.178667808428117586e-10 1.577642187500000048e+01 3.095325937499999895e+02
-1.999565728100797060e+02  0.000000000000000000e+00   3.998263104224245035e+04  8.075943459864069035e-10 1.578509374999999970e+01 3.106306250000000091e+02
-1.999565719630469403e+02  0.000000000000000000e+00   3.998263070399713615e+04  8.199552058450698111e-10 1.578934375000000045e+01 3.105841874999999845e+02
-1.999565819566387006e+02  0.000000000000000000e+00   3.998263469995566993e+04  8.046919058897227531e-10 1.585507812500000036e+01 3.124201562499999909e+02
-1.999565631649265072e+02  0.000000000000000000e+00   3.998262718456436414e+04  7.962238939448599370e-10 1.581295312499999994e+01 3.112552187499999832e+02
-1.999565567803828117e+02  0.000000000000000000e+00   3.998262463148400275e+04  8.007864969280086831e-10 1.579418749999999960e+01 3.109600624999999923e+02
-1.999565455257755957e+02  0.000000000000000000e+00   3.998262012997857528e+04  7.847661530197510217e-10 1.589171875000000078e+01 3.137013749999999845e+02
-1.999565741945076240e+02  0.000000000000000000e+00   3.998263159514380823e+04  7.888469656558718642e-10 1.578625000000000078e+01 3.107430625000000077e+02
-1.999565187083898934e+02  0.000000000000000000e+00   3.998260940495353861e+04  7.747084362446027949e-10 1.581142187500000063e+01 3.111511562499999854e+02
-1.999565735526120989e+02  0.000000000000000000e+00   3.998263133812585875e+04  7.809562244690806337e-10 1.581634374999999970e+01 3.115317499999999882e+02
-1.999565527451388789e+02  0.000000000000000000e+00   3.998262301685024431e+04  7.786066871145836116e-10 1.581103125000000098e+01 3.112705000000000268e+02
-1.999565503923033987e+02  0.000000000000000000e+00   3.998262207578235393e+04  7.751514891425357629e-10 1.578056250000000027e+01 3.099473750000000223e+02
-1.999565449395805103e+02  0.000000000000000000e+00   3.998261989513206208e+04  7.742760352104633431e-10 1.576374999999999993e+01 3.095620000000000118e+02
-1.999565794461147448e+02  0.000000000000000000e+00   3.998263369441566465e+04  7.659642891754475393e-10 1.580909375000000061e+01 3.113736250000000041e+02
-1.999565378775414786e+02  0.000000000000000000e+00   3.998261707043500064e+04  7.618890278359099845e-10 1.580357812499999959e+01 3.109482187500000236e+02
-1.999565740989109202e+02  0.000000000000000000e+00   3.998263155574057600e+04  7.595128475982924394e-10 1.576581250000000090e+01 3.099035625000000209e+02
-1.999565535907255480e+02  0.000000000000000000e+00   3.998262335420447198e+04  7.584238650963385254e-10 1.585575000000000045e+01 3.128168125000000259e+02
-1.999565558280208677e+02  0.000000000000000000e+00   3.998262424846012436e+04  7.467168400332443556e-10 1.581289062499999964e+01 3.118615937499999973e+02
-1.999565431130474167e+02  0.000000000000000000e+00   3.998261916373766871e+04  7.507681295406688052e-10 1.584667187500000018e+01 3.124304687499999886e+02
-1.999565426816230058e+02  0.000000000000000000e+00   3.998261899093047396e+04  7.438920935014322756e-10 1.582792187499999947e+01 3.114807187499999941e+02
-1.999565731484983644e+02  0.000000000000000000e+00   3.998263117479671200e+04  7.379688481996465996e-10 1.580435937500000065e+01 3.109877812500000118e+02
-1.999565634155944451e+02  0.000000000000000000e+00   3.998262728243007587e+04  7.367058109041613292e-10 1.578803124999999952e+01 3.103121249999999804e+02
-1.999565489889257037e+02  0.000000000000000000e+00   3.998262151302134589e+04  7.368376692835738803e-10 1.581206249999999969e+01 3.114582500000000209e+02
-1.999565315316106080e+02  0.000000000000000000e+00   3.998261453129488655e+04  7.288893613386215208e-10 1.578818750000000115e+01 3.107927500000000123e+02
-1.999565727749709083e+02  0.000000000000000000e+00   3.998263102528774471e+04  7.347067140502335848e-10 1.586456249999999990e+01 3.133787500000000250e+02
-1.999565740910664999e+02  0.000000000000000000e+00   3.998263155118413852e+04  7.240136796043800059e-10 1.583170312500000065e+01 3.117344062500000064e+02
-1.999565786830371223e+02  0.000000000000000000e+00   3.998263338782973733e+04  7.304201800451766988e-10 1.579854687499999955e+01 3.110944687500000327e+02
-1.999565747265961306e+02  0.000000000000000000e+00   3.998263180538405140e+04  7.250955339516709672e-10 1.588860937499999970e+01 3.133595937499999877e+02
-1.999565804375778555e+02  0.000000000000000000e+00   3.998263408895323664e+04  7.169035733242269751e-10 1.584185937500000030e+01 3.123864687500000059e+02
-1.999565890480234032e+02  0.000000000000000000e+00   3.998263753259021178e+04  7.220658615042468999e-10 1.577981250000000024e+01 3.103067500000000223e+02
-1.999565300480455790e+02  0.000000000000000000e+00   3.998261393727623363e+04  7.108409723710011191e-10 1.584159374999999947e+01 3.121113124999999968e+02
-1.999565429995886916e+02  0.000000000000000000e+00   3.998261911664157378e+04  7.076877472384231658e-10 1.580637500000000095e+01 3.112905000000000086e+02
-1.999565514089500482e+02  0.000000000000000000e+00   3.998262247927855060e+04  6.982650489217550612e-10 1.587382812500000107e+01 3.130425937499999804e+02
-1.999565557056615432e+02  0.000000000000000000e+00   3.998262419776545721e+04  7.026585135452150540e-10 1.581825000000000081e+01 3.118256875000000150e+02
-1.999565508849940443e+02  0.000000000000000000e+00   3.998262226966323215e+04  6.963029657895038164e-10 1.582096875000000047e+01 3.116150000000000091e+02
-1.999565586168312734e+02  0.000000000000000000e+00   3.998262536178318260e+04  6.977256158316158897e-10 1.583810937500000016e+01 3.125672187499999950e+02
-1.999565354316942489e+02  0.000000000000000000e+00   3.998261608984885243e+04  7.003657328836220658e-10 1.577426562499999996e+01 3.103013437500000009e+02
-1.999565338853227559e+02  0.000000000000000000e+00   3.998261547094347770e+04  6.880802248965317360e-10 1.580221874999999976e+01 3.111301875000000337e+02
-1.999565369096532379e+02  0.000000000000000000e+00   3.998261668022945378e+04  6.834954497194840958e-10 1.583668750000000003e+01 3.116515625000000114e+02
-1.999565818123310237e+02  0.000000000000000000e+00   3.998263463741922169e+04  6.839917605523920560e-10 1.580687499999999979e+01 3.111828750000000241e+02
-1.999565650000540984e+02  0.000000000000000000e+00   3.998262791388650658e+04  6.819373442465838244e-10 1.584432812500000054e+01 3.122727187500000241e+02
-1.999565636846450047e+02  0.000000000000000000e+00   3.998262738751670986e+04  6.739230431426017142e-10 1.578043749999999967e+01 3.100972500000000309e+02
-1.999565650404663302e+02  0.000000000000000000e+00   3.998262792952359450e+04  6.688243751326303680e-10 1.585496875000000117e+01 3.126995000000000005e+02
-1.999565649050429670e+02  0.000000000000000000e+00   3.998262787554259558e+04  6.732407994914559667e-10 1.578209374999999959e+01 3.104088750000000232e+02
-1.999565504979401567e+02  0.000000000000000000e+00   3.998262211387214484e+04  6.712129336716773343e-10 1.582040624999999956e+01 3.118352500000000305e+02
-1.999565710963601646e+02  0.000000000000000000e+00   3.998263035133214726e+04  6.682503761258430223e-10 1.585862499999999997e+01 3.126091250000000059e+02
-1.999565736543298726e+02  0.000000000000000000e+00   3.998263137428194750e+04  6.678525552119679604e-10 1.578875000000000028e+01 3.104061874999999873e+02
-1.999565331114857827e+02  0.000000000000000000e+00   3.998261516033847874e+04  6.596308765758663301e-10 1.585393750000000068e+01 3.131643750000000068e+02
-1.999565469597935419e+02  0.000000000000000000e+00   3.998262069864077785e+04  6.642049843857438647e-10 1.583848437500000017e+01 3.125047812500000077e+02
-1.999565613672793063e+02  0.000000000000000000e+00   3.998262646005740680e+04  6.560568245920824240e-10 1.575670312499999959e+01 3.095025312500000041e+02
-1.999565819617732814e+02  0.000000000000000000e+00   3.998263469607081788e+04  6.561713355552779401e-10 1.576664062500000085e+01 3.100374687500000164e+02
-1.999565732711289456e+02  0.000000000000000000e+00   3.998263122034817206e+04  6.506778419714274793e-10 1.580056249999999984e+01 3.111640625000000000e+02
-1.999565635447962109e+02  0.000000000000000000e+00   3.998262733063770429e+04  6.501217805759219099e-10 1.579214062500000004e+01 3.104319062499999973e+02
-1.999565529880474060e+02  0.000000000000000000e+00   3.998262310866026382e+04  6.452415633320419724e-10 1.587300000000000111e+01 3.130936874999999873e+02
-1.999565494463357993e+02  0.000000000000000000e+00   3.998262169226353581e+04  6.447451501995610207e-10 1.579435937500000087e+01 3.110324687500000209e+02
-1.999565491131224064e+02  0.000000000000000000e+00   3.998262155905176769e+04  6.458614054177118724e-10 1.585454687500000048e+01 3.124679062499999986e+02
-1.999565622000086762e+02  0.000000000000000000e+00   3.998262679225143802e+04  6.354134191678189930e-10 1.585845312500000048e+01 3.133009062500000255e+02
-1.999565575924659413e+02  0.000000000000000000e+00   3.998262494964439975e+04  6.356572989542242161e-10 1.577510937499999955e+01 3.098084062500000186e+02
-1.999565568441512085e+02  0.000000000000000000e+00   3.998262465023878030e+04  6.320372155817783786e-10 1.576825000000000010e+01 3.100148750000000177e+02
-1.999565494876259493e+02  0.000000000000000000e+00   3.998262170817622973e+04  6.297441572828965226e-10 1.583035937500000045e+01 3.118840937500000337e+02
-1.999565886090617255e+02  0.000000000000000000e+00   3.998263735330968484e+04  6.286762463437000699e-10 1.589482812500000009e+01 3.140542187500000182e+02
-1.999565497048749876e+02  0.000000000000000000e+00   3.998262179469179682e+04  6.206110439629396700e-10 1.588270312500000081e+01 3.129891562500000077e+02
-1.999565721933529971e+02  0.000000000000000000e+00   3.998263078868287266e+04  6.344576074047971378e-10 1.579345312500000098e+01 3.107602812499999914e+02
-1.999565694039128800e+02  0.000000000000000000e+00   3.998262967260584264e+04  6.208700583054127811e-10 1.584604687500000075e+01 3.124037812500000086e+02
-1.999565648297490554e+02  0.000000000000000000e+00   3.998262784314644523e+04  6.160877055488399218e-10 1.587412500000000115e+01 3.129677500000000236e+02
-1.999565742208405936e+02  0.000000000000000000e+00   3.998263159895716672e+04  6.208354525802031805e-10 1.582699999999999996e+01 3.119698750000000018e+02
-1.999565806314938072e+02  0.000000000000000000e+00   3.998263416234358738e+04  6.128786090849879734e-10 1.581821874999999977e+01 3.114721250000000055e+02
-1.999565824162323509e+02  0.000000000000000000e+00   3.998263487620216620e+04  6.158335559698404702e-10 1.578667187499999969e+01 3.105972187500000246e+02
-1.999565442678020588e+02  0.000000000000000000e+00   3.998261961986035021e+04  6.087361025637280286e-10 1.580098437500000053e+01 3.109129062499999918e+02
-1.999565655485970126e+02  0.000000000000000000e+00   3.998262813025023934e+04  6.067602381398731675e-10 1.576276562500000011e+01 3.097154687500000136e+02
-1.999565896358040504e+02  0.000000000000000000e+00   3.998263776316437725e+04  6.098406143397378020e-10 1.584282812500000048e+01 3.121334687500000200e+02
-1.999565335856459001e+02  0.000000000000000000e+00   3.998261534774694883e+04  6.042478614453455441e-10 1.587873437500000051e+01 3.133522812500000327e+02
-1.999565351822408559e+02  0.000000000000000000e+00   3.998261598618057906e+04  6.026082297619728073e-10 1.587726562499999972e+01 3.134899062499999900e+02
-1.999565715381654059e+02  0.000000000000000000e+00   3.998263052537413751e+04  6.021783606623252921e-10 1.586210937500000107e+01 3.127970937499999877e+02
-1.999565459280083815e+02  0.000000000000000000e+00   3.998262028336997901e+04  5.980161319235326162e-10 1.581240625000000044e+01 3.113870625000000132e+02
-1.999565511948988785e+02  0.000000000000000000e+00   3.998262238949132006e+04  5.935854820773955983e-10 1.585845312500000048e+01 3.124250937500000305e+02
-1.999565716329703378e+02  0.000000000000000000e+00   3.998263056295918068e+04  5.939575056655732352e-10 1.584787500000000016e+01 3.121951875000000314e+02
-1.999565370982817569e+02  0.000000000000000000e+00   3.998261675213241688e+04  5.951558541461141534e-10 1.580864062500000067e+01 3.106831562500000246e+02
-1.999565613352506830e+02  0.000000000000000000e+00   3.998262644469769293e+04  5.922527971209137747e-10 1.585176562500000053e+01 3.125987187499999891e+02
-1.999565378837858702e+02  0.000000000000000000e+00   3.998261706605247309e+04  5.898207997621865901e-10 1.585581250000000075e+01 3.131521250000000123e+02
-1.999565341825592952e+02  0.000000000000000000e+00   3.998261558570540365e+04  5.853643616209223632e-10 1.581192187499999946e+01 3.110803437499999973e+02
-1.999565643095768053e+02  0.000000000000000000e+00   3.998262763385540893e+04  5.843909670186412714e-10 1.582293750000000010e+01 3.114130625000000236e+02
-1.999565646819460198e+02  0.000000000000000000e+00   3.998262778279303166e+04  5.849483633779194852e-10 1.582790624999999984e+01 3.115895624999999995e+02
-1.999565421746454490e+02  0.000000000000000000e+00   3.998261878165468806e+04  5.806003123614474927e-10 1.579735937500000098e+01 3.107848437499999932e+02
-1.999565666876100352e+02  0.000000000000000000e+00   3.998262858461833821e+04  5.782935992278869572e-10 1.576542187499999947e+01 3.097635937499999841e+02
-1.999565598105445474e+02  0.000000000000000000e+00   3.998262583453952539e+04  5.820440232650230232e-10 1.577621874999999996e+01 3.105117500000000064e+02
-1.999565300018169012e+02  0.000000000000000000e+00   3.998261391329429898e+04  5.734191657322317279e-10 1.583467187499999973e+01 3.115405937500000277e+02
-1.999565501764336943e+02  0.000000000000000000e+00   3.998262198132710182e+04  5.719099064606322517e-10 1.580593750000000064e+01 3.115168750000000273e+02
-1.999565811733484395e+02  0.000000000000000000e+00   3.998263437739016081e+04  5.716551420034180334e-10 1.584848437499999996e+01 3.124937187500000277e+02
-1.999565543420238214e+02  0.000000000000000000e+00   3.998262364705400978e+04  5.682290137614747396e-10 1.583568750000000058e+01 3.118541875000000232e+02
-1.999565569267765568e+02  0.000000000000000000e+00   3.998262468068984163e+04  5.672115601367103831e-10 1.578126562499999963e+01 3.103759062500000141e+02
-1.999565552577545020e+02  0.000000000000000000e+00   3.998262401302522630e+04  5.621891590144595681e-10 1.572771875000000108e+01 3.089465625000000273e+02
-1.999565542982025761e+02  0.000000000000000000e+00   3.998262362948651571e+04  5.671584374754575017e-10 1.580898437499999964e+01 3.113357812500000250e+02
-1.999565554136543142e+02  0.000000000000000000e+00   3.998262407558628183e+04  5.675584187726990406e-10 1.584842187499999966e+01 3.123905937499999936e+02
-1.999565585916040789e+02  0.000000000000000000e+00   3.998262534633301402e+04  5.636302239355674607e-10 1.581012500000000109e+01 3.111798125000000255e+02
-1.999565454191868241e+02  0.000000000000000000e+00   3.998262007843799802e+04  5.618110640340074533e-10 1.582650000000000112e+01 3.117138750000000300e+02
-1.999565456808578574e+02  0.000000000000000000e+00   3.998262018301593343e+04  5.601168472991606439e-10 1.578643749999999990e+01 3.105439999999999827e+02
-1.999565692573520153e+02  0.000000000000000000e+00   3.998262961158702819e+04  5.606639229587994024e-10 1.583990625000000030e+01 3.121573750000000018e+02
-1.999565543616402294e+02  0.000000000000000000e+00   3.998262365443239833e+04  5.565620405455707761e-10 1.579828125000000050e+01 3.108509374999999864e+02
-1.999565511279318457e+02  0.000000000000000000e+00   3.998262236120369198e+04  5.559032981901370200e-10 1.582542187499999997e+01 3.120478437500000268e+02
-1.999565818574233731e+02  0.000000000000000000e+00   3.998263465007203195e+04  5.494279881511069614e-10 1.579960937500000107e+01 3.108399062500000127e+02
-1.999565476701089040e+02  0.000000000000000000e+00   3.998262097821838688e+04  5.519860588711923185e-10 1.584346874999999955e+01 3.126658125000000155e+02
-1.999565303236769296e+02  0.000000000000000000e+00   3.998261404089048301e+04  5.454109242082355045e-10 1.586903125000000081e+01 3.125319375000000264e+02
-1.999565533934838584e+02  0.000000000000000000e+00   3.998262326694547664e+04  5.488463609238361913e-10 1.579682812500000111e+01 3.105835937500000341e+02
-1.999565376201883566e+02  0.000000000000000000e+00   3.998261695879710896e+04  5.438189406519327042e-10 1.582739062499999960e+01 3.117659687500000132e+02
-1.999566032157575819e+02  0.000000000000000000e+00   3.998264319141819578e+04  5.460940355693746860e-10 1.580760937500000018e+01 3.113357187500000123e+02
-1.999565798741378160e+02  0.000000000000000000e+00   3.998263385650785494e+04  5.388689106632753173e-10 1.586648437500000064e+01 3.132147187500000314e+02
-1.999565663743626942e+02  0.000000000000000000e+00   3.998262845793396264e+04  5.429620319579663923e-10 1.583701562500000115e+01 3.123812812500000291e+02
-1.999565672079502860e+02  0.000000000000000000e+00   3.998262879108038760e+04  5.375547340337353466e-10 1.584209375000000009e+01 3.122452499999999986e+02
-1.999565475776942947e+02  0.000000000000000000e+00   3.998262094075823552e+04  5.394221158956699229e-10 1.579387499999999989e+01 3.103994375000000332e+02
-1.999565598435716822e+02  0.000000000000000000e+00   3.998262584599154798e+04  5.381258205414666109e-10 1.578106250000000088e+01 3.103938125000000241e+02
-1.999565492616303004e+02  0.000000000000000000e+00   3.998262161409475084e+04  5.371324595820743197e-10 1.583007812500000000e+01 3.112811562499999809e+02
-1.999565595838340073e+02  0.000000000000000000e+00   3.998262574201471580e+04  5.355164396303090890e-10 1.579482812500000044e+01 3.104092187499999795e+02
-1.999565691746772700e+02  0.000000000000000000e+00   3.998262957738211117e+04  5.320964763378252259e-10 1.579112500000000097e+01 3.107132500000000164e+02
-1.999565523196549179e+02  0.000000000000000000e+00   3.998262283676498919e+04  5.302827913463467444e-10 1.585259375000000048e+01 3.125180624999999850e+02
-1.999565550653940420e+02  0.000000000000000000e+00   3.998262393481945037e+04  5.302176286618697623e-10 1.583518749999999997e+01 3.114779374999999959e+02
-1.999565588171437582e+02  0.000000000000000000e+00   3.998262543505946087e+04  5.268686679042389990e-10 1.579592187499999945e+01 3.107467187500000136e+02
-1.999565876277132759e+02  0.000000000000000000e+00   3.998263695683806145e+04  5.281964090524747714e-10 1.580601562500000057e+01 3.114435937499999909e+02
-1.999565448813140733e+02  0.000000000000000000e+00   3.998261986177333165e+04  5.227362027027266502e-10 1.577512500000000095e+01 3.098835624999999823e+02
-1.999565633327001706e+02  0.000000000000000000e+00   3.998262724076087034e+04  5.236458141364234569e-10 1.583617187499999979e+01 3.125229687500000182e+02
-1.999565374062612761e+02  0.000000000000000000e+00   3.998261687237620208e+04  5.220927674927040360e-10 1.582837500000000119e+01 3.118917500000000018e+02
-1.999565417474756828e+02  0.000000000000000000e+00   3.998261860859695298e+04  5.249023034151596323e-10 1.584268750000000026e+01 3.122311250000000200e+02
-1.999565587513449998e+02  0.000000000000000000e+00   3.998262540840134170e+04  5.182565600976960342e-10 1.585739062500000074e+01 3.128970937500000105e+02
-1.999565717056400160e+02  0.000000000000000000e+00   3.998263058880619064e+04  5.135589138433320065e-10 1.584610937500000105e+01 3.124317812500000286e+02
-1.999565775720650720e+02  0.000000000000000000e+00   3.998263293521039304e+04  5.221546122257278191e-10 1.583512499999999967e+01 3.120231249999999932e+02
-1.999565720759925682e+02  0.000000000000000000e+00   3.998263073705464922e+04  5.170505230791274371e-10 1.584110937500000027e+01 3.123427812500000300e+02
-1.999565703480228933e+02  0.000000000000000000e+00   3.998263004602428555e+04  5.172359675610336676e-10 1.580584375000000108e+01 3.110534999999999854e+02
-1.999565651903014043e+02  0.000000000000000000e+00   3.998262798333341925e+04  5.159781624911854024e-10 1.580993750000000020e+01 3.116879375000000323e+02
-1.999565722384362516e+02  0.000000000000000000e+00   3.998263080197951058e+04  5.160874948708494280e-10 1.584073437500000026e+01 3.122776562500000068e+02
-1.999565820793176556e+02  0.000000000000000000e+00   3.998263473731228441e+04  5.119569087261991860e-10 1.582521874999999945e+01 3.122116250000000264e+02
-1.999565600539354477e+02  0.000000000000000000e+00   3.998262592879214208e+04  5.049455918077341581e-10 1.582084374999999987e+01 3.110396875000000136e+02
-1.999565452973443485e+02  0.000000000000000000e+00   3.998262002758215385e+04  5.085517425782261849e-10 1.585876562500000020e+01 3.123507187499999986e+02
-1.999565384166617434e+02  0.000000000000000000e+00   3.998261727579937724e+04  5.058561371334685755e-10 1.584537500000000065e+01 3.120678125000000023e+02
-1.999565622902434825e+02  0.000000000000000000e+00   3.998262682320921158e+04  5.071500617487711842e-10 1.580826562500000065e+01 3.113905312499999809e+02
-1.999565747808422600e+02  0.000000000000000000e+00   3.998263181829360110e+04  5.053953669362038522e-10 1.581759375000000034e+01 3.116383749999999964e+02
-1.999565871978900304e+02  0.000000000000000000e+00   3.998263678406739200e+04  5.062194822282206651e-10 1.581064062499999956e+01 3.118946562500000255e+02
-1.999565586896474656e+02  0.000000000000000000e+00   3.998262538307633804e+04  5.019657091873732084e-10 1.576523437500000036e+01 3.099685937500000250e+02
-1.999565435678925098e+02  0.000000000000000000e+00   3.998261933564422361e+04  5.008608146154787607e-10 1.578939062500000112e+01 3.105388437500000123e+02
-1.999565391280798963e+02  0.000000000000000000e+00   3.998261755995574640e+04  4.971261019326931459e-10 1.587443750000000087e+01 3.129106874999999945e+02
-1.999565705570235252e+02  0.000000000000000000e+00   3.998263012894861458e+04  5.007846126192823638e-10 1.577581250000000068e+01 3.101875000000000000e+02
-1.999565548199096838e+02  0.000000000000000000e+00   3.998262383528587816e+04  4.961739150511501823e-10 1.578856250000000117e+01 3.106799374999999941e+02
-1.999565730687821770e+02  0.000000000000000000e+00   3.998263113344815793e+04  5.011409128821985638e-10 1.583498437499999945e+01 3.124574687500000323e+02
-1.999565312320093540e+02  0.000000000000000000e+00   3.998261440215952462e+04  4.957653094461712808e-10 1.579893750000000097e+01 3.109766875000000255e+02
-1.999565596073623510e+02  0.000000000000000000e+00   3.998262574969735579e+04  4.923314261656483754e-10 1.584390624999999986e+01 3.122821250000000077e+02
-1.999565154904614133e+02  0.000000000000000000e+00   3.998260810668598424e+04  4.901843022588312979e-10 1.582735937500000034e+01 3.112932812500000068e+02
-1.999565628316957770e+02  0.000000000000000000e+00   3.998262703927834082e+04  4.955262156669499760e-10 1.584398437499999979e+01 3.126774687500000027e+02
-1.999565908158847662e+02  0.000000000000000000e+00   3.998263823061167204e+04  4.977285558173169710e-10 1.578367187499999957e+01 3.114255937500000186e+02
-1.999565664057832919e+02  0.000000000000000000e+00   3.998262846848299523e+04  4.925281108746406290e-10 1.575212499999999949e+01 3.094526875000000246e+02
-1.999565751431408387e+02  0.000000000000000000e+00   3.998263196261582925e+04  4.912458511573075212e-10 1.579328124999999972e+01 3.109742499999999836e+02
-1.999565566061641277e+02  0.000000000000000000e+00   3.998262454956069996e+04  4.943792392569750148e-10 1.579632812500000050e+01 3.107975312500000200e+02
-1.999565464903178338e+02  0.000000000000000000e+00   3.998262050378736603e+04  4.865296679208594574e-10 1.583200000000000074e+01 3.114556249999999977e+02
-1.999565719890368030e+02  0.000000000000000000e+00   3.998263070113871072e+04  4.885083721849976697e-10 1.583373437500000058e+01 3.115635937499999955e+02
-1.999565614058879532e+02  0.000000000000000000e+00   3.998262646865122224e+04  4.848251895715618502e-10 1.587115625000000030e+01 3.127514375000000086e+02
-1.999565354913290207e+02  0.000000000000000000e+00   3.998261610500550887e+04  4.829695033135667134e-10 1.583403125000000067e+01 3.115132500000000277e+02
-1.999565653960362113e+02  0.000000000000000000e+00   3.998262806424255541e+04  4.817905055413045357e-10 1.585221875000000047e+01 3.125918750000000159e+02
-1.999565671013703252e+02  0.000000000000000000e+00   3.998262874646376440e+04  4.876854916861438491e-10 1.582009374999999984e+01 3.115904375000000073e+02
-1.999565628184251125e+02  0.000000000000000000e+00   3.998262703348288051e+04  4.833122178136820490e-10 1.583229687500000082e+01 3.119354687499999841e+02
-1.999565683849472464e+02  0.000000000000000000e+00   3.998262925963919406e+04  4.840879629806471524e-10 1.579176562500000003e+01 3.108165937499999814e+02
-1.999565774177953870e+02  0.000000000000000000e+00   3.998263287172873970e+04  4.774557328090202919e-10 1.583914062500000064e+01 3.121406562500000064e+02
-1.999565673995988391e+02  0.000000000000000000e+00   3.998262886549221002e+04  4.817566479838994232e-10 1.582148437500000071e+01 3.119024062500000127e+02
-1.999565572892192904e+02  0.000000000000000000e+00   3.998262482213394833e+04  4.796361072084490159e-10 1.580762499999999982e+01 3.112140625000000114e+02
-1.999565521501443754e+02  0.000000000000000000e+00   3.998262276670683059e+04  4.735413247773085127e-10 1.584770312500000067e+01 3.123316562499999804e+02
-1.999565452333403641e+02  0.000000000000000000e+00   3.998262000051904761e+04  4.718589708369809704e-10 1.577889062500000072e+01 3.103380937499999845e+02
-1.999565864832228499e+02  0.000000000000000000e+00   3.998263649712727783e+04  4.778249227459326535e-10 1.578046875000000071e+01 3.109540000000000077e+02
-1.999565579574608307e+02  0.000000000000000000e+00   3.998262508913160127e+04  4.736109948402060434e-10 1.583026562500000090e+01 3.119233437500000150e+02
-1.999565543057756543e+02  0.000000000000000000e+00   3.998262362881533772e+04  4.746244475838235592e-10 1.581098437500000031e+01 3.110455312500000105e+02
-1.999565697300317026e+02  0.000000000000000000e+00   3.998262979715273104e+04  4.739983701600206687e-10 1.586982812499999973e+01 3.132280312500000150e+02
-1.999565673630406195e+02  0.000000000000000000e+00   3.998262885047648888e+04  4.718621419967824437e-10 1.572429687500000028e+01 3.083723437500000273e+02
-1.999565574059355981e+02  0.000000000000000000e+00   3.998262486848711706e+04  4.715522804777010565e-10 1.578934375000000045e+01 3.099888750000000073e+02
-1.999565716434542253e+02  0.000000000000000000e+00   3.998263056232823874e+04  4.733153977977776755e-10 1.584153125000000095e+01 3.128508125000000177e+02
-1.999565715679422340e+02  0.000000000000000000e+00   3.998263053204340395e+04  4.711494964521391356e-10 1.579259374999999999e+01 3.109672499999999786e+02
-1.999565288322662866e+02  0.000000000000000000e+00   3.998261344122326409e+04  4.645600910479695774e-10 1.586665625000000013e+01 3.126766875000000141e+02
-1.999565748082865753e+02  0.000000000000000000e+00   3.998263182775494352e+04  4.675290297463079025e-10 1.577837500000000048e+01 3.103900624999999991e+02
-1.999565765846214163e+02  0.000000000000000000e+00   3.998263253821674880e+04  4.695833705489916710e-10 1.580201562500000101e+01 3.110078437500000064e+02
-1.999565912635992220e+02  0.000000000000000000e+00   3.998263840839094337e+04  4.660238133694709296e-10 1.590957812499999946e+01 3.144551562500000159e+02
-1.999565598099623003e+02  0.000000000000000000e+00   3.998262582956269034e+04  4.633927403214881851e-10 1.583099999999999952e+01 3.111531249999999886e+02
-1.999565591212432025e+02  0.000000000000000000e+00   3.998262555414767121e+04  4.637124788326067005e-10 1.583260937500000054e+01 3.120215312500000095e+02
-1.999565525198811144e+02  0.000000000000000000e+00   3.998262291428731987e+04  4.664862180750890107e-10 1.581565624999999997e+01 3.115381874999999923e+02
-1.999565616517025717e+02  0.000000000000000000e+00   3.998262656592718122e+04  4.591005991488858798e-10 1.577159375000000097e+01 3.101775000000000091e+02
-1.999565640496913659e+02  0.000000000000000000e+00   3.998262752500353963e+04  4.613307282287117736e-10 1.582648437499999972e+01 3.118166562499999941e+02
-1.999565706262562514e+02  0.000000000000000000e+00   3.998263015509539400e+04  4.622604232987663220e-10 1.580526562500000054e+01 3.109382187500000327e+02
-1.999565765699375106e+02  0.000000000000000000e+00   3.998263253194057324e+04  4.594817744555197321e-10 1.583476562500000107e+01 3.119046562500000164e+02
-1.999565649721780289e+02  0.000000000000000000e+00   3.998262789383006748e+04  4.591297003770847094e-10 1.583589062500000111e+01 3.125698437500000182e+02
-1.999565658872379572e+02  0.000000000000000000e+00   3.998262825976022577e+04  4.587715635253942223e-10 1.581225000000000058e+01 3.118440625000000068e+02
-1.999565652596485847e+02  0.000000000000000000e+00   3.998262800887712365e+04  4.612259033328981008e-10 1.578684375000000095e+01 3.105424375000000055e+02
-1.999565476475577555e+02  0.000000000000000000e+00   3.998262096527998801e+04  4.539461364504950848e-10 1.587018750000000011e+01 3.129779374999999959e+02
-1.999565631529319205e+02  0.000000000000000000e+00   3.998262716613320663e+04  4.552166362864357950e-10 1.588596874999999997e+01 3.130021874999999909e+02
-1.999565488626002718e+02  0.000000000000000000e+00   3.998262145128371776e+04  4.562548858612390477e-10 1.580240625000000065e+01 3.110065000000000168e+02
-1.999565488203675443e+02  0.000000000000000000e+00   3.998262143424985697e+04  4.526424407093830235e-10 1.580668750000000067e+01 3.108486874999999827e+02
-1.999565604520504962e+02  0.000000000000000000e+00   3.998262608589995216e+04  4.523321155883916026e-10 1.582309374999999996e+01 3.114088125000000105e+02
-1.999565750420046299e+02  0.000000000000000000e+00   3.998263192053358216e+04  4.503142780070284709e-10 1.582340624999999967e+01 3.115991250000000150e+02
-1.999565510171363769e+02  0.000000000000000000e+00   3.998262231267044262e+04  4.502401391942181275e-10 1.582926562499999967e+01 3.119466562499999895e+02
-1.999565650769729359e+02  0.000000000000000000e+00   3.998262793548079208e+04  4.526736673205939859e-10 1.578920312500000023e+01 3.109483437499999923e+02
-1.999565496140713776e+02  0.000000000000000000e+00   3.998262175138667226e+04  4.457458347995900528e-10 1.584924999999999962e+01 3.122821250000000077e+02
-1.999565615039803959e+02  0.000000000000000000e+00   3.998262650643703819e+04  4.487435050582576004e-10 1.585298437500000013e+01 3.128812812500000291e+02
-1.999565729722930882e+02  0.000000000000000000e+00   3.998263109271722351e+04  4.475256570795118300e-10 1.583964062499999947e+01 3.117104062500000055e+02
-1.999565516751077894e+02  0.000000000000000000e+00   3.998262257573061652e+04  4.484589355851504934e-10 1.584807812500000068e+01 3.123129687499999818e+02
-1.999565654992716759e+02  0.000000000000000000e+00   3.998262810402415198e+04  4.441836650563973814e-10 1.581862500000000082e+01 3.122760625000000232e+02
-1.999565774199993484e+02  0.000000000000000000e+00   3.998263287147366646e+04  4.490318686734564548e-10 1.581059375000000067e+01 3.116031874999999900e+02
-1.999565664296092677e+02  0.000000000000000000e+00   3.998262847607326694e+04  4.440559123872378650e-10 1.580040624999999999e+01 3.107534375000000182e+02
-1.999565517391125979e+02  0.000000000000000000e+00   3.998262260120100109e+04  4.453081682399588536e-10 1.577745312500000097e+01 3.108602187500000014e+02
-1.999565727126016270e+02  0.000000000000000000e+00   3.998263098868120142e+04  4.429738435318149385e-10 1.578109375000000014e+01 3.100185000000000173e+02
-1.999565826038105740e+02  0.000000000000000000e+00   3.998263494441939838e+04  4.458153852690174203e-10 1.583109375000000085e+01 3.122689374999999927e+02
-1.999565685908046646e+02  0.000000000000000000e+00   3.998262934019199020e+04  4.397614047363041704e-10 1.585350000000000037e+01 3.124040625000000091e+02
-1.999565713441626258e+02  0.000000000000000000e+00   3.998263044153857481e+04  4.458279919565667405e-10 1.582060937500000009e+01 3.118889687500000036e+02
-1.999565567346987507e+02  0.000000000000000000e+00   3.998262459867725556e+04  4.372012085596899697e-10 1.577998437499999973e+01 3.098212187500000141e+02
-1.999565775479395029e+02  0.000000000000000000e+00   3.998263292229518265e+04  4.404421448526638015e-10 1.578603125000000063e+01 3.110198750000000132e+02
-1.999565640515536131e+02  0.000000000000000000e+00   3.998262752483267832e+04  4.384308017447017571e-10 1.575637500000000024e+01 3.093261249999999905e+02
-1.999565502160513972e+02  0.000000000000000000e+00   3.998262199180500465e+04  4.377082277757559546e-10 1.581010937499999969e+01 3.111089062500000182e+02
-1.999565525336431051e+02  0.000000000000000000e+00   3.998262291852021008e+04  4.347046707954531985e-10 1.591059375000000031e+01 3.143545624999999859e+02
-1.999565488674277844e+02  0.000000000000000000e+00   3.998262145245212014e+04  4.371921440628053050e-10 1.588675000000000104e+01 3.132993749999999977e+02
-1.999565564803973245e+02  0.000000000000000000e+00   3.998262449691599613e+04  4.356309216011066008e-10 1.577562499999999979e+01 3.099431875000000218e+02
-1.999565576251725929e+02  0.000000000000000000e+00   3.998262495471225702e+04  4.352713281100678873e-10 1.586201562499999973e+01 3.128032812499999977e+02
-1.999565769840852170e+02  0.000000000000000000e+00   3.998263269647542620e+04  4.322633302578576441e-10 1.586987500000000040e+01 3.131577500000000214e+02
-1.999565624530694947e+02  0.000000000000000000e+00   3.998262688536214409e+04  4.330346157568117742e-10 1.584578124999999993e+01 3.122210000000000036e+02
-1.999565548064724680e+02  0.000000000000000000e+00   3.998262382740256726e+04  4.334067938709966889e-10 1.588412500000000094e+01 3.130817499999999995e+02
-1.999565889686784317e+02  0.000000000000000000e+00   3.998263748927591951e+04  4.323602726784483126e-10 1.590790624999999991e+01 3.148024374999999964e+02
-1.999565660904621893e+02  0.000000000000000000e+00   3.998262834003915486e+04  4.339330252495887759e-10 1.584600000000000009e+01 3.123621875000000045e+02
-1.999565498042571505e+02  0.000000000000000000e+00   3.998262182689173642e+04  4.319218750628910295e-10 1.580910937500000024e+01 3.114845312500000318e+02
-1.999565495283752341e+02  0.000000000000000000e+00   3.998262171657734143e+04  4.322818287428300854e-10 1.583053124999999994e+01 3.118796874999999886e+02
-1.999565639374043542e+02  0.000000000000000000e+00   3.998262747882322583e+04  4.294352669436186525e-10 1.579071874999999991e+01 3.109157500000000027e+02
-1.999565569289035807e+02  0.000000000000000000e+00   3.998262467614326306e+04  4.322228358764360091e-10 1.581142187500000063e+01 3.115302187500000173e+02
-1.999565611521618109e+02  0.000000000000000000e+00   3.998262636508807918e+04  4.324340940544187370e-10 1.577007812499999950e+01 3.096831562500000246e+02
-1.999565647957051340e+02  0.000000000000000000e+00   3.998262782201544906e+04  4.280964513002201370e-10 1.575732812500000080e+01 3.098246562500000323e+02
-1.999565658990333930e+02  0.000000000000000000e+00   3.998262826330959069e+04  4.295642809002001392e-10 1.580176562499999982e+01 3.112426562499999818e+02
-1.999565522289634600e+02  0.000000000000000000e+00   3.998262279645009403e+04  4.290839177222228561e-10 1.574990625000000044e+01 3.092211874999999850e+02
-1.999565623854317948e+02  0.000000000000000000e+00   3.998262685808163951e+04  4.272495361080562464e-10 1.582073437500000068e+01 3.117894687500000259e+02
-1.999565585943082340e+02  0.000000000000000000e+00   3.998262534204466647e+04  4.293275589262890553e-10 1.583218749999999986e+01 3.115381249999999795e+02
-1.999565514038276888e+02  0.000000000000000000e+00   3.998262246634959592e+04  4.261353317513590801e-10 1.586556250000000112e+01 3.125648750000000291e+02
-1.999565421208963869e+02  0.000000000000000000e+00   3.998261875401031284e+04  4.267979532724196982e-10 1.579257812500000036e+01 3.104870937499999854e+02
-1.999565780399258301e+02  0.000000000000000000e+00   3.998263311849092861e+04  4.265346598215152079e-10 1.580209375000000094e+01 3.112453750000000241e+02
-1.999565664085420451e+02  0.000000000000000000e+00   3.998262846680555958e+04  4.229804976859197663e-10 1.582070312499999964e+01 3.117095937500000105e+02
-1.999565571575382137e+02  0.000000000000000000e+00   3.998262476726684690e+04  4.244594719342966879e-10 1.575795312500000023e+01 3.098756562500000200e+02
-1.999565578907910322e+02  0.000000000000000000e+00   3.998262506041516463e+04  4.222309663943608910e-10 1.582796875000000014e+01 3.117703124999999886e+02
-1.999565209185557535e+02  0.000000000000000000e+00   3.998261027468404791e+04  4.209636453894573800e-10 1.584323437499999976e+01 3.119903437500000223e+02
-1.999565603102199987e+02  0.000000000000000000e+00   3.998262602786604111e+04  4.194670745792527185e-10 1.581781250000000050e+01 3.118096249999999827e+02
-1.999565381268342037e+02  0.000000000000000000e+00   3.998261715648796235e+04  4.206793232614763332e-10 1.584420312499999994e+01 3.123253437500000018e+02
-1.999565638565163113e+02  0.000000000000000000e+00   3.998262744622157334e+04  4.230958825196109298e-10 1.579034374999999990e+01 3.105266874999999800e+02
